# Cross sections for c-C3H2
# From the Leiden database for photodissociation and photoionization of astrophysically relevant molecules, http://home.strw.leidenuniv.nl/~ewine/photo/
# Converted from earlier Leiden database cross sections by Alan Heays 2016-02-24
# Photodissociation source: c-C3H2 van Hemert & van Dishoeck 2007
# Lines represented with gaussian of width 1.0 nm FWHM
# wavelength: (nm)
# photoabsorption:    cross section (cm2)
# photodissociation:  cross section (cm2)
# This version has been resampled to a uniform 0.1nm grid while maintaining a constant integrated cross section (using trapezoidal integration).
# wavelength photoabsorption photodissociation
9.120000e+01 5.000000e-20 5.000000e-20
9.130000e+01 5.000000e-20 5.000000e-20
9.140000e+01 5.000000e-20 5.000000e-20
9.150000e+01 5.000000e-20 5.000000e-20
9.160000e+01 5.000000e-20 5.000000e-20
9.170000e+01 5.000000e-20 5.000000e-20
9.180000e+01 5.000000e-20 5.000000e-20
9.190000e+01 5.000000e-20 5.000000e-20
9.200000e+01 5.000000e-20 5.000000e-20
9.210000e+01 5.000000e-20 5.000000e-20
9.220000e+01 5.000000e-20 5.000000e-20
9.230000e+01 5.000000e-20 5.000000e-20
9.240000e+01 5.000000e-20 5.000000e-20
9.250000e+01 5.000000e-20 5.000000e-20
9.260000e+01 5.000000e-20 5.000000e-20
9.270000e+01 5.000000e-20 5.000000e-20
9.280000e+01 5.000000e-20 5.000000e-20
9.290000e+01 5.000000e-20 5.000000e-20
9.300000e+01 5.000000e-20 5.000000e-20
9.310000e+01 5.000000e-20 5.000000e-20
9.320000e+01 5.000000e-20 5.000000e-20
9.330000e+01 5.000000e-20 5.000000e-20
9.340000e+01 5.000000e-20 5.000000e-20
9.350000e+01 5.000000e-20 5.000000e-20
9.360000e+01 5.000000e-20 5.000000e-20
9.370000e+01 5.000000e-20 5.000000e-20
9.380000e+01 5.000000e-20 5.000000e-20
9.390000e+01 5.000000e-20 5.000000e-20
9.400000e+01 5.000000e-20 5.000000e-20
9.410000e+01 5.000000e-20 5.000000e-20
9.420000e+01 5.000000e-20 5.000000e-20
9.430000e+01 5.000000e-20 5.000000e-20
9.440000e+01 5.000000e-20 5.000000e-20
9.450000e+01 5.000000e-20 5.000000e-20
9.460000e+01 5.000000e-20 5.000000e-20
9.470000e+01 5.000000e-20 5.000000e-20
9.480000e+01 5.000000e-20 5.000000e-20
9.490000e+01 5.000000e-20 5.000000e-20
9.500000e+01 5.000000e-20 5.000000e-20
9.510000e+01 5.000000e-20 5.000000e-20
9.520000e+01 5.000000e-20 5.000000e-20
9.530000e+01 5.000000e-20 5.000000e-20
9.540000e+01 5.000000e-20 5.000000e-20
9.550000e+01 5.000000e-20 5.000000e-20
9.560000e+01 5.000000e-20 5.000000e-20
9.570000e+01 5.000000e-20 5.000000e-20
9.580000e+01 5.000000e-20 5.000000e-20
9.590000e+01 5.000000e-20 5.000000e-20
9.600000e+01 5.000000e-20 5.000000e-20
9.610000e+01 5.000000e-20 5.000000e-20
9.620000e+01 5.000000e-20 5.000000e-20
9.630000e+01 5.000000e-20 5.000000e-20
9.640000e+01 5.000000e-20 5.000000e-20
9.650000e+01 5.000000e-20 5.000000e-20
9.660000e+01 5.000000e-20 5.000000e-20
9.670000e+01 5.000000e-20 5.000000e-20
9.680000e+01 5.000000e-20 5.000000e-20
9.690000e+01 5.000000e-20 5.000000e-20
9.700000e+01 5.000000e-20 5.000000e-20
9.710000e+01 5.000000e-20 5.000000e-20
9.720000e+01 5.000000e-20 5.000000e-20
9.730000e+01 5.000000e-20 5.000000e-20
9.740000e+01 5.000000e-20 5.000000e-20
9.750000e+01 5.000000e-20 5.000000e-20
9.760000e+01 5.000000e-20 5.000000e-20
9.770000e+01 5.000000e-20 5.000000e-20
9.780000e+01 5.000000e-20 5.000000e-20
9.790000e+01 5.000000e-20 5.000000e-20
9.800000e+01 5.000000e-20 5.000000e-20
9.810000e+01 5.000000e-20 5.000000e-20
9.820000e+01 5.000000e-20 5.000000e-20
9.830000e+01 5.000000e-20 5.000000e-20
9.840000e+01 5.000000e-20 5.000000e-20
9.850000e+01 5.000000e-20 5.000000e-20
9.860000e+01 5.000000e-20 5.000000e-20
9.870000e+01 5.000000e-20 5.000000e-20
9.880000e+01 5.000000e-20 5.000000e-20
9.890000e+01 5.000000e-20 5.000000e-20
9.900000e+01 5.000000e-20 5.000000e-20
9.910000e+01 5.000000e-20 5.000000e-20
9.920000e+01 5.000000e-20 5.000000e-20
9.930000e+01 5.000000e-20 5.000000e-20
9.940000e+01 5.000000e-20 5.000000e-20
9.950000e+01 5.000000e-20 5.000000e-20
9.960000e+01 5.000000e-20 5.000000e-20
9.970000e+01 5.000000e-20 5.000000e-20
9.980000e+01 5.000000e-20 5.000000e-20
9.990000e+01 5.000000e-20 5.000000e-20
1.000000e+02 5.000000e-20 5.000000e-20
1.001000e+02 5.000000e-20 5.000000e-20
1.002000e+02 5.000000e-20 5.000000e-20
1.003000e+02 5.000000e-20 5.000000e-20
1.004000e+02 5.000000e-20 5.000000e-20
1.005000e+02 5.000000e-20 5.000000e-20
1.006000e+02 5.000000e-20 5.000000e-20
1.007000e+02 5.000000e-20 5.000000e-20
1.008000e+02 5.000000e-20 5.000000e-20
1.009000e+02 5.000000e-20 5.000000e-20
1.010000e+02 5.000000e-20 5.000000e-20
1.011000e+02 5.000000e-20 5.000000e-20
1.012000e+02 5.000000e-20 5.000000e-20
1.013000e+02 5.000000e-20 5.000000e-20
1.014000e+02 5.000000e-20 5.000000e-20
1.015000e+02 5.000000e-20 5.000000e-20
1.016000e+02 5.000000e-20 5.000000e-20
1.017000e+02 5.000000e-20 5.000000e-20
1.018000e+02 5.000000e-20 5.000000e-20
1.019000e+02 5.000000e-20 5.000000e-20
1.020000e+02 5.000000e-20 5.000000e-20
1.021000e+02 5.000000e-20 5.000000e-20
1.022000e+02 5.000000e-20 5.000000e-20
1.023000e+02 5.000000e-20 5.000000e-20
1.024000e+02 5.000000e-20 5.000000e-20
1.025000e+02 5.000000e-20 5.000000e-20
1.026000e+02 5.000000e-20 5.000000e-20
1.027000e+02 5.000000e-20 5.000000e-20
1.028000e+02 5.000000e-20 5.000000e-20
1.029000e+02 5.000000e-20 5.000000e-20
1.030000e+02 5.000000e-20 5.000000e-20
1.031000e+02 5.000000e-20 5.000000e-20
1.032000e+02 5.000000e-20 5.000000e-20
1.033000e+02 5.000000e-20 5.000000e-20
1.034000e+02 5.000000e-20 5.000000e-20
1.035000e+02 5.000000e-20 5.000000e-20
1.036000e+02 5.000000e-20 5.000000e-20
1.037000e+02 5.000000e-20 5.000000e-20
1.038000e+02 5.000000e-20 5.000000e-20
1.039000e+02 5.000000e-20 5.000000e-20
1.040000e+02 5.000000e-20 5.000000e-20
1.041000e+02 5.000000e-20 5.000000e-20
1.042000e+02 5.000000e-20 5.000000e-20
1.043000e+02 5.000000e-20 5.000000e-20
1.044000e+02 5.000000e-20 5.000000e-20
1.045000e+02 5.000000e-20 5.000000e-20
1.046000e+02 5.000000e-20 5.000000e-20
1.047000e+02 5.000000e-20 5.000000e-20
1.048000e+02 5.000000e-20 5.000000e-20
1.049000e+02 5.000000e-20 5.000000e-20
1.050000e+02 5.000000e-20 5.000000e-20
1.051000e+02 5.000000e-20 5.000000e-20
1.052000e+02 5.000000e-20 5.000000e-20
1.053000e+02 5.000000e-20 5.000000e-20
1.054000e+02 5.000000e-20 5.000000e-20
1.055000e+02 5.000000e-20 5.000000e-20
1.056000e+02 5.000000e-20 5.000000e-20
1.057000e+02 5.000000e-20 5.000000e-20
1.058000e+02 5.000000e-20 5.000000e-20
1.059000e+02 5.000000e-20 5.000000e-20
1.060000e+02 5.000000e-20 5.000000e-20
1.061000e+02 5.000000e-20 5.000000e-20
1.062000e+02 5.000000e-20 5.000000e-20
1.063000e+02 5.000000e-20 5.000000e-20
1.064000e+02 5.000000e-20 5.000000e-20
1.065000e+02 5.000000e-20 5.000000e-20
1.066000e+02 5.000000e-20 5.000000e-20
1.067000e+02 5.000000e-20 5.000000e-20
1.068000e+02 5.000000e-20 5.000000e-20
1.069000e+02 5.000000e-20 5.000000e-20
1.070000e+02 5.000000e-20 5.000000e-20
1.071000e+02 5.000000e-20 5.000000e-20
1.072000e+02 5.000000e-20 5.000000e-20
1.073000e+02 5.000000e-20 5.000000e-20
1.074000e+02 5.000000e-20 5.000000e-20
1.075000e+02 5.000000e-20 5.000000e-20
1.076000e+02 5.000000e-20 5.000000e-20
1.077000e+02 5.000000e-20 5.000000e-20
1.078000e+02 5.000000e-20 5.000000e-20
1.079000e+02 5.000000e-20 5.000000e-20
1.080000e+02 5.000000e-20 5.000000e-20
1.081000e+02 5.000000e-20 5.000000e-20
1.082000e+02 5.000000e-20 5.000000e-20
1.083000e+02 5.000000e-20 5.000000e-20
1.084000e+02 5.000000e-20 5.000000e-20
1.085000e+02 5.000000e-20 5.000000e-20
1.086000e+02 5.000000e-20 5.000000e-20
1.087000e+02 5.000000e-20 5.000000e-20
1.088000e+02 5.000000e-20 5.000000e-20
1.089000e+02 5.000000e-20 5.000000e-20
1.090000e+02 5.000000e-20 5.000000e-20
1.091000e+02 5.000000e-20 5.000000e-20
1.092000e+02 5.000000e-20 5.000000e-20
1.093000e+02 5.000000e-20 5.000000e-20
1.094000e+02 5.000000e-20 5.000000e-20
1.095000e+02 5.000000e-20 5.000000e-20
1.096000e+02 5.000000e-20 5.000000e-20
1.097000e+02 5.000000e-20 5.000000e-20
1.098000e+02 5.000000e-20 5.000000e-20
1.099000e+02 5.000000e-20 5.000000e-20
1.100000e+02 5.000000e-20 5.000000e-20
1.101000e+02 5.000000e-20 5.000000e-20
1.102000e+02 5.000000e-20 5.000000e-20
1.103000e+02 5.000000e-20 5.000000e-20
1.104000e+02 5.000000e-20 5.000000e-20
1.105000e+02 5.000000e-20 5.000000e-20
1.106000e+02 5.000000e-20 5.000000e-20
1.107000e+02 5.000000e-20 5.000000e-20
1.108000e+02 5.000000e-20 5.000000e-20
1.109000e+02 5.000000e-20 5.000000e-20
1.110000e+02 5.000000e-20 5.000000e-20
1.111000e+02 5.000000e-20 5.000000e-20
1.112000e+02 5.000000e-20 5.000000e-20
1.113000e+02 5.000000e-20 5.000000e-20
1.114000e+02 5.000000e-20 5.000000e-20
1.115000e+02 5.000000e-20 5.000000e-20
1.116000e+02 5.000000e-20 5.000000e-20
1.117000e+02 5.000000e-20 5.000000e-20
1.118000e+02 5.000000e-20 5.000000e-20
1.119000e+02 5.000000e-20 5.000000e-20
1.120000e+02 5.000000e-20 5.000000e-20
1.121000e+02 5.000000e-20 5.000000e-20
1.122000e+02 5.000000e-20 5.000000e-20
1.123000e+02 5.000000e-20 5.000000e-20
1.124000e+02 5.000000e-20 5.000000e-20
1.125000e+02 5.000000e-20 5.000000e-20
1.126000e+02 5.000000e-20 5.000000e-20
1.127000e+02 5.000000e-20 5.000000e-20
1.128000e+02 5.000000e-20 5.000000e-20
1.129000e+02 5.000000e-20 5.000000e-20
1.130000e+02 5.000000e-20 5.000000e-20
1.131000e+02 5.000000e-20 5.000000e-20
1.132000e+02 5.000000e-20 5.000000e-20
1.133000e+02 5.000000e-20 5.000000e-20
1.134000e+02 5.000000e-20 5.000000e-20
1.135000e+02 5.000000e-20 5.000000e-20
1.136000e+02 5.000000e-20 5.000000e-20
1.137000e+02 5.000000e-20 5.000000e-20
1.138000e+02 5.000000e-20 5.000000e-20
1.139000e+02 5.000000e-20 5.000000e-20
1.140000e+02 5.000000e-20 5.000000e-20
1.141000e+02 5.000000e-20 5.000000e-20
1.142000e+02 5.000000e-20 5.000000e-20
1.143000e+02 5.000000e-20 5.000000e-20
1.144000e+02 5.000000e-20 5.000000e-20
1.145000e+02 5.000000e-20 5.000000e-20
1.146000e+02 5.000000e-20 5.000000e-20
1.147000e+02 5.000000e-20 5.000000e-20
1.148000e+02 5.000000e-20 5.000000e-20
1.149000e+02 5.000000e-20 5.000000e-20
1.150000e+02 5.000000e-20 5.000000e-20
1.151000e+02 5.000000e-20 5.000000e-20
1.152000e+02 5.000000e-20 5.000000e-20
1.153000e+02 5.000000e-20 5.000000e-20
1.154000e+02 5.000000e-20 5.000000e-20
1.155000e+02 5.000000e-20 5.000000e-20
1.156000e+02 5.000000e-20 5.000000e-20
1.157000e+02 5.000000e-20 5.000000e-20
1.158000e+02 5.000000e-20 5.000000e-20
1.159000e+02 5.000000e-20 5.000000e-20
1.160000e+02 5.000000e-20 5.000000e-20
1.161000e+02 5.000000e-20 5.000000e-20
1.162000e+02 5.000000e-20 5.000000e-20
1.163000e+02 5.000000e-20 5.000000e-20
1.164000e+02 5.000000e-20 5.000000e-20
1.165000e+02 5.000000e-20 5.000000e-20
1.166000e+02 5.000000e-20 5.000000e-20
1.167000e+02 5.000000e-20 5.000000e-20
1.168000e+02 5.000000e-20 5.000000e-20
1.169000e+02 5.000000e-20 5.000000e-20
1.170000e+02 5.000000e-20 5.000000e-20
1.171000e+02 5.000000e-20 5.000000e-20
1.172000e+02 5.000000e-20 5.000000e-20
1.173000e+02 5.000000e-20 5.000000e-20
1.174000e+02 5.000000e-20 5.000000e-20
1.175000e+02 5.000000e-20 5.000000e-20
1.176000e+02 5.000000e-20 5.000000e-20
1.177000e+02 5.000000e-20 5.000000e-20
1.178000e+02 5.000000e-20 5.000000e-20
1.179000e+02 5.000000e-20 5.000000e-20
1.180000e+02 5.000000e-20 5.000000e-20
1.181000e+02 5.000000e-20 5.000000e-20
1.182000e+02 5.000000e-20 5.000000e-20
1.183000e+02 5.000000e-20 5.000000e-20
1.184000e+02 5.000000e-20 5.000000e-20
1.185000e+02 5.000000e-20 5.000000e-20
1.186000e+02 5.000000e-20 5.000000e-20
1.187000e+02 5.000000e-20 5.000000e-20
1.188000e+02 5.000000e-20 5.000000e-20
1.189000e+02 5.000000e-20 5.000000e-20
1.190000e+02 5.000000e-20 5.000000e-20
1.191000e+02 5.000000e-20 5.000000e-20
1.192000e+02 5.000000e-20 5.000000e-20
1.193000e+02 5.000000e-20 5.000000e-20
1.194000e+02 5.000000e-20 5.000000e-20
1.195000e+02 5.000000e-20 5.000000e-20
1.196000e+02 5.000000e-20 5.000000e-20
1.197000e+02 5.000000e-20 5.000000e-20
1.198000e+02 5.000000e-20 5.000000e-20
1.199000e+02 5.000000e-20 5.000000e-20
1.200000e+02 5.000000e-20 5.000000e-20
1.201000e+02 5.000000e-20 5.000000e-20
1.202000e+02 5.000000e-20 5.000000e-20
1.203000e+02 5.000000e-20 5.000000e-20
1.204000e+02 5.000000e-20 5.000000e-20
1.205000e+02 5.000000e-20 5.000000e-20
1.206000e+02 5.000000e-20 5.000000e-20
1.207000e+02 5.000000e-20 5.000000e-20
1.208000e+02 5.000000e-20 5.000000e-20
1.209000e+02 5.000000e-20 5.000000e-20
1.210000e+02 5.000000e-20 5.000000e-20
1.211000e+02 5.000000e-20 5.000000e-20
1.212000e+02 5.000000e-20 5.000000e-20
1.213000e+02 5.000000e-20 5.000000e-20
1.214000e+02 5.000000e-20 5.000000e-20
1.215000e+02 5.000000e-20 5.000000e-20
1.216000e+02 5.000000e-20 5.000000e-20
1.217000e+02 5.000000e-20 5.000000e-20
1.218000e+02 5.000000e-20 5.000000e-20
1.219000e+02 5.000000e-20 5.000000e-20
1.220000e+02 5.000000e-20 5.000000e-20
1.221000e+02 5.000000e-20 5.000000e-20
1.222000e+02 5.000000e-20 5.000000e-20
1.223000e+02 5.000000e-20 5.000000e-20
1.224000e+02 5.000000e-20 5.000000e-20
1.225000e+02 5.000000e-20 5.000000e-20
1.226000e+02 5.000000e-20 5.000000e-20
1.227000e+02 5.000000e-20 5.000000e-20
1.228000e+02 5.000000e-20 5.000000e-20
1.229000e+02 5.000000e-20 5.000000e-20
1.230000e+02 5.000000e-20 5.000000e-20
1.231000e+02 5.000000e-20 5.000000e-20
1.232000e+02 5.000000e-20 5.000000e-20
1.233000e+02 5.000000e-20 5.000000e-20
1.234000e+02 5.000000e-20 5.000000e-20
1.235000e+02 5.000000e-20 5.000000e-20
1.236000e+02 5.000000e-20 5.000000e-20
1.237000e+02 5.000000e-20 5.000000e-20
1.238000e+02 5.000000e-20 5.000000e-20
1.239000e+02 5.000000e-20 5.000000e-20
1.240000e+02 5.000000e-20 5.000000e-20
1.241000e+02 5.000000e-20 5.000000e-20
1.242000e+02 5.000000e-20 5.000000e-20
1.243000e+02 5.000000e-20 5.000000e-20
1.244000e+02 5.000000e-20 5.000000e-20
1.245000e+02 5.000000e-20 5.000000e-20
1.246000e+02 5.000000e-20 5.000000e-20
1.247000e+02 5.000000e-20 5.000000e-20
1.248000e+02 5.000000e-20 5.000000e-20
1.249000e+02 5.000000e-20 5.000000e-20
1.250000e+02 5.000000e-20 5.000000e-20
1.251000e+02 5.000000e-20 5.000000e-20
1.252000e+02 5.000000e-20 5.000000e-20
1.253000e+02 5.000000e-20 5.000000e-20
1.254000e+02 5.000000e-20 5.000000e-20
1.255000e+02 5.000000e-20 5.000000e-20
1.256000e+02 5.000000e-20 5.000000e-20
1.257000e+02 5.000000e-20 5.000000e-20
1.258000e+02 5.000000e-20 5.000000e-20
1.259000e+02 5.000000e-20 5.000000e-20
1.260000e+02 5.000000e-20 5.000000e-20
1.261000e+02 5.000000e-20 5.000000e-20
1.262000e+02 5.000000e-20 5.000000e-20
1.263000e+02 5.000000e-20 5.000000e-20
1.264000e+02 5.000000e-20 5.000000e-20
1.265000e+02 5.000000e-20 5.000000e-20
1.266000e+02 5.000000e-20 5.000000e-20
1.267000e+02 5.000000e-20 5.000000e-20
1.268000e+02 5.000000e-20 5.000000e-20
1.269000e+02 5.000000e-20 5.000000e-20
1.270000e+02 5.000000e-20 5.000000e-20
1.271000e+02 5.000000e-20 5.000000e-20
1.272000e+02 5.000000e-20 5.000000e-20
1.273000e+02 5.000000e-20 5.000000e-20
1.274000e+02 5.000000e-20 5.000000e-20
1.275000e+02 5.000000e-20 5.000000e-20
1.276000e+02 5.000000e-20 5.000000e-20
1.277000e+02 5.000000e-20 5.000000e-20
1.278000e+02 5.000000e-20 5.000000e-20
1.279000e+02 5.000000e-20 5.000000e-20
1.280000e+02 5.000000e-20 5.000000e-20
1.281000e+02 5.000000e-20 5.000000e-20
1.282000e+02 5.000000e-20 5.000000e-20
1.283000e+02 5.000000e-20 5.000000e-20
1.284000e+02 5.000000e-20 5.000000e-20
1.285000e+02 5.000000e-20 5.000000e-20
1.286000e+02 5.000000e-20 5.000000e-20
1.287000e+02 5.000000e-20 5.000000e-20
1.288000e+02 5.000000e-20 5.000000e-20
1.289000e+02 5.000000e-20 5.000000e-20
1.290000e+02 5.000000e-20 5.000000e-20
1.291000e+02 5.000000e-20 5.000000e-20
1.292000e+02 5.000000e-20 5.000000e-20
1.293000e+02 5.000000e-20 5.000000e-20
1.294000e+02 5.000000e-20 5.000000e-20
1.295000e+02 5.000000e-20 5.000000e-20
1.296000e+02 5.000000e-20 5.000000e-20
1.297000e+02 5.000000e-20 5.000000e-20
1.298000e+02 5.000000e-20 5.000000e-20
1.299000e+02 5.000000e-20 5.000000e-20
1.300000e+02 5.000000e-20 5.000000e-20
1.301000e+02 5.000000e-20 5.000000e-20
1.302000e+02 5.000000e-20 5.000000e-20
1.303000e+02 5.000000e-20 5.000000e-20
1.304000e+02 5.000000e-20 5.000000e-20
1.305000e+02 5.000000e-20 5.000000e-20
1.306000e+02 5.000000e-20 5.000000e-20
1.307000e+02 5.000000e-20 5.000000e-20
1.308000e+02 5.000000e-20 5.000000e-20
1.309000e+02 5.000000e-20 5.000000e-20
1.310000e+02 5.000000e-20 5.000000e-20
1.311000e+02 5.000000e-20 5.000000e-20
1.312000e+02 5.000000e-20 5.000000e-20
1.313000e+02 5.000000e-20 5.000000e-20
1.314000e+02 5.000000e-20 5.000000e-20
1.315000e+02 5.000000e-20 5.000000e-20
1.316000e+02 5.000000e-20 5.000000e-20
1.317000e+02 5.000000e-20 5.000000e-20
1.318000e+02 5.000000e-20 5.000000e-20
1.319000e+02 5.000000e-20 5.000000e-20
1.320000e+02 5.000000e-20 5.000000e-20
1.321000e+02 5.000000e-20 5.000000e-20
1.322000e+02 5.000000e-20 5.000000e-20
1.323000e+02 5.000000e-20 5.000000e-20
1.324000e+02 5.000000e-20 5.000000e-20
1.325000e+02 5.000000e-20 5.000000e-20
1.326000e+02 5.000000e-20 5.000000e-20
1.327000e+02 5.000000e-20 5.000000e-20
1.328000e+02 5.000000e-20 5.000000e-20
1.329000e+02 5.000000e-20 5.000000e-20
1.330000e+02 5.000000e-20 5.000000e-20
1.331000e+02 5.000000e-20 5.000000e-20
1.332000e+02 5.000000e-20 5.000000e-20
1.333000e+02 5.000000e-20 5.000000e-20
1.334000e+02 5.000000e-20 5.000000e-20
1.335000e+02 5.000000e-20 5.000000e-20
1.336000e+02 5.000000e-20 5.000000e-20
1.337000e+02 5.000000e-20 5.000000e-20
1.338000e+02 5.000000e-20 5.000000e-20
1.339000e+02 5.000000e-20 5.000000e-20
1.340000e+02 5.000000e-20 5.000000e-20
1.341000e+02 5.000000e-20 5.000000e-20
1.342000e+02 5.000000e-20 5.000000e-20
1.343000e+02 5.000000e-20 5.000000e-20
1.344000e+02 5.000000e-20 5.000000e-20
1.345000e+02 5.000000e-20 5.000000e-20
1.346000e+02 5.000000e-20 5.000000e-20
1.347000e+02 5.000000e-20 5.000000e-20
1.348000e+02 5.000000e-20 5.000000e-20
1.349000e+02 5.000000e-20 5.000000e-20
1.350000e+02 5.000000e-20 5.000000e-20
1.351000e+02 5.000000e-20 5.000000e-20
1.352000e+02 5.000000e-20 5.000000e-20
1.353000e+02 5.000000e-20 5.000000e-20
1.354000e+02 5.000000e-20 5.000000e-20
1.355000e+02 5.000000e-20 5.000000e-20
1.356000e+02 5.000000e-20 5.000000e-20
1.357000e+02 5.000000e-20 5.000000e-20
1.358000e+02 5.000000e-20 5.000000e-20
1.359000e+02 5.000000e-20 5.000000e-20
1.360000e+02 8.260436e-20 8.260436e-20
1.361000e+02 1.919231e-19 1.919231e-19
1.362000e+02 4.299650e-19 4.299650e-19
1.363000e+02 9.114164e-19 9.114164e-19
1.364000e+02 1.828023e-18 1.828023e-18
1.365000e+02 3.469210e-18 3.469210e-18
1.366000e+02 6.229699e-18 6.229699e-18
1.367000e+02 1.058509e-17 1.058509e-17
1.368000e+02 1.701833e-17 1.701833e-17
1.369000e+02 2.589036e-17 2.589036e-17
1.370000e+02 3.727019e-17 3.727019e-17
1.371000e+02 5.076822e-17 5.076822e-17
1.372000e+02 6.543850e-17 6.543850e-17
1.373000e+02 7.981605e-17 7.981605e-17
1.374000e+02 9.212285e-17 9.212285e-17
1.375000e+02 1.006166e-16 1.006166e-16
1.376000e+02 1.039924e-16 1.039924e-16
1.377000e+02 1.017112e-16 1.017112e-16
1.378000e+02 9.414052e-17 9.414052e-17
1.379000e+02 8.245753e-17 8.245753e-17
1.380000e+02 6.834956e-17 6.834956e-17
1.381000e+02 5.361652e-17 5.361652e-17
1.382000e+02 3.980384e-17 3.980384e-17
1.383000e+02 2.796539e-17 2.796539e-17
1.384000e+02 1.859486e-17 1.859486e-17
1.385000e+02 1.170165e-17 1.170165e-17
1.386000e+02 6.969318e-18 6.969318e-18
1.387000e+02 3.928521e-18 3.928521e-18
1.388000e+02 2.095898e-18 2.095898e-18
1.389000e+02 1.058329e-18 1.058329e-18
1.390000e+02 5.058100e-19 5.058100e-19
1.391000e+02 2.288113e-19 2.288113e-19
1.392000e+02 9.797107e-20 9.797107e-20
1.393000e+02 5.362271e-20 5.362271e-20
1.394000e+02 5.000000e-20 5.000000e-20
1.395000e+02 5.000000e-20 5.000000e-20
1.396000e+02 5.000000e-20 5.000000e-20
1.397000e+02 5.000000e-20 5.000000e-20
1.398000e+02 5.000000e-20 5.000000e-20
1.399000e+02 5.000000e-20 5.000000e-20
1.400000e+02 5.000000e-20 5.000000e-20
1.401000e+02 5.000000e-20 5.000000e-20
1.402000e+02 5.000000e-20 5.000000e-20
1.403000e+02 5.000000e-20 5.000000e-20
1.404000e+02 5.000000e-20 5.000000e-20
1.405000e+02 5.000000e-20 5.000000e-20
1.406000e+02 5.000000e-20 5.000000e-20
1.407000e+02 5.000000e-20 5.000000e-20
1.408000e+02 5.000000e-20 5.000000e-20
1.409000e+02 5.000000e-20 5.000000e-20
1.410000e+02 5.000000e-20 5.000000e-20
1.411000e+02 5.000000e-20 5.000000e-20
1.412000e+02 5.000000e-20 5.000000e-20
1.413000e+02 5.000000e-20 5.000000e-20
1.414000e+02 5.000000e-20 5.000000e-20
1.415000e+02 5.000000e-20 5.000000e-20
1.416000e+02 5.000000e-20 5.000000e-20
1.417000e+02 5.000000e-20 5.000000e-20
1.418000e+02 5.000000e-20 5.000000e-20
1.419000e+02 5.000000e-20 5.000000e-20
1.420000e+02 5.000000e-20 5.000000e-20
1.421000e+02 5.000000e-20 5.000000e-20
1.422000e+02 5.972775e-20 5.972775e-20
1.423000e+02 1.099801e-19 1.099801e-19
1.424000e+02 2.265785e-19 2.265785e-19
1.425000e+02 4.420041e-19 4.420041e-19
1.426000e+02 8.165333e-19 8.165333e-19
1.427000e+02 1.428652e-18 1.428652e-18
1.428000e+02 2.368080e-18 2.368080e-18
1.429000e+02 3.720310e-18 3.720310e-18
1.430000e+02 5.543845e-18 5.543845e-18
1.431000e+02 7.846332e-18 7.846332e-18
1.432000e+02 1.057099e-17 1.057099e-17
1.433000e+02 1.360705e-17 1.360705e-17
1.434000e+02 1.683390e-17 1.683390e-17
1.435000e+02 2.019699e-17 2.019699e-17
1.436000e+02 2.379598e-17 2.379598e-17
1.437000e+02 2.794872e-17 2.794872e-17
1.438000e+02 3.318790e-17 3.318790e-17
1.439000e+02 4.015798e-17 4.015798e-17
1.440000e+02 4.941073e-17 4.941073e-17
1.441000e+02 6.114189e-17 6.114189e-17
1.442000e+02 7.495231e-17 7.495231e-17
1.443000e+02 8.973403e-17 8.973403e-17
1.444000e+02 1.037598e-16 1.037598e-16
1.445000e+02 1.149918e-16 1.149918e-16
1.446000e+02 1.215422e-16 1.215422e-16
1.447000e+02 1.221489e-16 1.221489e-16
1.448000e+02 1.165091e-16 1.165091e-16
1.449000e+02 1.053579e-16 1.053579e-16
1.450000e+02 9.026763e-17 9.026763e-17
1.451000e+02 7.324704e-17 7.324704e-17
1.452000e+02 5.627849e-17 5.627849e-17
1.453000e+02 4.093820e-17 4.093820e-17
1.454000e+02 2.819106e-17 2.819106e-17
1.455000e+02 1.837661e-17 1.837661e-17
1.456000e+02 1.133896e-17 1.133896e-17
1.457000e+02 6.622505e-18 6.622505e-18
1.458000e+02 3.661016e-18 3.661016e-18
1.459000e+02 1.915589e-18 1.915589e-18
1.460000e+02 9.486723e-19 9.486723e-19
1.461000e+02 4.446679e-19 4.446679e-19
1.462000e+02 1.972667e-19 1.972667e-19
1.463000e+02 8.569075e-20 8.569075e-20
1.464000e+02 5.000000e-20 5.000000e-20
1.465000e+02 5.000000e-20 5.000000e-20
1.466000e+02 5.000000e-20 5.000000e-20
1.467000e+02 5.000000e-20 5.000000e-20
1.468000e+02 5.000000e-20 5.000000e-20
1.469000e+02 5.000000e-20 5.000000e-20
1.470000e+02 5.000000e-20 5.000000e-20
1.471000e+02 5.000000e-20 5.000000e-20
1.472000e+02 5.000000e-20 5.000000e-20
1.473000e+02 5.000000e-20 5.000000e-20
1.474000e+02 5.000000e-20 5.000000e-20
1.475000e+02 5.000000e-20 5.000000e-20
1.476000e+02 5.000000e-20 5.000000e-20
1.477000e+02 5.000000e-20 5.000000e-20
1.478000e+02 5.000000e-20 5.000000e-20
1.479000e+02 5.000000e-20 5.000000e-20
1.480000e+02 5.000000e-20 5.000000e-20
1.481000e+02 6.398659e-20 6.398659e-20
1.482000e+02 1.285912e-19 1.285912e-19
1.483000e+02 2.635150e-19 2.635150e-19
1.484000e+02 5.113463e-19 5.113463e-19
1.485000e+02 9.396603e-19 9.396603e-19
1.486000e+02 1.635376e-18 1.635376e-18
1.487000e+02 2.696017e-18 2.696017e-18
1.488000e+02 4.211003e-18 4.211003e-18
1.489000e+02 6.233825e-18 6.233825e-18
1.490000e+02 8.750803e-18 8.750803e-18
1.491000e+02 1.165696e-17 1.165696e-17
1.492000e+02 1.475130e-17 1.475130e-17
1.493000e+02 1.776018e-17 1.776018e-17
1.494000e+02 2.038784e-17 2.038784e-17
1.495000e+02 2.238113e-17 2.238113e-17
1.496000e+02 2.358673e-17 2.358673e-17
1.497000e+02 2.397930e-17 2.397930e-17
1.498000e+02 2.364940e-17 2.364940e-17
1.499000e+02 2.275722e-17 2.275722e-17
1.500000e+02 2.147244e-17 2.147244e-17
1.501000e+02 1.992583e-17 1.992583e-17
1.502000e+02 1.819058e-17 1.819058e-17
1.503000e+02 1.629558e-17 1.629558e-17
1.504000e+02 1.425807e-17 1.425807e-17
1.505000e+02 1.211557e-17 1.211557e-17
1.506000e+02 9.941365e-18 9.941365e-18
1.507000e+02 7.837860e-18 7.837860e-18
1.508000e+02 5.914231e-18 5.914231e-18
1.509000e+02 4.260523e-18 4.260523e-18
1.510000e+02 2.929809e-18 2.929809e-18
1.511000e+02 1.934225e-18 1.934225e-18
1.512000e+02 1.253983e-18 1.253983e-18
1.513000e+02 8.539097e-19 8.539097e-19
1.514000e+02 7.008190e-19 7.008190e-19
1.515000e+02 7.762992e-19 7.762992e-19
1.516000e+02 1.081817e-18 1.081817e-18
1.517000e+02 1.635225e-18 1.635225e-18
1.518000e+02 2.459543e-18 2.459543e-18
1.519000e+02 3.566452e-18 3.566452e-18
1.520000e+02 4.938524e-18 4.938524e-18
1.521000e+02 6.515335e-18 6.515335e-18
1.522000e+02 8.188666e-18 8.188666e-18
1.523000e+02 9.810195e-18 9.810195e-18
1.524000e+02 1.121163e-17 1.121163e-17
1.525000e+02 1.223321e-17 1.223321e-17
1.526000e+02 1.275341e-17 1.275341e-17
1.527000e+02 1.271198e-17 1.271198e-17
1.528000e+02 1.212049e-17 1.212049e-17
1.529000e+02 1.105810e-17 1.105810e-17
1.530000e+02 9.654496e-18 9.654496e-18
1.531000e+02 8.064968e-18 8.064968e-18
1.532000e+02 6.443744e-18 6.443744e-18
1.533000e+02 4.921439e-18 4.921439e-18
1.534000e+02 3.590496e-18 3.590496e-18
1.535000e+02 2.500180e-18 2.500180e-18
1.536000e+02 1.660217e-18 1.660217e-18
1.537000e+02 1.050397e-18 1.050397e-18
1.538000e+02 6.326531e-19 6.326531e-19
1.539000e+02 3.624528e-19 3.624528e-19
1.540000e+02 1.973743e-19 1.973743e-19
1.541000e+02 1.020927e-19 1.020927e-19
1.542000e+02 5.672649e-20 5.672649e-20
1.543000e+02 5.000000e-20 5.000000e-20
1.544000e+02 5.000000e-20 5.000000e-20
1.545000e+02 5.000000e-20 5.000000e-20
1.546000e+02 5.000000e-20 5.000000e-20
1.547000e+02 5.000000e-20 5.000000e-20
1.548000e+02 5.000000e-20 5.000000e-20
1.549000e+02 5.000000e-20 5.000000e-20
1.550000e+02 5.000000e-20 5.000000e-20
1.551000e+02 5.000000e-20 5.000000e-20
1.552000e+02 5.000000e-20 5.000000e-20
1.553000e+02 5.000000e-20 5.000000e-20
1.554000e+02 5.000000e-20 5.000000e-20
1.555000e+02 5.000000e-20 5.000000e-20
1.556000e+02 5.000000e-20 5.000000e-20
1.557000e+02 5.000000e-20 5.000000e-20
1.558000e+02 5.000000e-20 5.000000e-20
1.559000e+02 5.000000e-20 5.000000e-20
1.560000e+02 5.000000e-20 5.000000e-20
1.561000e+02 5.000000e-20 5.000000e-20
1.562000e+02 5.000000e-20 5.000000e-20
1.563000e+02 5.000000e-20 5.000000e-20
1.564000e+02 5.000000e-20 5.000000e-20
1.565000e+02 5.000000e-20 5.000000e-20
1.566000e+02 5.000000e-20 5.000000e-20
1.567000e+02 5.000000e-20 5.000000e-20
1.568000e+02 5.000000e-20 5.000000e-20
1.569000e+02 5.000000e-20 5.000000e-20
1.570000e+02 5.090929e-20 5.090929e-20
1.571000e+02 7.228006e-20 7.228006e-20
1.572000e+02 1.555426e-19 1.555426e-19
1.573000e+02 3.169062e-19 3.169062e-19
1.574000e+02 6.113095e-19 6.113095e-19
1.575000e+02 1.116449e-18 1.116449e-18
1.576000e+02 1.930465e-18 1.930465e-18
1.577000e+02 3.160292e-18 3.160292e-18
1.578000e+02 4.898146e-18 4.898146e-18
1.579000e+02 7.187402e-18 7.187402e-18
1.580000e+02 9.984898e-18 9.984898e-18
1.581000e+02 1.313235e-17 1.313235e-17
1.582000e+02 1.635172e-17 1.635172e-17
1.583000e+02 1.927533e-17 1.927533e-17
1.584000e+02 2.151056e-17 2.151056e-17
1.585000e+02 2.272519e-17 2.272519e-17
1.586000e+02 2.272811e-17 2.272811e-17
1.587000e+02 2.151853e-17 2.151853e-17
1.588000e+02 1.928631e-17 1.928631e-17
1.589000e+02 1.636312e-17 1.636312e-17
1.590000e+02 1.314186e-17 1.314186e-17
1.591000e+02 9.991121e-18 9.991121e-18
1.592000e+02 7.190044e-18 7.190044e-18
1.593000e+02 4.897806e-18 4.897806e-18
1.594000e+02 3.158038e-18 3.158038e-18
1.595000e+02 1.927399e-18 1.927399e-18
1.596000e+02 1.113416e-18 1.113416e-18
1.597000e+02 6.087897e-19 6.087897e-19
1.598000e+02 3.150609e-19 3.150609e-19
1.599000e+02 1.543235e-19 1.543235e-19
1.600000e+02 7.513736e-20 7.513736e-20
1.601000e+02 5.000000e-20 5.000000e-20
1.602000e+02 5.000000e-20 5.000000e-20
1.603000e+02 5.000000e-20 5.000000e-20
1.604000e+02 5.000000e-20 5.000000e-20
1.605000e+02 5.000000e-20 5.000000e-20
1.606000e+02 5.000000e-20 5.000000e-20
1.607000e+02 5.000000e-20 5.000000e-20
1.608000e+02 5.000000e-20 5.000000e-20
1.609000e+02 5.000000e-20 5.000000e-20
1.610000e+02 5.000000e-20 5.000000e-20
1.611000e+02 5.000000e-20 5.000000e-20
1.612000e+02 5.000000e-20 5.000000e-20
1.613000e+02 5.000000e-20 5.000000e-20
1.614000e+02 5.000000e-20 5.000000e-20
1.615000e+02 5.000000e-20 5.000000e-20
1.616000e+02 5.000000e-20 5.000000e-20
1.617000e+02 5.000000e-20 5.000000e-20
1.618000e+02 5.000000e-20 5.000000e-20
1.619000e+02 5.000000e-20 5.000000e-20
1.620000e+02 5.000000e-20 5.000000e-20
1.621000e+02 5.000000e-20 5.000000e-20
1.622000e+02 5.000000e-20 5.000000e-20
1.623000e+02 5.000000e-20 5.000000e-20
1.624000e+02 5.000000e-20 5.000000e-20
1.625000e+02 5.000000e-20 5.000000e-20
1.626000e+02 5.000000e-20 5.000000e-20
1.627000e+02 5.000000e-20 5.000000e-20
1.628000e+02 5.000000e-20 5.000000e-20
1.629000e+02 5.000000e-20 5.000000e-20
1.630000e+02 5.000000e-20 5.000000e-20
1.631000e+02 5.000000e-20 5.000000e-20
1.632000e+02 5.000000e-20 5.000000e-20
1.633000e+02 5.000000e-20 5.000000e-20
1.634000e+02 5.000000e-20 5.000000e-20
1.635000e+02 5.000000e-20 5.000000e-20
1.636000e+02 5.000000e-20 5.000000e-20
1.637000e+02 5.000000e-20 5.000000e-20
1.638000e+02 5.000000e-20 5.000000e-20
1.639000e+02 5.000000e-20 5.000000e-20
1.640000e+02 5.000000e-20 5.000000e-20
1.641000e+02 5.000000e-20 5.000000e-20
1.642000e+02 5.000000e-20 5.000000e-20
1.643000e+02 5.000000e-20 5.000000e-20
1.644000e+02 5.000000e-20 5.000000e-20
1.645000e+02 5.000000e-20 5.000000e-20
1.646000e+02 5.000000e-20 5.000000e-20
1.647000e+02 5.000000e-20 5.000000e-20
1.648000e+02 5.000000e-20 5.000000e-20
1.649000e+02 5.000000e-20 5.000000e-20
1.650000e+02 5.000000e-20 5.000000e-20
1.651000e+02 5.000000e-20 5.000000e-20
1.652000e+02 5.000000e-20 5.000000e-20
1.653000e+02 5.000000e-20 5.000000e-20
1.654000e+02 5.000000e-20 5.000000e-20
1.655000e+02 5.000000e-20 5.000000e-20
1.656000e+02 5.000000e-20 5.000000e-20
1.657000e+02 5.000000e-20 5.000000e-20
1.658000e+02 5.000000e-20 5.000000e-20
1.659000e+02 5.000000e-20 5.000000e-20
1.660000e+02 5.000000e-20 5.000000e-20
1.661000e+02 5.000000e-20 5.000000e-20
1.662000e+02 5.000000e-20 5.000000e-20
1.663000e+02 5.000000e-20 5.000000e-20
1.664000e+02 5.000000e-20 5.000000e-20
1.665000e+02 5.000000e-20 5.000000e-20
1.666000e+02 5.000000e-20 5.000000e-20
1.667000e+02 5.000000e-20 5.000000e-20
1.668000e+02 5.000000e-20 5.000000e-20
1.669000e+02 5.000000e-20 5.000000e-20
1.670000e+02 5.000000e-20 5.000000e-20
1.671000e+02 5.000000e-20 5.000000e-20
1.672000e+02 5.000000e-20 5.000000e-20
1.673000e+02 5.000000e-20 5.000000e-20
1.674000e+02 5.000000e-20 5.000000e-20
1.675000e+02 5.000000e-20 5.000000e-20
1.676000e+02 5.000000e-20 5.000000e-20
1.677000e+02 5.000000e-20 5.000000e-20
1.678000e+02 5.000000e-20 5.000000e-20
1.679000e+02 5.000000e-20 5.000000e-20
1.680000e+02 5.000000e-20 5.000000e-20
1.681000e+02 5.000000e-20 5.000000e-20
1.682000e+02 5.000000e-20 5.000000e-20
1.683000e+02 5.000000e-20 5.000000e-20
1.684000e+02 5.000000e-20 5.000000e-20
1.685000e+02 5.000000e-20 5.000000e-20
1.686000e+02 5.000000e-20 5.000000e-20
1.687000e+02 5.000000e-20 5.000000e-20
1.688000e+02 5.000000e-20 5.000000e-20
1.689000e+02 5.000000e-20 5.000000e-20
1.690000e+02 5.000000e-20 5.000000e-20
1.691000e+02 5.000000e-20 5.000000e-20
1.692000e+02 5.000000e-20 5.000000e-20
1.693000e+02 5.000000e-20 5.000000e-20
1.694000e+02 5.000000e-20 5.000000e-20
1.695000e+02 5.000000e-20 5.000000e-20
1.696000e+02 5.000000e-20 5.000000e-20
1.697000e+02 5.000000e-20 5.000000e-20
1.698000e+02 5.000000e-20 5.000000e-20
1.699000e+02 5.000000e-20 5.000000e-20
1.700000e+02 5.000000e-20 5.000000e-20
1.701000e+02 5.000000e-20 5.000000e-20
1.702000e+02 5.000000e-20 5.000000e-20
1.703000e+02 5.000000e-20 5.000000e-20
1.704000e+02 5.000000e-20 5.000000e-20
1.705000e+02 5.000000e-20 5.000000e-20
1.706000e+02 5.000000e-20 5.000000e-20
1.707000e+02 5.000000e-20 5.000000e-20
1.708000e+02 5.000000e-20 5.000000e-20
1.709000e+02 5.000000e-20 5.000000e-20
1.710000e+02 5.000000e-20 5.000000e-20
1.711000e+02 5.000000e-20 5.000000e-20
1.712000e+02 5.000000e-20 5.000000e-20
1.713000e+02 5.000000e-20 5.000000e-20
1.714000e+02 5.000000e-20 5.000000e-20
1.715000e+02 5.000000e-20 5.000000e-20
1.716000e+02 5.000000e-20 5.000000e-20
1.717000e+02 5.000000e-20 5.000000e-20
1.718000e+02 5.000000e-20 5.000000e-20
1.719000e+02 5.000000e-20 5.000000e-20
1.720000e+02 5.000000e-20 5.000000e-20
1.721000e+02 5.000000e-20 5.000000e-20
1.722000e+02 5.000000e-20 5.000000e-20
1.723000e+02 5.000000e-20 5.000000e-20
1.724000e+02 5.000000e-20 5.000000e-20
1.725000e+02 5.000000e-20 5.000000e-20
1.726000e+02 5.000000e-20 5.000000e-20
1.727000e+02 5.000000e-20 5.000000e-20
1.728000e+02 5.000000e-20 5.000000e-20
1.729000e+02 5.000000e-20 5.000000e-20
1.730000e+02 5.000000e-20 5.000000e-20
1.731000e+02 5.000000e-20 5.000000e-20
1.732000e+02 5.000000e-20 5.000000e-20
1.733000e+02 5.000000e-20 5.000000e-20
1.734000e+02 5.000000e-20 5.000000e-20
1.735000e+02 5.000000e-20 5.000000e-20
1.736000e+02 5.000000e-20 5.000000e-20
1.737000e+02 5.000000e-20 5.000000e-20
1.738000e+02 5.000000e-20 5.000000e-20
1.739000e+02 5.000000e-20 5.000000e-20
1.740000e+02 5.000000e-20 5.000000e-20
1.741000e+02 5.000000e-20 5.000000e-20
1.742000e+02 5.000000e-20 5.000000e-20
1.743000e+02 5.000000e-20 5.000000e-20
1.744000e+02 5.000000e-20 5.000000e-20
1.745000e+02 5.000000e-20 5.000000e-20
1.746000e+02 5.000000e-20 5.000000e-20
1.747000e+02 5.000000e-20 5.000000e-20
1.748000e+02 5.000000e-20 5.000000e-20
1.749000e+02 5.000000e-20 5.000000e-20
1.750000e+02 5.000000e-20 5.000000e-20
1.751000e+02 5.000000e-20 5.000000e-20
1.752000e+02 5.000000e-20 5.000000e-20
1.753000e+02 5.000000e-20 5.000000e-20
1.754000e+02 5.000000e-20 5.000000e-20
1.755000e+02 5.000000e-20 5.000000e-20
1.756000e+02 5.000000e-20 5.000000e-20
1.757000e+02 5.000000e-20 5.000000e-20
1.758000e+02 5.000000e-20 5.000000e-20
1.759000e+02 5.000000e-20 5.000000e-20
1.760000e+02 5.000000e-20 5.000000e-20
1.761000e+02 5.000000e-20 5.000000e-20
1.762000e+02 5.000000e-20 5.000000e-20
1.763000e+02 5.000000e-20 5.000000e-20
1.764000e+02 5.000000e-20 5.000000e-20
1.765000e+02 5.000000e-20 5.000000e-20
1.766000e+02 5.000000e-20 5.000000e-20
1.767000e+02 5.000000e-20 5.000000e-20
1.768000e+02 5.000000e-20 5.000000e-20
1.769000e+02 5.000000e-20 5.000000e-20
1.770000e+02 5.000000e-20 5.000000e-20
1.771000e+02 5.000000e-20 5.000000e-20
1.772000e+02 5.000000e-20 5.000000e-20
1.773000e+02 5.000000e-20 5.000000e-20
1.774000e+02 5.000000e-20 5.000000e-20
1.775000e+02 5.000000e-20 5.000000e-20
1.776000e+02 5.000000e-20 5.000000e-20
1.777000e+02 5.000000e-20 5.000000e-20
1.778000e+02 5.000000e-20 5.000000e-20
1.779000e+02 8.448533e-20 8.448533e-20
1.780000e+02 1.850496e-19 1.850496e-19
1.781000e+02 3.947910e-19 3.947910e-19
1.782000e+02 7.971706e-19 7.971706e-19
1.783000e+02 1.523516e-18 1.523516e-18
1.784000e+02 2.755887e-18 2.755887e-18
1.785000e+02 4.718476e-18 4.718476e-18
1.786000e+02 7.646725e-18 7.646725e-18
1.787000e+02 1.172979e-17 1.172979e-17
1.788000e+02 1.703157e-17 1.703157e-17
1.789000e+02 2.340882e-17 2.340882e-17
1.790000e+02 3.045651e-17 3.045651e-17
1.791000e+02 3.751320e-17 3.751320e-17
1.792000e+02 4.374674e-17 4.374674e-17
1.793000e+02 4.831531e-17 4.831531e-17
1.794000e+02 5.056791e-17 5.056791e-17
1.795000e+02 5.022856e-17 5.022856e-17
1.796000e+02 4.750976e-17 4.750976e-17
1.797000e+02 4.312452e-17 4.312452e-17
1.798000e+02 3.820169e-17 3.820169e-17
1.799000e+02 3.413670e-17 3.413670e-17
1.800000e+02 3.241563e-17 3.241563e-17
1.801000e+02 3.443414e-17 3.443414e-17
1.802000e+02 4.130832e-17 4.130832e-17
1.803000e+02 5.366439e-17 5.366439e-17
1.804000e+02 7.141278e-17 7.141278e-17
1.805000e+02 9.355397e-17 9.355397e-17
1.806000e+02 1.181053e-16 1.181053e-16
1.807000e+02 1.422447e-16 1.422447e-16
1.808000e+02 1.627174e-16 1.627174e-16
1.809000e+02 1.764553e-16 1.764553e-16
1.810000e+02 1.812543e-16 1.812543e-16
1.811000e+02 1.762991e-16 1.762991e-16
1.812000e+02 1.623535e-16 1.623535e-16
1.813000e+02 1.415475e-16 1.415475e-16
1.814000e+02 1.168331e-16 1.168331e-16
1.815000e+02 9.129616e-17 9.129616e-17
1.816000e+02 6.754070e-17 6.754070e-17
1.817000e+02 4.730517e-17 4.730517e-17
1.818000e+02 3.136791e-17 3.136791e-17
1.819000e+02 1.969247e-17 1.969247e-17
1.820000e+02 1.170457e-17 1.170457e-17
1.821000e+02 6.586503e-18 6.586503e-18
1.822000e+02 3.509139e-18 3.509139e-18
1.823000e+02 1.770086e-18 1.770086e-18
1.824000e+02 8.453533e-19 8.453533e-19
1.825000e+02 3.822372e-19 3.822372e-19
1.826000e+02 1.636360e-19 1.636360e-19
1.827000e+02 6.955926e-20 6.955926e-20
1.828000e+02 5.000000e-20 5.000000e-20
1.829000e+02 5.000000e-20 5.000000e-20
1.830000e+02 5.000000e-20 5.000000e-20
1.831000e+02 5.000000e-20 5.000000e-20
1.832000e+02 5.000000e-20 5.000000e-20
1.833000e+02 5.000000e-20 5.000000e-20
1.834000e+02 5.000000e-20 5.000000e-20
1.835000e+02 5.000000e-20 5.000000e-20
1.836000e+02 5.000000e-20 5.000000e-20
1.837000e+02 5.000000e-20 5.000000e-20
1.838000e+02 5.000000e-20 5.000000e-20
1.839000e+02 5.000000e-20 5.000000e-20
1.840000e+02 5.000000e-20 5.000000e-20
1.841000e+02 5.000000e-20 5.000000e-20
1.842000e+02 5.000000e-20 5.000000e-20
1.843000e+02 5.000000e-20 5.000000e-20
1.844000e+02 5.000000e-20 5.000000e-20
1.845000e+02 5.000000e-20 5.000000e-20
1.846000e+02 5.000000e-20 5.000000e-20
1.847000e+02 5.000000e-20 5.000000e-20
1.848000e+02 7.064783e-20 7.064783e-20
1.849000e+02 1.104817e-19 1.104817e-19
1.850000e+02 1.672129e-19 1.672129e-19
1.851000e+02 2.456419e-19 2.456419e-19
1.852000e+02 3.533047e-19 3.533047e-19
1.853000e+02 5.018542e-19 5.018542e-19
1.854000e+02 7.086878e-19 7.086878e-19
1.855000e+02 9.973393e-19 9.973393e-19
1.856000e+02 1.395126e-18 1.395126e-18
1.857000e+02 1.926890e-18 1.926890e-18
1.858000e+02 2.604962e-18 2.604962e-18
1.859000e+02 3.417478e-18 3.417478e-18
1.860000e+02 4.319174e-18 4.319174e-18
1.861000e+02 5.229511e-18 5.229511e-18
1.862000e+02 6.041580e-18 6.041580e-18
1.863000e+02 6.641713e-18 6.641713e-18
1.864000e+02 6.935196e-18 6.935196e-18
1.865000e+02 6.870215e-18 6.870215e-18
1.866000e+02 6.451828e-18 6.451828e-18
1.867000e+02 5.740962e-18 5.740962e-18
1.868000e+02 4.838855e-18 4.838855e-18
1.869000e+02 3.862542e-18 3.862542e-18
1.870000e+02 2.919613e-18 2.919613e-18
1.871000e+02 2.089621e-18 2.089621e-18
1.872000e+02 1.416059e-18 1.416059e-18
1.873000e+02 9.085665e-19 9.085665e-19
1.874000e+02 5.519345e-19 5.519345e-19
1.875000e+02 3.174470e-19 3.174470e-19
1.876000e+02 1.728649e-19 1.728649e-19
1.877000e+02 8.912388e-20 8.912388e-20
1.878000e+02 5.561955e-20 5.561955e-20
1.879000e+02 5.000000e-20 5.000000e-20
1.880000e+02 5.000000e-20 5.000000e-20
1.881000e+02 5.000000e-20 5.000000e-20
1.882000e+02 5.000000e-20 5.000000e-20
1.883000e+02 5.000000e-20 5.000000e-20
1.884000e+02 5.000000e-20 5.000000e-20
1.885000e+02 5.000000e-20 5.000000e-20
1.886000e+02 5.000000e-20 5.000000e-20
1.887000e+02 5.000000e-20 5.000000e-20
1.888000e+02 5.000000e-20 5.000000e-20
1.889000e+02 5.000000e-20 5.000000e-20
1.890000e+02 5.000000e-20 5.000000e-20
1.891000e+02 5.000000e-20 5.000000e-20
1.892000e+02 5.000000e-20 5.000000e-20
1.893000e+02 5.000000e-20 5.000000e-20
1.894000e+02 5.000000e-20 5.000000e-20
1.895000e+02 5.000000e-20 5.000000e-20
1.896000e+02 5.000000e-20 5.000000e-20
1.897000e+02 5.000000e-20 5.000000e-20
1.898000e+02 5.000000e-20 5.000000e-20
1.899000e+02 5.000000e-20 5.000000e-20
1.900000e+02 5.000000e-20 5.000000e-20
1.901000e+02 5.000000e-20 5.000000e-20
1.902000e+02 5.000000e-20 5.000000e-20
1.903000e+02 5.000000e-20 5.000000e-20
1.904000e+02 5.000000e-20 5.000000e-20
1.905000e+02 5.000000e-20 5.000000e-20
1.906000e+02 5.000000e-20 5.000000e-20
1.907000e+02 5.000000e-20 5.000000e-20
1.908000e+02 5.000000e-20 5.000000e-20
1.909000e+02 5.000000e-20 5.000000e-20
1.910000e+02 5.000000e-20 5.000000e-20
1.911000e+02 5.000000e-20 5.000000e-20
1.912000e+02 5.000000e-20 5.000000e-20
1.913000e+02 5.000000e-20 5.000000e-20
1.914000e+02 5.000000e-20 5.000000e-20
1.915000e+02 5.000000e-20 5.000000e-20
1.916000e+02 5.000000e-20 5.000000e-20
1.917000e+02 5.000000e-20 5.000000e-20
1.918000e+02 5.000000e-20 5.000000e-20
1.919000e+02 5.000000e-20 5.000000e-20
1.920000e+02 5.000000e-20 5.000000e-20
1.921000e+02 5.000000e-20 5.000000e-20
1.922000e+02 5.000000e-20 5.000000e-20
1.923000e+02 5.000000e-20 5.000000e-20
1.924000e+02 5.000000e-20 5.000000e-20
1.925000e+02 5.000000e-20 5.000000e-20
1.926000e+02 5.000000e-20 5.000000e-20
1.927000e+02 5.000000e-20 5.000000e-20
1.928000e+02 5.000000e-20 5.000000e-20
1.929000e+02 5.000000e-20 5.000000e-20
1.930000e+02 5.000000e-20 5.000000e-20
1.931000e+02 5.000000e-20 5.000000e-20
1.932000e+02 5.000000e-20 5.000000e-20
1.933000e+02 5.000000e-20 5.000000e-20
1.934000e+02 5.000000e-20 5.000000e-20
1.935000e+02 5.000000e-20 5.000000e-20
1.936000e+02 5.000000e-20 5.000000e-20
1.937000e+02 5.000000e-20 5.000000e-20
1.938000e+02 5.000000e-20 5.000000e-20
1.939000e+02 5.000000e-20 5.000000e-20
1.940000e+02 5.000000e-20 5.000000e-20
1.941000e+02 5.000000e-20 5.000000e-20
1.942000e+02 5.000000e-20 5.000000e-20
1.943000e+02 5.000000e-20 5.000000e-20
1.944000e+02 5.000000e-20 5.000000e-20
1.945000e+02 5.000000e-20 5.000000e-20
1.946000e+02 5.000000e-20 5.000000e-20
1.947000e+02 5.000000e-20 5.000000e-20
1.948000e+02 5.000000e-20 5.000000e-20
1.949000e+02 5.000000e-20 5.000000e-20
1.950000e+02 5.000000e-20 5.000000e-20
1.951000e+02 5.000000e-20 5.000000e-20
1.952000e+02 5.000000e-20 5.000000e-20
1.953000e+02 5.000000e-20 5.000000e-20
1.954000e+02 5.000000e-20 5.000000e-20
1.955000e+02 5.000000e-20 5.000000e-20
1.956000e+02 5.098989e-20 5.098989e-20
1.957000e+02 6.298799e-20 6.298799e-20
1.958000e+02 9.472962e-20 9.472962e-20
1.959000e+02 1.348310e-19 1.348310e-19
1.960000e+02 1.816199e-19 1.816199e-19
1.961000e+02 2.315264e-19 2.315264e-19
1.962000e+02 2.793156e-19 2.793156e-19
1.963000e+02 3.188904e-19 3.188904e-19
1.964000e+02 3.445353e-19 3.445353e-19
1.965000e+02 3.522625e-19 3.522625e-19
1.966000e+02 3.408273e-19 3.408273e-19
1.967000e+02 3.120558e-19 3.120558e-19
1.968000e+02 2.703679e-19 2.703679e-19
1.969000e+02 2.216655e-19 2.216655e-19
1.970000e+02 1.719716e-19 1.719716e-19
1.971000e+02 1.262486e-19 1.262486e-19
1.972000e+02 8.770067e-20 8.770067e-20
1.973000e+02 5.890901e-20 5.890901e-20
1.974000e+02 5.000000e-20 5.000000e-20
1.975000e+02 5.000000e-20 5.000000e-20
1.976000e+02 5.000000e-20 5.000000e-20
1.977000e+02 5.000000e-20 5.000000e-20
1.978000e+02 5.000000e-20 5.000000e-20
1.979000e+02 5.000000e-20 5.000000e-20
1.980000e+02 5.000000e-20 5.000000e-20
1.981000e+02 5.000000e-20 5.000000e-20
1.982000e+02 5.000000e-20 5.000000e-20
1.983000e+02 5.000000e-20 5.000000e-20
1.984000e+02 5.000000e-20 5.000000e-20
1.985000e+02 5.000000e-20 5.000000e-20
1.986000e+02 5.000000e-20 5.000000e-20
1.987000e+02 5.000000e-20 5.000000e-20
1.988000e+02 5.000000e-20 5.000000e-20
1.989000e+02 5.000000e-20 5.000000e-20
1.990000e+02 5.000000e-20 5.000000e-20
1.991000e+02 5.000000e-20 5.000000e-20
1.992000e+02 5.000000e-20 5.000000e-20
1.993000e+02 5.000000e-20 5.000000e-20
1.994000e+02 5.000000e-20 5.000000e-20
1.995000e+02 5.000000e-20 5.000000e-20
1.996000e+02 5.000000e-20 5.000000e-20
1.997000e+02 5.000000e-20 5.000000e-20
1.998000e+02 5.000000e-20 5.000000e-20
1.999000e+02 5.000000e-20 5.000000e-20
2.000000e+02 5.000000e-20 5.000000e-20
2.001000e+02 5.000000e-20 5.000000e-20
2.002000e+02 5.000000e-20 5.000000e-20
2.003000e+02 5.000000e-20 5.000000e-20
2.004000e+02 5.000000e-20 5.000000e-20
2.005000e+02 5.000000e-20 5.000000e-20
2.006000e+02 5.000000e-20 5.000000e-20
2.007000e+02 5.000000e-20 5.000000e-20
2.008000e+02 5.000000e-20 5.000000e-20
2.009000e+02 5.000000e-20 5.000000e-20
2.010000e+02 5.000000e-20 5.000000e-20
2.011000e+02 5.000000e-20 5.000000e-20
2.012000e+02 5.000000e-20 5.000000e-20
2.013000e+02 5.000000e-20 5.000000e-20
2.014000e+02 5.000000e-20 5.000000e-20
2.015000e+02 5.000000e-20 5.000000e-20
2.016000e+02 5.000000e-20 5.000000e-20
2.017000e+02 5.000000e-20 5.000000e-20
2.018000e+02 5.000000e-20 5.000000e-20
2.019000e+02 5.000000e-20 5.000000e-20
2.020000e+02 5.000000e-20 5.000000e-20
2.021000e+02 5.000000e-20 5.000000e-20
2.022000e+02 5.000000e-20 5.000000e-20
2.023000e+02 5.000000e-20 5.000000e-20
2.024000e+02 5.000000e-20 5.000000e-20
2.025000e+02 5.000000e-20 5.000000e-20
2.026000e+02 5.000000e-20 5.000000e-20
2.027000e+02 5.000000e-20 5.000000e-20
2.028000e+02 5.000000e-20 5.000000e-20
2.029000e+02 5.000000e-20 5.000000e-20
2.030000e+02 5.000000e-20 5.000000e-20
2.031000e+02 5.000000e-20 5.000000e-20
2.032000e+02 5.000000e-20 5.000000e-20
2.033000e+02 5.000000e-20 5.000000e-20
2.034000e+02 5.000000e-20 5.000000e-20
2.035000e+02 5.000000e-20 5.000000e-20
2.036000e+02 5.000000e-20 5.000000e-20
2.037000e+02 5.000000e-20 5.000000e-20
2.038000e+02 5.000000e-20 5.000000e-20
2.039000e+02 5.000000e-20 5.000000e-20
2.040000e+02 5.000000e-20 5.000000e-20
2.041000e+02 5.000000e-20 5.000000e-20
2.042000e+02 5.000000e-20 5.000000e-20
2.043000e+02 5.000000e-20 5.000000e-20
2.044000e+02 5.000000e-20 5.000000e-20
2.045000e+02 5.000000e-20 5.000000e-20
2.046000e+02 5.000000e-20 5.000000e-20
2.047000e+02 5.000000e-20 5.000000e-20
2.048000e+02 5.000000e-20 5.000000e-20
2.049000e+02 5.000000e-20 5.000000e-20
2.050000e+02 5.000000e-20 5.000000e-20
2.051000e+02 5.000000e-20 5.000000e-20
2.052000e+02 5.000000e-20 5.000000e-20
2.053000e+02 5.000000e-20 5.000000e-20
2.054000e+02 5.000000e-20 5.000000e-20
2.055000e+02 5.000000e-20 5.000000e-20
2.056000e+02 5.000000e-20 5.000000e-20
2.057000e+02 5.000000e-20 5.000000e-20
2.058000e+02 5.000000e-20 5.000000e-20
2.059000e+02 5.000000e-20 5.000000e-20
2.060000e+02 5.000000e-20 5.000000e-20
2.061000e+02 5.000000e-20 5.000000e-20
2.062000e+02 5.000000e-20 5.000000e-20
2.063000e+02 5.000000e-20 5.000000e-20
2.064000e+02 5.000000e-20 5.000000e-20
2.065000e+02 5.000000e-20 5.000000e-20
2.066000e+02 5.000000e-20 5.000000e-20
2.067000e+02 5.000000e-20 5.000000e-20
2.068000e+02 5.000000e-20 5.000000e-20
2.069000e+02 5.000000e-20 5.000000e-20
2.070000e+02 5.000000e-20 5.000000e-20
2.071000e+02 5.000000e-20 5.000000e-20
2.072000e+02 5.000000e-20 5.000000e-20
2.073000e+02 5.000000e-20 5.000000e-20
2.074000e+02 5.000000e-20 5.000000e-20
2.075000e+02 5.000000e-20 5.000000e-20
2.076000e+02 5.000000e-20 5.000000e-20
2.077000e+02 5.000000e-20 5.000000e-20
2.078000e+02 5.000000e-20 5.000000e-20
2.079000e+02 5.000000e-20 5.000000e-20
2.080000e+02 5.000000e-20 5.000000e-20
2.081000e+02 5.000000e-20 5.000000e-20
2.082000e+02 5.000000e-20 5.000000e-20
2.083000e+02 5.000000e-20 5.000000e-20
2.084000e+02 5.000000e-20 5.000000e-20
2.085000e+02 5.000000e-20 5.000000e-20
2.086000e+02 5.000000e-20 5.000000e-20
2.087000e+02 5.000000e-20 5.000000e-20
2.088000e+02 5.000000e-20 5.000000e-20
2.089000e+02 5.000000e-20 5.000000e-20
2.090000e+02 5.000000e-20 5.000000e-20
2.091000e+02 5.000000e-20 5.000000e-20
2.092000e+02 5.000000e-20 5.000000e-20
2.093000e+02 5.000000e-20 5.000000e-20
2.094000e+02 5.000000e-20 5.000000e-20
2.095000e+02 5.000000e-20 5.000000e-20
2.096000e+02 5.000000e-20 5.000000e-20
2.097000e+02 5.000000e-20 5.000000e-20
2.098000e+02 5.000000e-20 5.000000e-20
2.099000e+02 5.000000e-20 5.000000e-20
2.100000e+02 5.000000e-20 5.000000e-20
2.101000e+02 5.000000e-20 5.000000e-20
2.102000e+02 5.000000e-20 5.000000e-20
2.103000e+02 5.000000e-20 5.000000e-20
2.104000e+02 5.000000e-20 5.000000e-20
2.105000e+02 5.000000e-20 5.000000e-20
2.106000e+02 5.000000e-20 5.000000e-20
2.107000e+02 5.000000e-20 5.000000e-20
2.108000e+02 5.000000e-20 5.000000e-20
2.109000e+02 5.000000e-20 5.000000e-20
2.110000e+02 5.000000e-20 5.000000e-20
2.111000e+02 5.000000e-20 5.000000e-20
2.112000e+02 5.000000e-20 5.000000e-20
2.113000e+02 5.000000e-20 5.000000e-20
2.114000e+02 5.000000e-20 5.000000e-20
2.115000e+02 5.000000e-20 5.000000e-20
2.116000e+02 5.000000e-20 5.000000e-20
2.117000e+02 5.000000e-20 5.000000e-20
2.118000e+02 5.000000e-20 5.000000e-20
2.119000e+02 5.000000e-20 5.000000e-20
2.120000e+02 5.000000e-20 5.000000e-20
2.121000e+02 5.000000e-20 5.000000e-20
2.122000e+02 5.000000e-20 5.000000e-20
2.123000e+02 5.000000e-20 5.000000e-20
2.124000e+02 5.000000e-20 5.000000e-20
2.125000e+02 5.000000e-20 5.000000e-20
2.126000e+02 5.000000e-20 5.000000e-20
2.127000e+02 5.000000e-20 5.000000e-20
2.128000e+02 5.000000e-20 5.000000e-20
2.129000e+02 5.000000e-20 5.000000e-20
2.130000e+02 5.000000e-20 5.000000e-20
2.131000e+02 5.000000e-20 5.000000e-20
2.132000e+02 5.000000e-20 5.000000e-20
2.133000e+02 5.000000e-20 5.000000e-20
2.134000e+02 5.000000e-20 5.000000e-20
2.135000e+02 5.000000e-20 5.000000e-20
2.136000e+02 5.000000e-20 5.000000e-20
2.137000e+02 5.000000e-20 5.000000e-20
2.138000e+02 5.000000e-20 5.000000e-20
2.139000e+02 5.000000e-20 5.000000e-20
2.140000e+02 5.000000e-20 5.000000e-20
2.141000e+02 5.000000e-20 5.000000e-20
2.142000e+02 5.000000e-20 5.000000e-20
2.143000e+02 5.000000e-20 5.000000e-20
2.144000e+02 5.000000e-20 5.000000e-20
2.145000e+02 5.000000e-20 5.000000e-20
2.146000e+02 5.000000e-20 5.000000e-20
2.147000e+02 5.000000e-20 5.000000e-20
2.148000e+02 5.000000e-20 5.000000e-20
2.149000e+02 5.000000e-20 5.000000e-20
2.150000e+02 5.000000e-20 5.000000e-20
2.151000e+02 5.000000e-20 5.000000e-20
2.152000e+02 5.000000e-20 5.000000e-20
2.153000e+02 5.000000e-20 5.000000e-20
2.154000e+02 5.000000e-20 5.000000e-20
2.155000e+02 5.000000e-20 5.000000e-20
2.156000e+02 5.000000e-20 5.000000e-20
2.157000e+02 5.000000e-20 5.000000e-20
2.158000e+02 5.000000e-20 5.000000e-20
2.159000e+02 5.000000e-20 5.000000e-20
2.160000e+02 5.000000e-20 5.000000e-20
2.161000e+02 5.000000e-20 5.000000e-20
2.162000e+02 5.000000e-20 5.000000e-20
2.163000e+02 5.000000e-20 5.000000e-20
2.164000e+02 5.000000e-20 5.000000e-20
2.165000e+02 5.000000e-20 5.000000e-20
2.166000e+02 5.000000e-20 5.000000e-20
2.167000e+02 5.000000e-20 5.000000e-20
2.168000e+02 5.000000e-20 5.000000e-20
2.169000e+02 5.000000e-20 5.000000e-20
2.170000e+02 5.000000e-20 5.000000e-20
2.171000e+02 5.000000e-20 5.000000e-20
2.172000e+02 5.000000e-20 5.000000e-20
2.173000e+02 5.000000e-20 5.000000e-20
2.174000e+02 5.000000e-20 5.000000e-20
2.175000e+02 5.000000e-20 5.000000e-20
2.176000e+02 5.000000e-20 5.000000e-20
2.177000e+02 5.000000e-20 5.000000e-20
2.178000e+02 5.000000e-20 5.000000e-20
2.179000e+02 5.000000e-20 5.000000e-20
2.180000e+02 5.000000e-20 5.000000e-20
2.181000e+02 5.000000e-20 5.000000e-20
2.182000e+02 5.000000e-20 5.000000e-20
2.183000e+02 5.000000e-20 5.000000e-20
2.184000e+02 5.000000e-20 5.000000e-20
2.185000e+02 5.000000e-20 5.000000e-20
2.186000e+02 5.000000e-20 5.000000e-20
2.187000e+02 5.000000e-20 5.000000e-20
2.188000e+02 5.000000e-20 5.000000e-20
2.189000e+02 5.000000e-20 5.000000e-20
2.190000e+02 5.000000e-20 5.000000e-20
2.191000e+02 5.000000e-20 5.000000e-20
2.192000e+02 5.000000e-20 5.000000e-20
2.193000e+02 5.000000e-20 5.000000e-20
2.194000e+02 5.000000e-20 5.000000e-20
2.195000e+02 5.000000e-20 5.000000e-20
2.196000e+02 5.000000e-20 5.000000e-20
2.197000e+02 5.000000e-20 5.000000e-20
2.198000e+02 5.000000e-20 5.000000e-20
2.199000e+02 5.000000e-20 5.000000e-20
2.200000e+02 5.000000e-20 5.000000e-20
2.201000e+02 5.000000e-20 5.000000e-20
2.202000e+02 5.000000e-20 5.000000e-20
2.203000e+02 5.000000e-20 5.000000e-20
2.204000e+02 5.000000e-20 5.000000e-20
2.205000e+02 5.000000e-20 5.000000e-20
2.206000e+02 5.000000e-20 5.000000e-20
2.207000e+02 5.000000e-20 5.000000e-20
2.208000e+02 5.000000e-20 5.000000e-20
2.209000e+02 5.000000e-20 5.000000e-20
2.210000e+02 5.000000e-20 5.000000e-20
2.211000e+02 5.000000e-20 5.000000e-20
2.212000e+02 5.000000e-20 5.000000e-20
2.213000e+02 5.000000e-20 5.000000e-20
2.214000e+02 5.000000e-20 5.000000e-20
2.215000e+02 5.000000e-20 5.000000e-20
2.216000e+02 5.000000e-20 5.000000e-20
2.217000e+02 5.000000e-20 5.000000e-20
2.218000e+02 5.000000e-20 5.000000e-20
2.219000e+02 5.000000e-20 5.000000e-20
2.220000e+02 5.000000e-20 5.000000e-20
2.221000e+02 5.000000e-20 5.000000e-20
2.222000e+02 5.000000e-20 5.000000e-20
2.223000e+02 5.000000e-20 5.000000e-20
2.224000e+02 5.000000e-20 5.000000e-20
2.225000e+02 5.000000e-20 5.000000e-20
2.226000e+02 5.000000e-20 5.000000e-20
2.227000e+02 5.000000e-20 5.000000e-20
2.228000e+02 5.000000e-20 5.000000e-20
2.229000e+02 5.000000e-20 5.000000e-20
2.230000e+02 5.000000e-20 5.000000e-20
2.231000e+02 5.000000e-20 5.000000e-20
2.232000e+02 5.000000e-20 5.000000e-20
2.233000e+02 5.000000e-20 5.000000e-20
2.234000e+02 5.000000e-20 5.000000e-20
2.235000e+02 5.000000e-20 5.000000e-20
2.236000e+02 5.000000e-20 5.000000e-20
2.237000e+02 5.000000e-20 5.000000e-20
2.238000e+02 5.000000e-20 5.000000e-20
2.239000e+02 5.000000e-20 5.000000e-20
2.240000e+02 5.000000e-20 5.000000e-20
2.241000e+02 5.000000e-20 5.000000e-20
2.242000e+02 5.000000e-20 5.000000e-20
2.243000e+02 5.000000e-20 5.000000e-20
2.244000e+02 5.000000e-20 5.000000e-20
2.245000e+02 5.000000e-20 5.000000e-20
2.246000e+02 5.000000e-20 5.000000e-20
2.247000e+02 5.000000e-20 5.000000e-20
2.248000e+02 5.000000e-20 5.000000e-20
2.249000e+02 5.000000e-20 5.000000e-20
2.250000e+02 5.000000e-20 5.000000e-20
2.251000e+02 5.000000e-20 5.000000e-20
2.252000e+02 5.000000e-20 5.000000e-20
2.253000e+02 5.000000e-20 5.000000e-20
2.254000e+02 5.000000e-20 5.000000e-20
2.255000e+02 5.000000e-20 5.000000e-20
2.256000e+02 5.000000e-20 5.000000e-20
2.257000e+02 5.000000e-20 5.000000e-20
2.258000e+02 5.000000e-20 5.000000e-20
2.259000e+02 5.000000e-20 5.000000e-20
2.260000e+02 5.000000e-20 5.000000e-20
2.261000e+02 5.000000e-20 5.000000e-20
2.262000e+02 5.000000e-20 5.000000e-20
2.263000e+02 5.000000e-20 5.000000e-20
2.264000e+02 5.000000e-20 5.000000e-20
2.265000e+02 5.000000e-20 5.000000e-20
2.266000e+02 5.000000e-20 5.000000e-20
2.267000e+02 5.000000e-20 5.000000e-20
2.268000e+02 5.000000e-20 5.000000e-20
2.269000e+02 5.000000e-20 5.000000e-20
2.270000e+02 5.000000e-20 5.000000e-20
2.271000e+02 5.000000e-20 5.000000e-20
2.272000e+02 5.000000e-20 5.000000e-20
2.273000e+02 5.000000e-20 5.000000e-20
2.274000e+02 5.000000e-20 5.000000e-20
2.275000e+02 5.000000e-20 5.000000e-20
2.276000e+02 5.000000e-20 5.000000e-20
2.277000e+02 5.000000e-20 5.000000e-20
2.278000e+02 5.000000e-20 5.000000e-20
2.279000e+02 5.000000e-20 5.000000e-20
2.280000e+02 5.000000e-20 5.000000e-20
2.281000e+02 5.000000e-20 5.000000e-20
2.282000e+02 5.000000e-20 5.000000e-20
2.283000e+02 5.000000e-20 5.000000e-20
2.284000e+02 5.000000e-20 5.000000e-20
2.285000e+02 5.000000e-20 5.000000e-20
2.286000e+02 5.000000e-20 5.000000e-20
2.287000e+02 5.000000e-20 5.000000e-20
2.288000e+02 5.000000e-20 5.000000e-20
2.289000e+02 5.000000e-20 5.000000e-20
2.290000e+02 5.000000e-20 5.000000e-20
2.291000e+02 5.000000e-20 5.000000e-20
2.292000e+02 5.000000e-20 5.000000e-20
2.293000e+02 5.000000e-20 5.000000e-20
2.294000e+02 5.000000e-20 5.000000e-20
2.295000e+02 5.000000e-20 5.000000e-20
2.296000e+02 5.000000e-20 5.000000e-20
2.297000e+02 5.000000e-20 5.000000e-20
2.298000e+02 5.000000e-20 5.000000e-20
2.299000e+02 5.000000e-20 5.000000e-20
2.300000e+02 5.000000e-20 5.000000e-20
2.301000e+02 5.000000e-20 5.000000e-20
2.302000e+02 5.000000e-20 5.000000e-20
2.303000e+02 5.000000e-20 5.000000e-20
2.304000e+02 5.000000e-20 5.000000e-20
2.305000e+02 5.000000e-20 5.000000e-20
2.306000e+02 5.000000e-20 5.000000e-20
2.307000e+02 5.000000e-20 5.000000e-20
2.308000e+02 5.000000e-20 5.000000e-20
2.309000e+02 5.000000e-20 5.000000e-20
2.310000e+02 5.000000e-20 5.000000e-20
2.311000e+02 5.000000e-20 5.000000e-20
2.312000e+02 5.000000e-20 5.000000e-20
2.313000e+02 5.000000e-20 5.000000e-20
2.314000e+02 5.000000e-20 5.000000e-20
2.315000e+02 5.000000e-20 5.000000e-20
2.316000e+02 5.000000e-20 5.000000e-20
2.317000e+02 5.000000e-20 5.000000e-20
2.318000e+02 5.000000e-20 5.000000e-20
2.319000e+02 5.000000e-20 5.000000e-20
2.320000e+02 5.000000e-20 5.000000e-20
2.321000e+02 5.000000e-20 5.000000e-20
2.322000e+02 5.000000e-20 5.000000e-20
2.323000e+02 5.000000e-20 5.000000e-20
2.324000e+02 5.000000e-20 5.000000e-20
2.325000e+02 5.000000e-20 5.000000e-20
2.326000e+02 5.000000e-20 5.000000e-20
2.327000e+02 5.000000e-20 5.000000e-20
2.328000e+02 5.000000e-20 5.000000e-20
2.329000e+02 5.000000e-20 5.000000e-20
2.330000e+02 5.000000e-20 5.000000e-20
2.331000e+02 5.000000e-20 5.000000e-20
2.332000e+02 5.000000e-20 5.000000e-20
2.333000e+02 5.000000e-20 5.000000e-20
2.334000e+02 5.000000e-20 5.000000e-20
2.335000e+02 5.000000e-20 5.000000e-20
2.336000e+02 5.000000e-20 5.000000e-20
2.337000e+02 5.000000e-20 5.000000e-20
2.338000e+02 5.000000e-20 5.000000e-20
2.339000e+02 5.000000e-20 5.000000e-20
2.340000e+02 5.000000e-20 5.000000e-20
2.341000e+02 5.000000e-20 5.000000e-20
2.342000e+02 5.000000e-20 5.000000e-20
2.343000e+02 5.000000e-20 5.000000e-20
2.344000e+02 5.000000e-20 5.000000e-20
2.345000e+02 5.000000e-20 5.000000e-20
2.346000e+02 5.000000e-20 5.000000e-20
2.347000e+02 5.000000e-20 5.000000e-20
2.348000e+02 5.000000e-20 5.000000e-20
2.349000e+02 5.000000e-20 5.000000e-20
2.350000e+02 5.000000e-20 5.000000e-20
2.351000e+02 5.000000e-20 5.000000e-20
2.352000e+02 5.000000e-20 5.000000e-20
2.353000e+02 5.000000e-20 5.000000e-20
2.354000e+02 5.000000e-20 5.000000e-20
2.355000e+02 5.000000e-20 5.000000e-20
2.356000e+02 5.000000e-20 5.000000e-20
2.357000e+02 5.000000e-20 5.000000e-20
2.358000e+02 5.000000e-20 5.000000e-20
2.359000e+02 5.000000e-20 5.000000e-20
2.360000e+02 5.000000e-20 5.000000e-20
2.361000e+02 5.000000e-20 5.000000e-20
2.362000e+02 5.000000e-20 5.000000e-20
2.363000e+02 5.000000e-20 5.000000e-20
2.364000e+02 5.000000e-20 5.000000e-20
2.365000e+02 5.000000e-20 5.000000e-20
2.366000e+02 5.000000e-20 5.000000e-20
2.367000e+02 5.000000e-20 5.000000e-20
2.368000e+02 5.000000e-20 5.000000e-20
2.369000e+02 5.000000e-20 5.000000e-20
2.370000e+02 5.000000e-20 5.000000e-20
2.371000e+02 5.000000e-20 5.000000e-20
2.372000e+02 5.000000e-20 5.000000e-20
2.373000e+02 5.000000e-20 5.000000e-20
2.374000e+02 5.000000e-20 5.000000e-20
2.375000e+02 5.000000e-20 5.000000e-20
2.376000e+02 5.000000e-20 5.000000e-20
2.377000e+02 5.000000e-20 5.000000e-20
2.378000e+02 5.000000e-20 5.000000e-20
2.379000e+02 5.000000e-20 5.000000e-20
2.380000e+02 5.000000e-20 5.000000e-20
2.381000e+02 5.000000e-20 5.000000e-20
2.382000e+02 5.000000e-20 5.000000e-20
2.383000e+02 5.000000e-20 5.000000e-20
2.384000e+02 5.000000e-20 5.000000e-20
2.385000e+02 5.000000e-20 5.000000e-20
2.386000e+02 5.000000e-20 5.000000e-20
2.387000e+02 5.000000e-20 5.000000e-20
2.388000e+02 5.000000e-20 5.000000e-20
2.389000e+02 5.000000e-20 5.000000e-20
2.390000e+02 5.000000e-20 5.000000e-20
2.391000e+02 5.000000e-20 5.000000e-20
2.392000e+02 5.000000e-20 5.000000e-20
2.393000e+02 5.000000e-20 5.000000e-20
2.394000e+02 5.000000e-20 5.000000e-20
2.395000e+02 5.000000e-20 5.000000e-20
2.396000e+02 5.000000e-20 5.000000e-20
2.397000e+02 5.000000e-20 5.000000e-20
2.398000e+02 5.000000e-20 5.000000e-20
2.399000e+02 5.000000e-20 5.000000e-20
2.400000e+02 5.000000e-20 5.000000e-20
2.401000e+02 5.000000e-20 5.000000e-20
2.402000e+02 5.000000e-20 5.000000e-20
2.403000e+02 5.000000e-20 5.000000e-20
2.404000e+02 5.000000e-20 5.000000e-20
2.405000e+02 5.000000e-20 5.000000e-20
2.406000e+02 5.000000e-20 5.000000e-20
2.407000e+02 5.000000e-20 5.000000e-20
2.408000e+02 5.000000e-20 5.000000e-20
2.409000e+02 5.000000e-20 5.000000e-20
2.410000e+02 5.000000e-20 5.000000e-20
2.411000e+02 5.000000e-20 5.000000e-20
2.412000e+02 5.000000e-20 5.000000e-20
2.413000e+02 5.000000e-20 5.000000e-20
2.414000e+02 5.000000e-20 5.000000e-20
2.415000e+02 5.000000e-20 5.000000e-20
2.416000e+02 5.000000e-20 5.000000e-20
2.417000e+02 5.000000e-20 5.000000e-20
2.418000e+02 5.000000e-20 5.000000e-20
2.419000e+02 5.000000e-20 5.000000e-20
2.420000e+02 5.000000e-20 5.000000e-20
2.421000e+02 5.000000e-20 5.000000e-20
2.422000e+02 5.000000e-20 5.000000e-20
2.423000e+02 5.000000e-20 5.000000e-20
2.424000e+02 5.000000e-20 5.000000e-20
2.425000e+02 5.000000e-20 5.000000e-20
2.426000e+02 5.000000e-20 5.000000e-20
2.427000e+02 5.000000e-20 5.000000e-20
2.428000e+02 5.000000e-20 5.000000e-20
2.429000e+02 5.000000e-20 5.000000e-20
2.430000e+02 5.000000e-20 5.000000e-20
2.431000e+02 5.000000e-20 5.000000e-20
2.432000e+02 5.000000e-20 5.000000e-20
2.433000e+02 5.000000e-20 5.000000e-20
2.434000e+02 5.000000e-20 5.000000e-20
2.435000e+02 5.000000e-20 5.000000e-20
2.436000e+02 5.000000e-20 5.000000e-20
2.437000e+02 5.000000e-20 5.000000e-20
2.438000e+02 5.000000e-20 5.000000e-20
2.439000e+02 5.000000e-20 5.000000e-20
2.440000e+02 5.000000e-20 5.000000e-20
2.441000e+02 5.000000e-20 5.000000e-20
2.442000e+02 5.000000e-20 5.000000e-20
2.443000e+02 5.000000e-20 5.000000e-20
2.444000e+02 5.000000e-20 5.000000e-20
2.445000e+02 5.000000e-20 5.000000e-20
2.446000e+02 5.000000e-20 5.000000e-20
2.447000e+02 5.000000e-20 5.000000e-20
2.448000e+02 5.000000e-20 5.000000e-20
2.449000e+02 5.000000e-20 5.000000e-20
2.450000e+02 5.000000e-20 5.000000e-20
2.451000e+02 5.000000e-20 5.000000e-20
2.452000e+02 5.000000e-20 5.000000e-20
2.453000e+02 5.000000e-20 5.000000e-20
2.454000e+02 5.000000e-20 5.000000e-20
2.455000e+02 5.000000e-20 5.000000e-20
2.456000e+02 5.000000e-20 5.000000e-20
2.457000e+02 5.000000e-20 5.000000e-20
2.458000e+02 5.000000e-20 5.000000e-20
2.459000e+02 5.000000e-20 5.000000e-20
2.460000e+02 5.000000e-20 5.000000e-20
2.461000e+02 5.000000e-20 5.000000e-20
2.462000e+02 5.000000e-20 5.000000e-20
2.463000e+02 5.000000e-20 5.000000e-20
2.464000e+02 5.000000e-20 5.000000e-20
2.465000e+02 5.000000e-20 5.000000e-20
2.466000e+02 5.000000e-20 5.000000e-20
2.467000e+02 5.000000e-20 5.000000e-20
2.468000e+02 5.000000e-20 5.000000e-20
2.469000e+02 5.000000e-20 5.000000e-20
2.470000e+02 5.000000e-20 5.000000e-20
2.471000e+02 5.000000e-20 5.000000e-20
2.472000e+02 5.000000e-20 5.000000e-20
2.473000e+02 5.000000e-20 5.000000e-20
2.474000e+02 5.000000e-20 5.000000e-20
2.475000e+02 5.000000e-20 5.000000e-20
2.476000e+02 5.000000e-20 5.000000e-20
2.477000e+02 5.000000e-20 5.000000e-20
2.478000e+02 5.000000e-20 5.000000e-20
2.479000e+02 5.000000e-20 5.000000e-20
2.480000e+02 5.000000e-20 5.000000e-20
2.481000e+02 5.000000e-20 5.000000e-20
2.482000e+02 5.000000e-20 5.000000e-20
2.483000e+02 5.000000e-20 5.000000e-20
2.484000e+02 5.000000e-20 5.000000e-20
2.485000e+02 5.000000e-20 5.000000e-20
2.486000e+02 5.000000e-20 5.000000e-20
2.487000e+02 5.000000e-20 5.000000e-20
2.488000e+02 5.000000e-20 5.000000e-20
2.489000e+02 5.000000e-20 5.000000e-20
2.490000e+02 5.000000e-20 5.000000e-20
2.491000e+02 5.000000e-20 5.000000e-20
2.492000e+02 5.000000e-20 5.000000e-20
2.493000e+02 5.000000e-20 5.000000e-20
2.494000e+02 5.000000e-20 5.000000e-20
2.495000e+02 5.000000e-20 5.000000e-20
2.496000e+02 5.000000e-20 5.000000e-20
2.497000e+02 5.000000e-20 5.000000e-20
2.498000e+02 5.000000e-20 5.000000e-20
2.499000e+02 5.000000e-20 5.000000e-20
2.500000e+02 5.000000e-20 5.000000e-20
2.501000e+02 5.000000e-20 5.000000e-20
2.502000e+02 5.000000e-20 5.000000e-20
2.503000e+02 5.000000e-20 5.000000e-20
2.504000e+02 5.000000e-20 5.000000e-20
2.505000e+02 5.000000e-20 5.000000e-20
2.506000e+02 5.000000e-20 5.000000e-20
2.507000e+02 5.000000e-20 5.000000e-20
2.508000e+02 5.000000e-20 5.000000e-20
2.509000e+02 5.000000e-20 5.000000e-20
2.510000e+02 5.000000e-20 5.000000e-20
2.511000e+02 5.000000e-20 5.000000e-20
2.512000e+02 5.000000e-20 5.000000e-20
2.513000e+02 5.000000e-20 5.000000e-20
2.514000e+02 5.000000e-20 5.000000e-20
2.515000e+02 5.000000e-20 5.000000e-20
2.516000e+02 5.000000e-20 5.000000e-20
2.517000e+02 5.000000e-20 5.000000e-20
2.518000e+02 5.000000e-20 5.000000e-20
2.519000e+02 8.675722e-20 8.675722e-20
2.520000e+02 2.076269e-19 2.076269e-19
2.521000e+02 4.718262e-19 4.718262e-19
2.522000e+02 1.015041e-18 1.015041e-18
2.523000e+02 2.067252e-18 2.067252e-18
2.524000e+02 3.985821e-18 3.985821e-18
2.525000e+02 7.275482e-18 7.275482e-18
2.526000e+02 1.257275e-17 1.257275e-17
2.527000e+02 2.056972e-17 2.056972e-17
2.528000e+02 3.186103e-17 3.186103e-17
2.529000e+02 4.672278e-17 4.672278e-17
2.530000e+02 6.486918e-17 6.486918e-17
2.531000e+02 8.526913e-17 8.526913e-17
2.532000e+02 1.061186e-16 1.061186e-16
2.533000e+02 1.250373e-16 1.250373e-16
2.534000e+02 1.394882e-16 1.394882e-16
2.535000e+02 1.473283e-16 1.473283e-16
2.536000e+02 1.473283e-16 1.473283e-16
2.537000e+02 1.394882e-16 1.394882e-16
2.538000e+02 1.250373e-16 1.250373e-16
2.539000e+02 1.061186e-16 1.061186e-16
2.540000e+02 8.526913e-17 8.526913e-17
2.541000e+02 6.486918e-17 6.486918e-17
2.542000e+02 4.672278e-17 4.672278e-17
2.543000e+02 3.186103e-17 3.186103e-17
2.544000e+02 2.056972e-17 2.056972e-17
2.545000e+02 1.257275e-17 1.257275e-17
2.546000e+02 7.275482e-18 7.275482e-18
2.547000e+02 3.985821e-18 3.985821e-18
2.548000e+02 2.067252e-18 2.067252e-18
2.549000e+02 1.015041e-18 1.015041e-18
2.550000e+02 4.718262e-19 4.718262e-19
2.551000e+02 2.076269e-19 2.076269e-19
2.552000e+02 8.675722e-20 8.675722e-20
2.553000e+02 5.000000e-20 5.000000e-20
2.554000e+02 5.000000e-20 5.000000e-20
2.555000e+02 5.000000e-20 5.000000e-20
2.556000e+02 5.000000e-20 5.000000e-20
2.557000e+02 5.000000e-20 5.000000e-20
2.558000e+02 5.000000e-20 5.000000e-20
2.559000e+02 5.000000e-20 5.000000e-20
2.560000e+02 5.000000e-20 5.000000e-20
2.561000e+02 5.000000e-20 5.000000e-20
2.562000e+02 5.000000e-20 5.000000e-20
2.563000e+02 5.000000e-20 5.000000e-20
2.564000e+02 5.000000e-20 5.000000e-20
2.565000e+02 5.000000e-20 5.000000e-20
2.566000e+02 5.000000e-20 5.000000e-20
