# Cross sections for c-C3H
# From the Leiden database for photodissociation and photoionization of astrophysically relevant molecules, http://home.strw.leidenuniv.nl/~ewine/photo/
# Converted from earlier Leiden database cross sections by Alan Heays 2016-02-24
# Photodissociation source: c-C3H van Hemert & van Dishoeck 2007
# Lines represented with gaussian of width 1.0 nm FWHM
# wavelength: (nm)
# photoabsorption:    cross section (cm2)
# photodissociation:  cross section (cm2)
# This version has been resampled to a uniform 0.1nm grid while maintaining a constant integrated cross section (using trapezoidal integration).
# wavelength photoabsorption photodissociation
9.120000e+01 5.000000e-20 5.000000e-20
9.130000e+01 5.000000e-20 5.000000e-20
9.140000e+01 5.000000e-20 5.000000e-20
9.150000e+01 5.000000e-20 5.000000e-20
9.160000e+01 5.000000e-20 5.000000e-20
9.170000e+01 5.000000e-20 5.000000e-20
9.180000e+01 5.000000e-20 5.000000e-20
9.190000e+01 5.000000e-20 5.000000e-20
9.200000e+01 5.000000e-20 5.000000e-20
9.210000e+01 5.000000e-20 5.000000e-20
9.220000e+01 5.000000e-20 5.000000e-20
9.230000e+01 5.000000e-20 5.000000e-20
9.240000e+01 5.000000e-20 5.000000e-20
9.250000e+01 5.000000e-20 5.000000e-20
9.260000e+01 5.000000e-20 5.000000e-20
9.270000e+01 5.000000e-20 5.000000e-20
9.280000e+01 5.000000e-20 5.000000e-20
9.290000e+01 5.000000e-20 5.000000e-20
9.300000e+01 5.000000e-20 5.000000e-20
9.310000e+01 5.000000e-20 5.000000e-20
9.320000e+01 5.000000e-20 5.000000e-20
9.330000e+01 5.000000e-20 5.000000e-20
9.340000e+01 5.000000e-20 5.000000e-20
9.350000e+01 5.000000e-20 5.000000e-20
9.360000e+01 5.000000e-20 5.000000e-20
9.370000e+01 5.000000e-20 5.000000e-20
9.380000e+01 5.000000e-20 5.000000e-20
9.390000e+01 5.000000e-20 5.000000e-20
9.400000e+01 5.000000e-20 5.000000e-20
9.410000e+01 5.000000e-20 5.000000e-20
9.420000e+01 5.000000e-20 5.000000e-20
9.430000e+01 5.000000e-20 5.000000e-20
9.440000e+01 5.000000e-20 5.000000e-20
9.450000e+01 5.000000e-20 5.000000e-20
9.460000e+01 5.000000e-20 5.000000e-20
9.470000e+01 5.000000e-20 5.000000e-20
9.480000e+01 5.000000e-20 5.000000e-20
9.490000e+01 5.000000e-20 5.000000e-20
9.500000e+01 5.000000e-20 5.000000e-20
9.510000e+01 5.000000e-20 5.000000e-20
9.520000e+01 5.000000e-20 5.000000e-20
9.530000e+01 5.000000e-20 5.000000e-20
9.540000e+01 5.000000e-20 5.000000e-20
9.550000e+01 5.000000e-20 5.000000e-20
9.560000e+01 5.000000e-20 5.000000e-20
9.570000e+01 5.000000e-20 5.000000e-20
9.580000e+01 5.000000e-20 5.000000e-20
9.590000e+01 5.000000e-20 5.000000e-20
9.600000e+01 5.000000e-20 5.000000e-20
9.610000e+01 5.000000e-20 5.000000e-20
9.620000e+01 5.000000e-20 5.000000e-20
9.630000e+01 5.000000e-20 5.000000e-20
9.640000e+01 5.000000e-20 5.000000e-20
9.650000e+01 5.000000e-20 5.000000e-20
9.660000e+01 5.000000e-20 5.000000e-20
9.670000e+01 5.000000e-20 5.000000e-20
9.680000e+01 5.000000e-20 5.000000e-20
9.690000e+01 5.000000e-20 5.000000e-20
9.700000e+01 5.000000e-20 5.000000e-20
9.710000e+01 5.000000e-20 5.000000e-20
9.720000e+01 5.000000e-20 5.000000e-20
9.730000e+01 5.000000e-20 5.000000e-20
9.740000e+01 5.000000e-20 5.000000e-20
9.750000e+01 5.000000e-20 5.000000e-20
9.760000e+01 5.000000e-20 5.000000e-20
9.770000e+01 5.000000e-20 5.000000e-20
9.780000e+01 5.000000e-20 5.000000e-20
9.790000e+01 5.000000e-20 5.000000e-20
9.800000e+01 5.000000e-20 5.000000e-20
9.810000e+01 5.000000e-20 5.000000e-20
9.820000e+01 5.000000e-20 5.000000e-20
9.830000e+01 5.000000e-20 5.000000e-20
9.840000e+01 5.000000e-20 5.000000e-20
9.850000e+01 5.000000e-20 5.000000e-20
9.860000e+01 5.000000e-20 5.000000e-20
9.870000e+01 5.000000e-20 5.000000e-20
9.880000e+01 5.000000e-20 5.000000e-20
9.890000e+01 5.000000e-20 5.000000e-20
9.900000e+01 5.000000e-20 5.000000e-20
9.910000e+01 5.000000e-20 5.000000e-20
9.920000e+01 5.000000e-20 5.000000e-20
9.930000e+01 5.000000e-20 5.000000e-20
9.940000e+01 5.000000e-20 5.000000e-20
9.950000e+01 5.000000e-20 5.000000e-20
9.960000e+01 5.000000e-20 5.000000e-20
9.970000e+01 5.000000e-20 5.000000e-20
9.980000e+01 5.000000e-20 5.000000e-20
9.990000e+01 5.000000e-20 5.000000e-20
1.000000e+02 5.000000e-20 5.000000e-20
1.001000e+02 5.000000e-20 5.000000e-20
1.002000e+02 5.000000e-20 5.000000e-20
1.003000e+02 5.000000e-20 5.000000e-20
1.004000e+02 5.000000e-20 5.000000e-20
1.005000e+02 5.000000e-20 5.000000e-20
1.006000e+02 5.000000e-20 5.000000e-20
1.007000e+02 5.000000e-20 5.000000e-20
1.008000e+02 5.000000e-20 5.000000e-20
1.009000e+02 5.000000e-20 5.000000e-20
1.010000e+02 5.000000e-20 5.000000e-20
1.011000e+02 5.000000e-20 5.000000e-20
1.012000e+02 5.000000e-20 5.000000e-20
1.013000e+02 5.000000e-20 5.000000e-20
1.014000e+02 5.000000e-20 5.000000e-20
1.015000e+02 5.000000e-20 5.000000e-20
1.016000e+02 5.000000e-20 5.000000e-20
1.017000e+02 5.000000e-20 5.000000e-20
1.018000e+02 5.000000e-20 5.000000e-20
1.019000e+02 5.000000e-20 5.000000e-20
1.020000e+02 5.000000e-20 5.000000e-20
1.021000e+02 5.000000e-20 5.000000e-20
1.022000e+02 5.000000e-20 5.000000e-20
1.023000e+02 5.000000e-20 5.000000e-20
1.024000e+02 5.000000e-20 5.000000e-20
1.025000e+02 5.000000e-20 5.000000e-20
1.026000e+02 5.000000e-20 5.000000e-20
1.027000e+02 5.000000e-20 5.000000e-20
1.028000e+02 5.000000e-20 5.000000e-20
1.029000e+02 5.000000e-20 5.000000e-20
1.030000e+02 5.000000e-20 5.000000e-20
1.031000e+02 5.000000e-20 5.000000e-20
1.032000e+02 5.000000e-20 5.000000e-20
1.033000e+02 5.000000e-20 5.000000e-20
1.034000e+02 5.000000e-20 5.000000e-20
1.035000e+02 5.000000e-20 5.000000e-20
1.036000e+02 5.000000e-20 5.000000e-20
1.037000e+02 5.000000e-20 5.000000e-20
1.038000e+02 5.000000e-20 5.000000e-20
1.039000e+02 5.000000e-20 5.000000e-20
1.040000e+02 5.000000e-20 5.000000e-20
1.041000e+02 5.000000e-20 5.000000e-20
1.042000e+02 5.000000e-20 5.000000e-20
1.043000e+02 5.000000e-20 5.000000e-20
1.044000e+02 5.000000e-20 5.000000e-20
1.045000e+02 5.000000e-20 5.000000e-20
1.046000e+02 5.000000e-20 5.000000e-20
1.047000e+02 5.000000e-20 5.000000e-20
1.048000e+02 5.000000e-20 5.000000e-20
1.049000e+02 5.000000e-20 5.000000e-20
1.050000e+02 5.000000e-20 5.000000e-20
1.051000e+02 5.000000e-20 5.000000e-20
1.052000e+02 5.000000e-20 5.000000e-20
1.053000e+02 5.000000e-20 5.000000e-20
1.054000e+02 5.000000e-20 5.000000e-20
1.055000e+02 5.000000e-20 5.000000e-20
1.056000e+02 5.000000e-20 5.000000e-20
1.057000e+02 5.000000e-20 5.000000e-20
1.058000e+02 5.000000e-20 5.000000e-20
1.059000e+02 5.000000e-20 5.000000e-20
1.060000e+02 5.000000e-20 5.000000e-20
1.061000e+02 5.000000e-20 5.000000e-20
1.062000e+02 5.000000e-20 5.000000e-20
1.063000e+02 5.000000e-20 5.000000e-20
1.064000e+02 5.000000e-20 5.000000e-20
1.065000e+02 5.000000e-20 5.000000e-20
1.066000e+02 5.000000e-20 5.000000e-20
1.067000e+02 5.000000e-20 5.000000e-20
1.068000e+02 5.000000e-20 5.000000e-20
1.069000e+02 5.000000e-20 5.000000e-20
1.070000e+02 5.000000e-20 5.000000e-20
1.071000e+02 5.000000e-20 5.000000e-20
1.072000e+02 5.000000e-20 5.000000e-20
1.073000e+02 5.000000e-20 5.000000e-20
1.074000e+02 5.000000e-20 5.000000e-20
1.075000e+02 5.000000e-20 5.000000e-20
1.076000e+02 5.000000e-20 5.000000e-20
1.077000e+02 5.000000e-20 5.000000e-20
1.078000e+02 5.000000e-20 5.000000e-20
1.079000e+02 5.000000e-20 5.000000e-20
1.080000e+02 5.000000e-20 5.000000e-20
1.081000e+02 5.000000e-20 5.000000e-20
1.082000e+02 5.000000e-20 5.000000e-20
1.083000e+02 5.000000e-20 5.000000e-20
1.084000e+02 5.000000e-20 5.000000e-20
1.085000e+02 5.000000e-20 5.000000e-20
1.086000e+02 5.000000e-20 5.000000e-20
1.087000e+02 5.000000e-20 5.000000e-20
1.088000e+02 5.000000e-20 5.000000e-20
1.089000e+02 5.000000e-20 5.000000e-20
1.090000e+02 5.000000e-20 5.000000e-20
1.091000e+02 5.000000e-20 5.000000e-20
1.092000e+02 5.000000e-20 5.000000e-20
1.093000e+02 5.000000e-20 5.000000e-20
1.094000e+02 5.000000e-20 5.000000e-20
1.095000e+02 5.000000e-20 5.000000e-20
1.096000e+02 5.000000e-20 5.000000e-20
1.097000e+02 5.000000e-20 5.000000e-20
1.098000e+02 5.000000e-20 5.000000e-20
1.099000e+02 5.000000e-20 5.000000e-20
1.100000e+02 5.000000e-20 5.000000e-20
1.101000e+02 5.000000e-20 5.000000e-20
1.102000e+02 5.000000e-20 5.000000e-20
1.103000e+02 5.000000e-20 5.000000e-20
1.104000e+02 5.000000e-20 5.000000e-20
1.105000e+02 5.000000e-20 5.000000e-20
1.106000e+02 5.000000e-20 5.000000e-20
1.107000e+02 5.000000e-20 5.000000e-20
1.108000e+02 5.000000e-20 5.000000e-20
1.109000e+02 5.000000e-20 5.000000e-20
1.110000e+02 5.000000e-20 5.000000e-20
1.111000e+02 5.000000e-20 5.000000e-20
1.112000e+02 5.000000e-20 5.000000e-20
1.113000e+02 5.000000e-20 5.000000e-20
1.114000e+02 5.000000e-20 5.000000e-20
1.115000e+02 5.000000e-20 5.000000e-20
1.116000e+02 5.000000e-20 5.000000e-20
1.117000e+02 5.000000e-20 5.000000e-20
1.118000e+02 5.000000e-20 5.000000e-20
1.119000e+02 5.000000e-20 5.000000e-20
1.120000e+02 5.000000e-20 5.000000e-20
1.121000e+02 5.000000e-20 5.000000e-20
1.122000e+02 5.000000e-20 5.000000e-20
1.123000e+02 5.000000e-20 5.000000e-20
1.124000e+02 5.000000e-20 5.000000e-20
1.125000e+02 5.000000e-20 5.000000e-20
1.126000e+02 5.000000e-20 5.000000e-20
1.127000e+02 5.000000e-20 5.000000e-20
1.128000e+02 5.000000e-20 5.000000e-20
1.129000e+02 5.000000e-20 5.000000e-20
1.130000e+02 5.000000e-20 5.000000e-20
1.131000e+02 5.000000e-20 5.000000e-20
1.132000e+02 5.000000e-20 5.000000e-20
1.133000e+02 5.000000e-20 5.000000e-20
1.134000e+02 5.000000e-20 5.000000e-20
1.135000e+02 5.000000e-20 5.000000e-20
1.136000e+02 5.000000e-20 5.000000e-20
1.137000e+02 5.000000e-20 5.000000e-20
1.138000e+02 5.000000e-20 5.000000e-20
1.139000e+02 5.000000e-20 5.000000e-20
1.140000e+02 5.000000e-20 5.000000e-20
1.141000e+02 5.000000e-20 5.000000e-20
1.142000e+02 5.000000e-20 5.000000e-20
1.143000e+02 5.000000e-20 5.000000e-20
1.144000e+02 5.000000e-20 5.000000e-20
1.145000e+02 5.000000e-20 5.000000e-20
1.146000e+02 5.000000e-20 5.000000e-20
1.147000e+02 5.000000e-20 5.000000e-20
1.148000e+02 5.000000e-20 5.000000e-20
1.149000e+02 5.000000e-20 5.000000e-20
1.150000e+02 5.000000e-20 5.000000e-20
1.151000e+02 5.000000e-20 5.000000e-20
1.152000e+02 5.000000e-20 5.000000e-20
1.153000e+02 5.000000e-20 5.000000e-20
1.154000e+02 5.000000e-20 5.000000e-20
1.155000e+02 5.000000e-20 5.000000e-20
1.156000e+02 5.000000e-20 5.000000e-20
1.157000e+02 5.000000e-20 5.000000e-20
1.158000e+02 5.000000e-20 5.000000e-20
1.159000e+02 5.000000e-20 5.000000e-20
1.160000e+02 5.000000e-20 5.000000e-20
1.161000e+02 5.000000e-20 5.000000e-20
1.162000e+02 5.000000e-20 5.000000e-20
1.163000e+02 5.000000e-20 5.000000e-20
1.164000e+02 5.000000e-20 5.000000e-20
1.165000e+02 5.000000e-20 5.000000e-20
1.166000e+02 5.000000e-20 5.000000e-20
1.167000e+02 5.000000e-20 5.000000e-20
1.168000e+02 5.000000e-20 5.000000e-20
1.169000e+02 5.000000e-20 5.000000e-20
1.170000e+02 5.000000e-20 5.000000e-20
1.171000e+02 5.000000e-20 5.000000e-20
1.172000e+02 5.000000e-20 5.000000e-20
1.173000e+02 5.000000e-20 5.000000e-20
1.174000e+02 5.000000e-20 5.000000e-20
1.175000e+02 5.000000e-20 5.000000e-20
1.176000e+02 5.000000e-20 5.000000e-20
1.177000e+02 5.000000e-20 5.000000e-20
1.178000e+02 5.000000e-20 5.000000e-20
1.179000e+02 5.000000e-20 5.000000e-20
1.180000e+02 5.000000e-20 5.000000e-20
1.181000e+02 5.000000e-20 5.000000e-20
1.182000e+02 5.000000e-20 5.000000e-20
1.183000e+02 5.000000e-20 5.000000e-20
1.184000e+02 5.000000e-20 5.000000e-20
1.185000e+02 5.000000e-20 5.000000e-20
1.186000e+02 5.000000e-20 5.000000e-20
1.187000e+02 5.000000e-20 5.000000e-20
1.188000e+02 5.000000e-20 5.000000e-20
1.189000e+02 5.000000e-20 5.000000e-20
1.190000e+02 5.000000e-20 5.000000e-20
1.191000e+02 5.000000e-20 5.000000e-20
1.192000e+02 5.000000e-20 5.000000e-20
1.193000e+02 5.000000e-20 5.000000e-20
1.194000e+02 5.000000e-20 5.000000e-20
1.195000e+02 5.000000e-20 5.000000e-20
1.196000e+02 5.000000e-20 5.000000e-20
1.197000e+02 5.000000e-20 5.000000e-20
1.198000e+02 5.000000e-20 5.000000e-20
1.199000e+02 5.000000e-20 5.000000e-20
1.200000e+02 5.000000e-20 5.000000e-20
1.201000e+02 5.000000e-20 5.000000e-20
1.202000e+02 5.000000e-20 5.000000e-20
1.203000e+02 5.000000e-20 5.000000e-20
1.204000e+02 5.000000e-20 5.000000e-20
1.205000e+02 5.000000e-20 5.000000e-20
1.206000e+02 5.000000e-20 5.000000e-20
1.207000e+02 5.000000e-20 5.000000e-20
1.208000e+02 5.000000e-20 5.000000e-20
1.209000e+02 5.000000e-20 5.000000e-20
1.210000e+02 5.000000e-20 5.000000e-20
1.211000e+02 5.000000e-20 5.000000e-20
1.212000e+02 5.000000e-20 5.000000e-20
1.213000e+02 5.000000e-20 5.000000e-20
1.214000e+02 5.000000e-20 5.000000e-20
1.215000e+02 5.000000e-20 5.000000e-20
1.216000e+02 5.000000e-20 5.000000e-20
1.217000e+02 5.000000e-20 5.000000e-20
1.218000e+02 5.000000e-20 5.000000e-20
1.219000e+02 5.000000e-20 5.000000e-20
1.220000e+02 5.000000e-20 5.000000e-20
1.221000e+02 5.000000e-20 5.000000e-20
1.222000e+02 5.000000e-20 5.000000e-20
1.223000e+02 5.000000e-20 5.000000e-20
1.224000e+02 5.000000e-20 5.000000e-20
1.225000e+02 5.000000e-20 5.000000e-20
1.226000e+02 5.000000e-20 5.000000e-20
1.227000e+02 5.000000e-20 5.000000e-20
1.228000e+02 5.000000e-20 5.000000e-20
1.229000e+02 5.000000e-20 5.000000e-20
1.230000e+02 5.000000e-20 5.000000e-20
1.231000e+02 5.000000e-20 5.000000e-20
1.232000e+02 5.000000e-20 5.000000e-20
1.233000e+02 5.217072e-20 5.217072e-20
1.234000e+02 7.080199e-20 7.080199e-20
1.235000e+02 1.164726e-19 1.164726e-19
1.236000e+02 1.814068e-19 1.814068e-19
1.237000e+02 2.675066e-19 2.675066e-19
1.238000e+02 3.734794e-19 3.734794e-19
1.239000e+02 4.936844e-19 4.936844e-19
1.240000e+02 6.178479e-19 6.178479e-19
1.241000e+02 7.320850e-19 7.320850e-19
1.242000e+02 8.212718e-19 8.212718e-19
1.243000e+02 8.722786e-19 8.722786e-19
1.244000e+02 8.771286e-19 8.771286e-19
1.245000e+02 8.350406e-19 8.350406e-19
1.246000e+02 7.526346e-19 7.526346e-19
1.247000e+02 6.422272e-19 6.422272e-19
1.248000e+02 5.188195e-19 5.188195e-19
1.249000e+02 3.967911e-19 3.967911e-19
1.250000e+02 2.872898e-19 2.872898e-19
1.251000e+02 1.969179e-19 1.969179e-19
1.252000e+02 1.277766e-19 1.277766e-19
1.253000e+02 7.848958e-20 7.848958e-20
1.254000e+02 5.325608e-20 5.325608e-20
1.255000e+02 5.000000e-20 5.000000e-20
1.256000e+02 5.000000e-20 5.000000e-20
1.257000e+02 5.000000e-20 5.000000e-20
1.258000e+02 5.000000e-20 5.000000e-20
1.259000e+02 5.000000e-20 5.000000e-20
1.260000e+02 5.000000e-20 5.000000e-20
1.261000e+02 5.000000e-20 5.000000e-20
1.262000e+02 5.000000e-20 5.000000e-20
1.263000e+02 5.000000e-20 5.000000e-20
1.264000e+02 5.000000e-20 5.000000e-20
1.265000e+02 5.000000e-20 5.000000e-20
1.266000e+02 5.000000e-20 5.000000e-20
1.267000e+02 5.000000e-20 5.000000e-20
1.268000e+02 5.000000e-20 5.000000e-20
1.269000e+02 5.000000e-20 5.000000e-20
1.270000e+02 5.000000e-20 5.000000e-20
1.271000e+02 5.000000e-20 5.000000e-20
1.272000e+02 5.000000e-20 5.000000e-20
1.273000e+02 5.000000e-20 5.000000e-20
1.274000e+02 5.000000e-20 5.000000e-20
1.275000e+02 5.000000e-20 5.000000e-20
1.276000e+02 5.000000e-20 5.000000e-20
1.277000e+02 5.000000e-20 5.000000e-20
1.278000e+02 5.000000e-20 5.000000e-20
1.279000e+02 5.000000e-20 5.000000e-20
1.280000e+02 5.000000e-20 5.000000e-20
1.281000e+02 5.000000e-20 5.000000e-20
1.282000e+02 5.000000e-20 5.000000e-20
1.283000e+02 5.000000e-20 5.000000e-20
1.284000e+02 5.000000e-20 5.000000e-20
1.285000e+02 5.000000e-20 5.000000e-20
1.286000e+02 5.000000e-20 5.000000e-20
1.287000e+02 5.000000e-20 5.000000e-20
1.288000e+02 5.000000e-20 5.000000e-20
1.289000e+02 5.000000e-20 5.000000e-20
1.290000e+02 5.000000e-20 5.000000e-20
1.291000e+02 5.000000e-20 5.000000e-20
1.292000e+02 5.000000e-20 5.000000e-20
1.293000e+02 5.000000e-20 5.000000e-20
1.294000e+02 5.000000e-20 5.000000e-20
1.295000e+02 5.000000e-20 5.000000e-20
1.296000e+02 5.000000e-20 5.000000e-20
1.297000e+02 5.131568e-20 5.131568e-20
1.298000e+02 7.472853e-20 7.472853e-20
1.299000e+02 1.453253e-19 1.453253e-19
1.300000e+02 2.677956e-19 2.677956e-19
1.301000e+02 4.676968e-19 4.676968e-19
1.302000e+02 7.743470e-19 7.743470e-19
1.303000e+02 1.215776e-18 1.215776e-18
1.304000e+02 1.810855e-18 1.810855e-18
1.305000e+02 2.559923e-18 2.559923e-18
1.306000e+02 3.436555e-18 3.436555e-18
1.307000e+02 4.383871e-18 4.383871e-18
1.308000e+02 5.318185e-18 5.318185e-18
1.309000e+02 6.140771e-18 6.140771e-18
1.310000e+02 6.755631e-18 6.755631e-18
1.311000e+02 7.088628e-18 7.088628e-18
1.312000e+02 7.102434e-18 7.102434e-18
1.313000e+02 6.803013e-18 6.803013e-18
1.314000e+02 6.236216e-18 6.236216e-18
1.315000e+02 5.476295e-18 5.476295e-18
1.316000e+02 4.610280e-18 4.610280e-18
1.317000e+02 3.722635e-18 3.722635e-18
1.318000e+02 2.883511e-18 2.883511e-18
1.319000e+02 2.142186e-18 2.142186e-18
1.320000e+02 1.525570e-18 1.525570e-18
1.321000e+02 1.040644e-18 1.040644e-18
1.322000e+02 6.792560e-19 6.792560e-19
1.323000e+02 4.237774e-19 4.237774e-19
1.324000e+02 2.524094e-19 2.524094e-19
1.325000e+02 1.433618e-19 1.433618e-19
1.326000e+02 7.756137e-20 7.756137e-20
1.327000e+02 5.001312e-20 5.001312e-20
1.328000e+02 5.000000e-20 5.000000e-20
1.329000e+02 5.000000e-20 5.000000e-20
1.330000e+02 5.000000e-20 5.000000e-20
1.331000e+02 5.000000e-20 5.000000e-20
1.332000e+02 5.000000e-20 5.000000e-20
1.333000e+02 5.000000e-20 5.000000e-20
1.334000e+02 5.000000e-20 5.000000e-20
1.335000e+02 5.000000e-20 5.000000e-20
1.336000e+02 5.000000e-20 5.000000e-20
1.337000e+02 5.000000e-20 5.000000e-20
1.338000e+02 5.000000e-20 5.000000e-20
1.339000e+02 5.000000e-20 5.000000e-20
1.340000e+02 5.000000e-20 5.000000e-20
1.341000e+02 5.000000e-20 5.000000e-20
1.342000e+02 5.000000e-20 5.000000e-20
1.343000e+02 5.000000e-20 5.000000e-20
1.344000e+02 5.000000e-20 5.000000e-20
1.345000e+02 5.000000e-20 5.000000e-20
1.346000e+02 5.000000e-20 5.000000e-20
1.347000e+02 5.000000e-20 5.000000e-20
1.348000e+02 5.000000e-20 5.000000e-20
1.349000e+02 5.000000e-20 5.000000e-20
1.350000e+02 5.000000e-20 5.000000e-20
1.351000e+02 5.000000e-20 5.000000e-20
1.352000e+02 5.000000e-20 5.000000e-20
1.353000e+02 5.000000e-20 5.000000e-20
1.354000e+02 5.000000e-20 5.000000e-20
1.355000e+02 5.000000e-20 5.000000e-20
1.356000e+02 5.000000e-20 5.000000e-20
1.357000e+02 5.000000e-20 5.000000e-20
1.358000e+02 5.000000e-20 5.000000e-20
1.359000e+02 5.000000e-20 5.000000e-20
1.360000e+02 5.000000e-20 5.000000e-20
1.361000e+02 5.000000e-20 5.000000e-20
1.362000e+02 5.000000e-20 5.000000e-20
1.363000e+02 5.000000e-20 5.000000e-20
1.364000e+02 5.000000e-20 5.000000e-20
1.365000e+02 6.021123e-20 6.021123e-20
1.366000e+02 1.064434e-19 1.064434e-19
1.367000e+02 2.100472e-19 2.100472e-19
1.368000e+02 3.950678e-19 3.950678e-19
1.369000e+02 7.048978e-19 7.048978e-19
1.370000e+02 1.191456e-18 1.191456e-18
1.371000e+02 1.907010e-18 1.907010e-18
1.372000e+02 2.890016e-18 2.890016e-18
1.373000e+02 4.146730e-18 4.146730e-18
1.374000e+02 5.633338e-18 5.633338e-18
1.375000e+02 7.245709e-18 7.245709e-18
1.376000e+02 8.823785e-18 8.823785e-18
1.377000e+02 1.017419e-17 1.017419e-17
1.378000e+02 1.110824e-17 1.110824e-17
1.379000e+02 1.148588e-17 1.148588e-17
1.380000e+02 1.125205e-17 1.125205e-17
1.381000e+02 1.045343e-17 1.045343e-17
1.382000e+02 9.230138e-18 9.230138e-18
1.383000e+02 7.785582e-18 7.785582e-18
1.384000e+02 6.345039e-18 6.345039e-18
1.385000e+02 5.115341e-18 5.115341e-18
1.386000e+02 4.255032e-18 4.255032e-18
1.387000e+02 3.858161e-18 3.858161e-18
1.388000e+02 3.949501e-18 3.949501e-18
1.389000e+02 4.486953e-18 4.486953e-18
1.390000e+02 5.368490e-18 5.368490e-18
1.391000e+02 6.444224e-18 6.444224e-18
1.392000e+02 7.536071e-18 7.536071e-18
1.393000e+02 8.466222e-18 8.466222e-18
1.394000e+02 9.091336e-18 9.091336e-18
1.395000e+02 9.334532e-18 9.334532e-18
1.396000e+02 9.204811e-18 9.204811e-18
1.397000e+02 8.795530e-18 8.795530e-18
1.398000e+02 8.259714e-18 8.259714e-18
1.399000e+02 7.767858e-18 7.767858e-18
1.400000e+02 7.460224e-18 7.460224e-18
1.401000e+02 7.407944e-18 7.407944e-18
1.402000e+02 7.594668e-18 7.594668e-18
1.403000e+02 7.924213e-18 7.924213e-18
1.404000e+02 8.251711e-18 8.251711e-18
1.405000e+02 8.428897e-18 8.428897e-18
1.406000e+02 8.350389e-18 8.350389e-18
1.407000e+02 7.988370e-18 7.988370e-18
1.408000e+02 7.407561e-18 7.407561e-18
1.409000e+02 6.758830e-18 6.758830e-18
1.410000e+02 6.255517e-18 6.255517e-18
1.411000e+02 6.139197e-18 6.139197e-18
1.412000e+02 6.640799e-18 6.640799e-18
1.413000e+02 7.940422e-18 7.940422e-18
1.414000e+02 1.012760e-17 1.012760e-17
1.415000e+02 1.316537e-17 1.316537e-17
1.416000e+02 1.686570e-17 1.686570e-17
1.417000e+02 2.088776e-17 2.088776e-17
1.418000e+02 2.476972e-17 2.476972e-17
1.419000e+02 2.799741e-17 2.799741e-17
1.420000e+02 3.009981e-17 3.009981e-17
1.421000e+02 3.074861e-17 3.074861e-17
1.422000e+02 2.983226e-17 2.983226e-17
1.423000e+02 2.748045e-17 2.748045e-17
1.424000e+02 2.403024e-17 2.403024e-17
1.425000e+02 1.994462e-17 1.994462e-17
1.426000e+02 1.570980e-17 1.570980e-17
1.427000e+02 1.174192e-17 1.174192e-17
1.428000e+02 8.326812e-18 8.326812e-18
1.429000e+02 5.601925e-18 5.601925e-18
1.430000e+02 3.574896e-18 3.574896e-18
1.431000e+02 2.163755e-18 2.163755e-18
1.432000e+02 1.242038e-18 1.242038e-18
1.433000e+02 6.762042e-19 6.762042e-19
1.434000e+02 3.495208e-19 3.495208e-19
1.435000e+02 1.726051e-19 1.726051e-19
1.436000e+02 8.436052e-20 8.436052e-20
1.437000e+02 5.213882e-20 5.213882e-20
1.438000e+02 5.242180e-20 5.242180e-20
1.439000e+02 7.784219e-20 7.784219e-20
1.440000e+02 1.572494e-19 1.572494e-19
1.441000e+02 3.165874e-19 3.165874e-19
1.442000e+02 6.091041e-19 6.091041e-19
1.443000e+02 1.111340e-18 1.111340e-18
1.444000e+02 1.920333e-18 1.920333e-18
1.445000e+02 3.141811e-18 3.141811e-18
1.446000e+02 4.866789e-18 4.866789e-18
1.447000e+02 7.137811e-18 7.137811e-18
1.448000e+02 9.911837e-18 9.911837e-18
1.449000e+02 1.303237e-17 1.303237e-17
1.450000e+02 1.622552e-17 1.622552e-17
1.451000e+02 1.913072e-17 1.913072e-17
1.452000e+02 2.136585e-17 2.136585e-17
1.453000e+02 2.261299e-17 2.261299e-17
1.454000e+02 2.269941e-17 2.269941e-17
1.455000e+02 2.164698e-17 2.164698e-17
1.456000e+02 1.967162e-17 1.967162e-17
1.457000e+02 1.713170e-17 1.713170e-17
1.458000e+02 1.444184e-17 1.444184e-17
1.459000e+02 1.197866e-17 1.197866e-17
1.460000e+02 1.000580e-17 1.000580e-17
1.461000e+02 8.635555e-18 8.635555e-18
1.462000e+02 7.831851e-18 7.831851e-18
1.463000e+02 7.447036e-18 7.447036e-18
1.464000e+02 7.277701e-18 7.277701e-18
1.465000e+02 7.122932e-18 7.122932e-18
1.466000e+02 6.830774e-18 6.830774e-18
1.467000e+02 6.323894e-18 6.323894e-18
1.468000e+02 5.601994e-18 5.601994e-18
1.469000e+02 4.724780e-18 4.724780e-18
1.470000e+02 3.783834e-18 3.783834e-18
1.471000e+02 2.873246e-18 2.873246e-18
1.472000e+02 2.067166e-18 2.067166e-18
1.473000e+02 1.408529e-18 1.408529e-18
1.474000e+02 9.087626e-19 9.087626e-19
1.475000e+02 5.551086e-19 5.551086e-19
1.476000e+02 3.210098e-19 3.210098e-19
1.477000e+02 1.757327e-19 1.757327e-19
1.478000e+02 9.106846e-20 9.106846e-20
1.479000e+02 5.400859e-20 5.400859e-20
1.480000e+02 5.000000e-20 5.000000e-20
1.481000e+02 5.000000e-20 5.000000e-20
1.482000e+02 5.000000e-20 5.000000e-20
1.483000e+02 5.000000e-20 5.000000e-20
1.484000e+02 5.000000e-20 5.000000e-20
1.485000e+02 5.000000e-20 5.000000e-20
1.486000e+02 5.000000e-20 5.000000e-20
1.487000e+02 5.000000e-20 5.000000e-20
1.488000e+02 5.000000e-20 5.000000e-20
1.489000e+02 5.000000e-20 5.000000e-20
1.490000e+02 5.000000e-20 5.000000e-20
1.491000e+02 5.000000e-20 5.000000e-20
1.492000e+02 5.000000e-20 5.000000e-20
1.493000e+02 5.000000e-20 5.000000e-20
1.494000e+02 5.000000e-20 5.000000e-20
1.495000e+02 5.000000e-20 5.000000e-20
1.496000e+02 5.000000e-20 5.000000e-20
1.497000e+02 5.000000e-20 5.000000e-20
1.498000e+02 5.000000e-20 5.000000e-20
1.499000e+02 5.000000e-20 5.000000e-20
1.500000e+02 5.000000e-20 5.000000e-20
1.501000e+02 5.000000e-20 5.000000e-20
1.502000e+02 5.000000e-20 5.000000e-20
1.503000e+02 5.000000e-20 5.000000e-20
1.504000e+02 5.000000e-20 5.000000e-20
1.505000e+02 5.000000e-20 5.000000e-20
1.506000e+02 5.000000e-20 5.000000e-20
1.507000e+02 5.000000e-20 5.000000e-20
1.508000e+02 5.000000e-20 5.000000e-20
1.509000e+02 5.000000e-20 5.000000e-20
1.510000e+02 5.000000e-20 5.000000e-20
1.511000e+02 5.000000e-20 5.000000e-20
1.512000e+02 5.000000e-20 5.000000e-20
1.513000e+02 5.000000e-20 5.000000e-20
1.514000e+02 5.000000e-20 5.000000e-20
1.515000e+02 5.000000e-20 5.000000e-20
1.516000e+02 5.000000e-20 5.000000e-20
1.517000e+02 5.000000e-20 5.000000e-20
1.518000e+02 5.000000e-20 5.000000e-20
1.519000e+02 5.000000e-20 5.000000e-20
1.520000e+02 5.000000e-20 5.000000e-20
1.521000e+02 5.000000e-20 5.000000e-20
1.522000e+02 5.000000e-20 5.000000e-20
1.523000e+02 5.000000e-20 5.000000e-20
1.524000e+02 5.000000e-20 5.000000e-20
1.525000e+02 5.000000e-20 5.000000e-20
1.526000e+02 5.000000e-20 5.000000e-20
1.527000e+02 5.000000e-20 5.000000e-20
1.528000e+02 5.000000e-20 5.000000e-20
1.529000e+02 5.000000e-20 5.000000e-20
1.530000e+02 5.000000e-20 5.000000e-20
1.531000e+02 5.000000e-20 5.000000e-20
1.532000e+02 5.000000e-20 5.000000e-20
1.533000e+02 5.000000e-20 5.000000e-20
1.534000e+02 5.000000e-20 5.000000e-20
1.535000e+02 5.000000e-20 5.000000e-20
1.536000e+02 5.000000e-20 5.000000e-20
1.537000e+02 5.000000e-20 5.000000e-20
1.538000e+02 5.000000e-20 5.000000e-20
1.539000e+02 5.000000e-20 5.000000e-20
1.540000e+02 5.000000e-20 5.000000e-20
1.541000e+02 5.000000e-20 5.000000e-20
1.542000e+02 5.000000e-20 5.000000e-20
1.543000e+02 5.000000e-20 5.000000e-20
1.544000e+02 5.000000e-20 5.000000e-20
1.545000e+02 5.000000e-20 5.000000e-20
1.546000e+02 5.000000e-20 5.000000e-20
1.547000e+02 5.000000e-20 5.000000e-20
1.548000e+02 5.000000e-20 5.000000e-20
1.549000e+02 5.000000e-20 5.000000e-20
1.550000e+02 5.000000e-20 5.000000e-20
1.551000e+02 5.000000e-20 5.000000e-20
1.552000e+02 5.000000e-20 5.000000e-20
1.553000e+02 5.000000e-20 5.000000e-20
1.554000e+02 5.000000e-20 5.000000e-20
1.555000e+02 5.000000e-20 5.000000e-20
1.556000e+02 5.000000e-20 5.000000e-20
1.557000e+02 5.000000e-20 5.000000e-20
1.558000e+02 5.000000e-20 5.000000e-20
1.559000e+02 5.000000e-20 5.000000e-20
1.560000e+02 5.000000e-20 5.000000e-20
1.561000e+02 5.000000e-20 5.000000e-20
1.562000e+02 5.000000e-20 5.000000e-20
1.563000e+02 5.000000e-20 5.000000e-20
1.564000e+02 5.000000e-20 5.000000e-20
1.565000e+02 5.000000e-20 5.000000e-20
1.566000e+02 5.000000e-20 5.000000e-20
1.567000e+02 5.000000e-20 5.000000e-20
1.568000e+02 5.000000e-20 5.000000e-20
1.569000e+02 5.000000e-20 5.000000e-20
1.570000e+02 5.000000e-20 5.000000e-20
1.571000e+02 5.000000e-20 5.000000e-20
1.572000e+02 5.000000e-20 5.000000e-20
1.573000e+02 5.000000e-20 5.000000e-20
1.574000e+02 5.000000e-20 5.000000e-20
1.575000e+02 5.461346e-20 5.461346e-20
1.576000e+02 9.105941e-20 9.105941e-20
1.577000e+02 1.822650e-19 1.822650e-19
1.578000e+02 3.459123e-19 3.459123e-19
1.579000e+02 6.223975e-19 6.223975e-19
1.580000e+02 1.061611e-18 1.061611e-18
1.581000e+02 1.716395e-18 1.716395e-18
1.582000e+02 2.630173e-18 2.630173e-18
1.583000e+02 3.819705e-18 3.819705e-18
1.584000e+02 5.256771e-18 5.256771e-18
1.585000e+02 6.855189e-18 6.855189e-18
1.586000e+02 8.470336e-18 8.470336e-18
1.587000e+02 9.915946e-18 9.915946e-18
1.588000e+02 1.099749e-17 1.099749e-17
1.589000e+02 1.155458e-17 1.155458e-17
1.590000e+02 1.149987e-17 1.149987e-17
1.591000e+02 1.084146e-17 1.084146e-17
1.592000e+02 9.680980e-18 9.680980e-18
1.593000e+02 8.187816e-18 8.187816e-18
1.594000e+02 6.558678e-18 6.558678e-18
1.595000e+02 4.975620e-18 4.975620e-18
1.596000e+02 3.574743e-18 3.574743e-18
1.597000e+02 2.432170e-18 2.432170e-18
1.598000e+02 1.567041e-18 1.567041e-18
1.599000e+02 9.560706e-19 9.560706e-19
1.600000e+02 5.523441e-19 5.523441e-19
1.601000e+02 3.021530e-19 3.021530e-19
1.602000e+02 1.565053e-19 1.565053e-19
1.603000e+02 7.712524e-20 7.712524e-20
1.604000e+02 5.000000e-20 5.000000e-20
1.605000e+02 5.000000e-20 5.000000e-20
1.606000e+02 5.000000e-20 5.000000e-20
1.607000e+02 5.000000e-20 5.000000e-20
1.608000e+02 5.000000e-20 5.000000e-20
1.609000e+02 5.000000e-20 5.000000e-20
1.610000e+02 5.000000e-20 5.000000e-20
1.611000e+02 5.000000e-20 5.000000e-20
1.612000e+02 5.000000e-20 5.000000e-20
1.613000e+02 5.000000e-20 5.000000e-20
1.614000e+02 5.000000e-20 5.000000e-20
1.615000e+02 5.000000e-20 5.000000e-20
1.616000e+02 5.000000e-20 5.000000e-20
1.617000e+02 5.000000e-20 5.000000e-20
1.618000e+02 5.000000e-20 5.000000e-20
1.619000e+02 5.000000e-20 5.000000e-20
1.620000e+02 5.000000e-20 5.000000e-20
1.621000e+02 5.000000e-20 5.000000e-20
1.622000e+02 5.000000e-20 5.000000e-20
1.623000e+02 5.000000e-20 5.000000e-20
1.624000e+02 5.000000e-20 5.000000e-20
1.625000e+02 5.000000e-20 5.000000e-20
1.626000e+02 5.000000e-20 5.000000e-20
1.627000e+02 5.000000e-20 5.000000e-20
1.628000e+02 5.211617e-20 5.211617e-20
1.629000e+02 9.081229e-20 9.081229e-20
1.630000e+02 2.052511e-19 2.052511e-19
1.631000e+02 4.391807e-19 4.391807e-19
1.632000e+02 8.896767e-19 8.896767e-19
1.633000e+02 1.706363e-18 1.706363e-18
1.634000e+02 3.098757e-18 3.098757e-18
1.635000e+02 5.328688e-18 5.328688e-18
1.636000e+02 8.678202e-18 8.678202e-18
1.637000e+02 1.338780e-17 1.338780e-17
1.638000e+02 1.957067e-17 1.957067e-17
1.639000e+02 2.712378e-17 2.712378e-17
1.640000e+02 3.567044e-17 3.567044e-17
1.641000e+02 4.457117e-17 4.457117e-17
1.642000e+02 5.302477e-17 5.302477e-17
1.643000e+02 6.024804e-17 6.024804e-17
1.644000e+02 6.568391e-17 6.568391e-17
1.645000e+02 6.916146e-17 6.916146e-17
1.646000e+02 7.093625e-17 7.093625e-17
1.647000e+02 7.157915e-17 7.157915e-17
1.648000e+02 7.174392e-17 7.174392e-17
1.649000e+02 7.189955e-17 7.189955e-17
1.650000e+02 7.213498e-17 7.213498e-17
1.651000e+02 7.211788e-17 7.211788e-17
1.652000e+02 7.122555e-17 7.122555e-17
1.653000e+02 6.879386e-17 6.879386e-17
1.654000e+02 6.438278e-17 6.438278e-17
1.655000e+02 5.795552e-17 5.795552e-17
1.656000e+02 4.991058e-17 4.991058e-17
1.657000e+02 4.096937e-17 4.096937e-17
1.658000e+02 3.197660e-17 3.197660e-17
1.659000e+02 2.369318e-17 2.369318e-17
1.660000e+02 1.664918e-17 1.664918e-17
1.661000e+02 1.108827e-17 1.108827e-17
1.662000e+02 6.996297e-18 6.996297e-18
1.663000e+02 4.181547e-18 4.181547e-18
1.664000e+02 2.368158e-18 2.368158e-18
1.665000e+02 1.273767e-18 1.273767e-18
1.666000e+02 6.583213e-19 6.583213e-19
1.667000e+02 3.449316e-19 3.449316e-19
1.668000e+02 2.214190e-19 2.214190e-19
1.669000e+02 2.327106e-19 2.327106e-19
1.670000e+02 3.716052e-19 3.716052e-19
1.671000e+02 6.711873e-19 6.711873e-19
1.672000e+02 1.198110e-18 1.198110e-18
1.673000e+02 2.043175e-18 2.043175e-18
1.674000e+02 3.304808e-18 3.304808e-18
1.675000e+02 5.062718e-18 5.062718e-18
1.676000e+02 7.343316e-18 7.343316e-18
1.677000e+02 1.008437e-17 1.008437e-17
1.678000e+02 1.311146e-17 1.311146e-17
1.679000e+02 1.613987e-17 1.613987e-17
1.680000e+02 1.881039e-17 1.881039e-17
1.681000e+02 2.075610e-17 2.075610e-17
1.682000e+02 2.168427e-17 2.168427e-17
1.683000e+02 2.144841e-17 2.144841e-17
1.684000e+02 2.008614e-17 2.008614e-17
1.685000e+02 1.780938e-17 1.780938e-17
1.686000e+02 1.495032e-17 1.495032e-17
1.687000e+02 1.188229e-17 1.188229e-17
1.688000e+02 8.941201e-18 8.941201e-18
1.689000e+02 6.369929e-18 6.369929e-18
1.690000e+02 4.296487e-18 4.296487e-18
1.691000e+02 2.743652e-18 2.743652e-18
1.692000e+02 1.658736e-18 1.658736e-18
1.693000e+02 9.494103e-19 9.494103e-19
1.694000e+02 5.144631e-19 5.144631e-19
1.695000e+02 2.639206e-19 2.639206e-19
1.696000e+02 1.281756e-19 1.281756e-19
1.697000e+02 6.585133e-20 6.585133e-20
1.698000e+02 5.000000e-20 5.000000e-20
1.699000e+02 5.000000e-20 5.000000e-20
1.700000e+02 5.000000e-20 5.000000e-20
1.701000e+02 5.000000e-20 5.000000e-20
1.702000e+02 5.000000e-20 5.000000e-20
1.703000e+02 5.000000e-20 5.000000e-20
1.704000e+02 5.000000e-20 5.000000e-20
1.705000e+02 5.000000e-20 5.000000e-20
1.706000e+02 5.000000e-20 5.000000e-20
1.707000e+02 5.000000e-20 5.000000e-20
1.708000e+02 5.000000e-20 5.000000e-20
1.709000e+02 5.000000e-20 5.000000e-20
1.710000e+02 5.000000e-20 5.000000e-20
1.711000e+02 5.000000e-20 5.000000e-20
1.712000e+02 5.000000e-20 5.000000e-20
1.713000e+02 5.000000e-20 5.000000e-20
1.714000e+02 5.000000e-20 5.000000e-20
1.715000e+02 5.000000e-20 5.000000e-20
1.716000e+02 5.000000e-20 5.000000e-20
1.717000e+02 5.000000e-20 5.000000e-20
1.718000e+02 5.000000e-20 5.000000e-20
1.719000e+02 5.000000e-20 5.000000e-20
1.720000e+02 5.000000e-20 5.000000e-20
1.721000e+02 5.000000e-20 5.000000e-20
1.722000e+02 5.000000e-20 5.000000e-20
1.723000e+02 5.000000e-20 5.000000e-20
1.724000e+02 5.000000e-20 5.000000e-20
1.725000e+02 5.000000e-20 5.000000e-20
1.726000e+02 5.000000e-20 5.000000e-20
1.727000e+02 5.000000e-20 5.000000e-20
1.728000e+02 5.000000e-20 5.000000e-20
1.729000e+02 5.000000e-20 5.000000e-20
1.730000e+02 5.000000e-20 5.000000e-20
1.731000e+02 5.000000e-20 5.000000e-20
1.732000e+02 5.000000e-20 5.000000e-20
1.733000e+02 5.000000e-20 5.000000e-20
1.734000e+02 5.000000e-20 5.000000e-20
1.735000e+02 5.000000e-20 5.000000e-20
1.736000e+02 5.000000e-20 5.000000e-20
1.737000e+02 5.000000e-20 5.000000e-20
1.738000e+02 5.000000e-20 5.000000e-20
1.739000e+02 5.000000e-20 5.000000e-20
1.740000e+02 5.000000e-20 5.000000e-20
1.741000e+02 5.000000e-20 5.000000e-20
1.742000e+02 5.000000e-20 5.000000e-20
1.743000e+02 5.000000e-20 5.000000e-20
1.744000e+02 5.000000e-20 5.000000e-20
1.745000e+02 5.000000e-20 5.000000e-20
1.746000e+02 5.000000e-20 5.000000e-20
1.747000e+02 5.000000e-20 5.000000e-20
1.748000e+02 5.000000e-20 5.000000e-20
1.749000e+02 5.000000e-20 5.000000e-20
1.750000e+02 5.000000e-20 5.000000e-20
1.751000e+02 5.000000e-20 5.000000e-20
1.752000e+02 5.000000e-20 5.000000e-20
1.753000e+02 5.000000e-20 5.000000e-20
1.754000e+02 5.000000e-20 5.000000e-20
1.755000e+02 5.000000e-20 5.000000e-20
1.756000e+02 5.000000e-20 5.000000e-20
1.757000e+02 5.000000e-20 5.000000e-20
1.758000e+02 5.000000e-20 5.000000e-20
1.759000e+02 5.000000e-20 5.000000e-20
1.760000e+02 5.000000e-20 5.000000e-20
1.761000e+02 5.000000e-20 5.000000e-20
1.762000e+02 5.000000e-20 5.000000e-20
1.763000e+02 5.000000e-20 5.000000e-20
1.764000e+02 5.000000e-20 5.000000e-20
1.765000e+02 5.000000e-20 5.000000e-20
1.766000e+02 5.000000e-20 5.000000e-20
1.767000e+02 5.000000e-20 5.000000e-20
1.768000e+02 5.000000e-20 5.000000e-20
1.769000e+02 5.000000e-20 5.000000e-20
1.770000e+02 5.000000e-20 5.000000e-20
1.771000e+02 5.000000e-20 5.000000e-20
1.772000e+02 6.210575e-20 6.210575e-20
1.773000e+02 1.155486e-19 1.155486e-19
1.774000e+02 2.353287e-19 2.353287e-19
1.775000e+02 4.537318e-19 4.537318e-19
1.776000e+02 8.282152e-19 8.282152e-19
1.777000e+02 1.431238e-18 1.431238e-18
1.778000e+02 2.341584e-18 2.341584e-18
1.779000e+02 3.626948e-18 3.626948e-18
1.780000e+02 5.318757e-18 5.318757e-18
1.781000e+02 7.384479e-18 7.384479e-18
1.782000e+02 9.706738e-18 9.706738e-18
1.783000e+02 1.208017e-17 1.208017e-17
1.784000e+02 1.423381e-17 1.423381e-17
1.785000e+02 1.587884e-17 1.587884e-17
1.786000e+02 1.677133e-17 1.677133e-17
1.787000e+02 1.677133e-17 1.677133e-17
1.788000e+02 1.587884e-17 1.587884e-17
1.789000e+02 1.423381e-17 1.423381e-17
1.790000e+02 1.208017e-17 1.208017e-17
1.791000e+02 9.706738e-18 9.706738e-18
1.792000e+02 7.384479e-18 7.384479e-18
1.793000e+02 5.318757e-18 5.318757e-18
1.794000e+02 3.626948e-18 3.626948e-18
1.795000e+02 2.341584e-18 2.341584e-18
1.796000e+02 1.431238e-18 1.431238e-18
1.797000e+02 8.282152e-19 8.282152e-19
1.798000e+02 4.537318e-19 4.537318e-19
1.799000e+02 2.353287e-19 2.353287e-19
1.800000e+02 1.155487e-19 1.155487e-19
1.801000e+02 6.210583e-20 6.210583e-20
1.802000e+02 5.000000e-20 5.000000e-20
1.803000e+02 5.000000e-20 5.000000e-20
1.804000e+02 5.000000e-20 5.000000e-20
1.805000e+02 5.000000e-20 5.000000e-20
1.806000e+02 5.000000e-20 5.000000e-20
1.807000e+02 5.000000e-20 5.000000e-20
1.808000e+02 5.000000e-20 5.000000e-20
1.809000e+02 5.000000e-20 5.000000e-20
1.810000e+02 5.000000e-20 5.000000e-20
1.811000e+02 5.000000e-20 5.000000e-20
1.812000e+02 6.041707e-20 6.041707e-20
1.813000e+02 1.082426e-19 1.082426e-19
1.814000e+02 2.144940e-19 2.144940e-19
1.815000e+02 4.023921e-19 4.023921e-19
1.816000e+02 7.146719e-19 7.146719e-19
1.817000e+02 1.201688e-18 1.201688e-18
1.818000e+02 1.912976e-18 1.912976e-18
1.819000e+02 2.883134e-18 2.883134e-18
1.820000e+02 4.113982e-18 4.113982e-18
1.821000e+02 5.557854e-18 5.557854e-18
1.822000e+02 7.108935e-18 7.108935e-18
1.823000e+02 8.609164e-18 8.609164e-18
1.824000e+02 9.871538e-18 9.871538e-18
1.825000e+02 1.071735e-17 1.071735e-17
1.826000e+02 1.101757e-17 1.101757e-17
1.827000e+02 1.072517e-17 1.072517e-17
1.828000e+02 9.887383e-18 9.887383e-18
1.829000e+02 8.633277e-18 8.633277e-18
1.830000e+02 7.141319e-18 7.141319e-18
1.831000e+02 5.597974e-18 5.597974e-18
1.832000e+02 4.160559e-18 4.160559e-18
1.833000e+02 2.934117e-18 2.934117e-18
1.834000e+02 1.965722e-18 1.965722e-18
1.835000e+02 1.253319e-18 1.253319e-18
1.836000e+02 7.625069e-19 7.625069e-19
1.837000e+02 4.443472e-19 4.443472e-19
1.838000e+02 2.493317e-19 2.493317e-19
1.839000e+02 1.356303e-19 1.356303e-19
1.840000e+02 7.226189e-20 7.226189e-20
1.841000e+02 5.000000e-20 5.000000e-20
1.842000e+02 5.000000e-20 5.000000e-20
1.843000e+02 5.000000e-20 5.000000e-20
1.844000e+02 5.000000e-20 5.000000e-20
1.845000e+02 5.000000e-20 5.000000e-20
1.846000e+02 5.000000e-20 5.000000e-20
1.847000e+02 5.000000e-20 5.000000e-20
1.848000e+02 5.000000e-20 5.000000e-20
1.849000e+02 5.000000e-20 5.000000e-20
1.850000e+02 5.000000e-20 5.000000e-20
1.851000e+02 5.000000e-20 5.000000e-20
1.852000e+02 5.000000e-20 5.000000e-20
1.853000e+02 5.000000e-20 5.000000e-20
1.854000e+02 5.000000e-20 5.000000e-20
1.855000e+02 5.000000e-20 5.000000e-20
1.856000e+02 5.000000e-20 5.000000e-20
1.857000e+02 5.000000e-20 5.000000e-20
1.858000e+02 5.000000e-20 5.000000e-20
1.859000e+02 5.000000e-20 5.000000e-20
1.860000e+02 5.000000e-20 5.000000e-20
1.861000e+02 5.000000e-20 5.000000e-20
1.862000e+02 5.000000e-20 5.000000e-20
1.863000e+02 5.000000e-20 5.000000e-20
1.864000e+02 5.000000e-20 5.000000e-20
1.865000e+02 5.000000e-20 5.000000e-20
1.866000e+02 5.000000e-20 5.000000e-20
1.867000e+02 5.000000e-20 5.000000e-20
1.868000e+02 5.000000e-20 5.000000e-20
1.869000e+02 5.000000e-20 5.000000e-20
1.870000e+02 5.000000e-20 5.000000e-20
1.871000e+02 5.000000e-20 5.000000e-20
1.872000e+02 5.000000e-20 5.000000e-20
1.873000e+02 5.000000e-20 5.000000e-20
1.874000e+02 5.000000e-20 5.000000e-20
1.875000e+02 5.000000e-20 5.000000e-20
1.876000e+02 5.000000e-20 5.000000e-20
1.877000e+02 5.000000e-20 5.000000e-20
1.878000e+02 5.000000e-20 5.000000e-20
1.879000e+02 5.000000e-20 5.000000e-20
1.880000e+02 5.000000e-20 5.000000e-20
1.881000e+02 5.000000e-20 5.000000e-20
1.882000e+02 5.000000e-20 5.000000e-20
1.883000e+02 5.000000e-20 5.000000e-20
1.884000e+02 5.000000e-20 5.000000e-20
1.885000e+02 5.000000e-20 5.000000e-20
1.886000e+02 5.000000e-20 5.000000e-20
1.887000e+02 5.000000e-20 5.000000e-20
1.888000e+02 5.000000e-20 5.000000e-20
1.889000e+02 5.000000e-20 5.000000e-20
1.890000e+02 5.000000e-20 5.000000e-20
1.891000e+02 5.000000e-20 5.000000e-20
1.892000e+02 5.000000e-20 5.000000e-20
1.893000e+02 5.000000e-20 5.000000e-20
1.894000e+02 5.000000e-20 5.000000e-20
1.895000e+02 5.000000e-20 5.000000e-20
1.896000e+02 5.000000e-20 5.000000e-20
1.897000e+02 5.000000e-20 5.000000e-20
1.898000e+02 5.000000e-20 5.000000e-20
1.899000e+02 5.000000e-20 5.000000e-20
1.900000e+02 5.000000e-20 5.000000e-20
1.901000e+02 5.000000e-20 5.000000e-20
1.902000e+02 5.000000e-20 5.000000e-20
1.903000e+02 5.000000e-20 5.000000e-20
1.904000e+02 5.000000e-20 5.000000e-20
1.905000e+02 5.000000e-20 5.000000e-20
1.906000e+02 5.000000e-20 5.000000e-20
1.907000e+02 5.000000e-20 5.000000e-20
1.908000e+02 5.000000e-20 5.000000e-20
1.909000e+02 5.000000e-20 5.000000e-20
1.910000e+02 5.000000e-20 5.000000e-20
1.911000e+02 5.000000e-20 5.000000e-20
1.912000e+02 5.000000e-20 5.000000e-20
1.913000e+02 5.000000e-20 5.000000e-20
1.914000e+02 5.000000e-20 5.000000e-20
1.915000e+02 5.000000e-20 5.000000e-20
1.916000e+02 5.000000e-20 5.000000e-20
1.917000e+02 5.000000e-20 5.000000e-20
1.918000e+02 5.000000e-20 5.000000e-20
1.919000e+02 5.000000e-20 5.000000e-20
1.920000e+02 5.000000e-20 5.000000e-20
1.921000e+02 5.000000e-20 5.000000e-20
1.922000e+02 5.000000e-20 5.000000e-20
1.923000e+02 5.000000e-20 5.000000e-20
1.924000e+02 5.000000e-20 5.000000e-20
1.925000e+02 5.000000e-20 5.000000e-20
1.926000e+02 5.000000e-20 5.000000e-20
1.927000e+02 5.000000e-20 5.000000e-20
1.928000e+02 5.000000e-20 5.000000e-20
1.929000e+02 5.000000e-20 5.000000e-20
1.930000e+02 5.000000e-20 5.000000e-20
1.931000e+02 5.000000e-20 5.000000e-20
1.932000e+02 5.000000e-20 5.000000e-20
1.933000e+02 5.000000e-20 5.000000e-20
1.934000e+02 5.000000e-20 5.000000e-20
1.935000e+02 5.000000e-20 5.000000e-20
1.936000e+02 5.000000e-20 5.000000e-20
1.937000e+02 5.000000e-20 5.000000e-20
1.938000e+02 5.000000e-20 5.000000e-20
1.939000e+02 5.000000e-20 5.000000e-20
1.940000e+02 5.000000e-20 5.000000e-20
1.941000e+02 5.000000e-20 5.000000e-20
1.942000e+02 5.000000e-20 5.000000e-20
1.943000e+02 5.000000e-20 5.000000e-20
1.944000e+02 5.000000e-20 5.000000e-20
1.945000e+02 5.000000e-20 5.000000e-20
1.946000e+02 5.000000e-20 5.000000e-20
1.947000e+02 5.000000e-20 5.000000e-20
1.948000e+02 5.000000e-20 5.000000e-20
1.949000e+02 5.000000e-20 5.000000e-20
1.950000e+02 5.000000e-20 5.000000e-20
1.951000e+02 5.000000e-20 5.000000e-20
1.952000e+02 5.000000e-20 5.000000e-20
1.953000e+02 5.000000e-20 5.000000e-20
1.954000e+02 5.000000e-20 5.000000e-20
1.955000e+02 5.000000e-20 5.000000e-20
1.956000e+02 5.000000e-20 5.000000e-20
1.957000e+02 5.000000e-20 5.000000e-20
1.958000e+02 5.000000e-20 5.000000e-20
1.959000e+02 5.000000e-20 5.000000e-20
1.960000e+02 5.000000e-20 5.000000e-20
1.961000e+02 5.000000e-20 5.000000e-20
1.962000e+02 5.000000e-20 5.000000e-20
1.963000e+02 5.000000e-20 5.000000e-20
1.964000e+02 5.000000e-20 5.000000e-20
1.965000e+02 5.000000e-20 5.000000e-20
1.966000e+02 5.000000e-20 5.000000e-20
1.967000e+02 5.000000e-20 5.000000e-20
1.968000e+02 5.000000e-20 5.000000e-20
1.969000e+02 5.000000e-20 5.000000e-20
1.970000e+02 5.000000e-20 5.000000e-20
1.971000e+02 5.000000e-20 5.000000e-20
1.972000e+02 5.000000e-20 5.000000e-20
1.973000e+02 5.000000e-20 5.000000e-20
1.974000e+02 5.000000e-20 5.000000e-20
1.975000e+02 5.000000e-20 5.000000e-20
1.976000e+02 5.000000e-20 5.000000e-20
1.977000e+02 5.000000e-20 5.000000e-20
1.978000e+02 5.000000e-20 5.000000e-20
1.979000e+02 5.000000e-20 5.000000e-20
1.980000e+02 5.000000e-20 5.000000e-20
1.981000e+02 5.000000e-20 5.000000e-20
1.982000e+02 5.000000e-20 5.000000e-20
1.983000e+02 5.000000e-20 5.000000e-20
1.984000e+02 5.000000e-20 5.000000e-20
1.985000e+02 5.000000e-20 5.000000e-20
1.986000e+02 5.000000e-20 5.000000e-20
1.987000e+02 5.000000e-20 5.000000e-20
1.988000e+02 5.000000e-20 5.000000e-20
1.989000e+02 5.000000e-20 5.000000e-20
1.990000e+02 5.000000e-20 5.000000e-20
1.991000e+02 5.000000e-20 5.000000e-20
1.992000e+02 5.000000e-20 5.000000e-20
1.993000e+02 5.000000e-20 5.000000e-20
1.994000e+02 5.000000e-20 5.000000e-20
1.995000e+02 5.000000e-20 5.000000e-20
1.996000e+02 5.000000e-20 5.000000e-20
1.997000e+02 5.000000e-20 5.000000e-20
1.998000e+02 5.000000e-20 5.000000e-20
1.999000e+02 5.000000e-20 5.000000e-20
2.000000e+02 5.000000e-20 5.000000e-20
2.001000e+02 5.000000e-20 5.000000e-20
2.002000e+02 5.000000e-20 5.000000e-20
2.003000e+02 5.000000e-20 5.000000e-20
2.004000e+02 5.000000e-20 5.000000e-20
2.005000e+02 5.000000e-20 5.000000e-20
2.006000e+02 5.000000e-20 5.000000e-20
2.007000e+02 5.000000e-20 5.000000e-20
2.008000e+02 5.000000e-20 5.000000e-20
2.009000e+02 5.000000e-20 5.000000e-20
2.010000e+02 5.000000e-20 5.000000e-20
2.011000e+02 5.000000e-20 5.000000e-20
2.012000e+02 5.000000e-20 5.000000e-20
2.013000e+02 5.000000e-20 5.000000e-20
2.014000e+02 5.000000e-20 5.000000e-20
2.015000e+02 5.000000e-20 5.000000e-20
2.016000e+02 5.000000e-20 5.000000e-20
2.017000e+02 5.000000e-20 5.000000e-20
2.018000e+02 5.000000e-20 5.000000e-20
2.019000e+02 5.000000e-20 5.000000e-20
2.020000e+02 5.000000e-20 5.000000e-20
2.021000e+02 5.000000e-20 5.000000e-20
2.022000e+02 5.000000e-20 5.000000e-20
2.023000e+02 5.000000e-20 5.000000e-20
2.024000e+02 5.000000e-20 5.000000e-20
2.025000e+02 5.000000e-20 5.000000e-20
2.026000e+02 5.000000e-20 5.000000e-20
2.027000e+02 5.000000e-20 5.000000e-20
2.028000e+02 5.000000e-20 5.000000e-20
2.029000e+02 5.000000e-20 5.000000e-20
2.030000e+02 5.000000e-20 5.000000e-20
2.031000e+02 5.000000e-20 5.000000e-20
2.032000e+02 5.000000e-20 5.000000e-20
2.033000e+02 5.000000e-20 5.000000e-20
2.034000e+02 5.000000e-20 5.000000e-20
2.035000e+02 5.000000e-20 5.000000e-20
2.036000e+02 5.000000e-20 5.000000e-20
2.037000e+02 5.000000e-20 5.000000e-20
2.038000e+02 5.000000e-20 5.000000e-20
2.039000e+02 5.000000e-20 5.000000e-20
2.040000e+02 5.000000e-20 5.000000e-20
2.041000e+02 5.000000e-20 5.000000e-20
2.042000e+02 5.000000e-20 5.000000e-20
2.043000e+02 5.000000e-20 5.000000e-20
2.044000e+02 5.000000e-20 5.000000e-20
2.045000e+02 5.000000e-20 5.000000e-20
2.046000e+02 5.000000e-20 5.000000e-20
2.047000e+02 5.000000e-20 5.000000e-20
2.048000e+02 5.000000e-20 5.000000e-20
2.049000e+02 5.000000e-20 5.000000e-20
2.050000e+02 5.000000e-20 5.000000e-20
2.051000e+02 5.000000e-20 5.000000e-20
2.052000e+02 5.000000e-20 5.000000e-20
2.053000e+02 5.000000e-20 5.000000e-20
2.054000e+02 5.000000e-20 5.000000e-20
2.055000e+02 5.000000e-20 5.000000e-20
2.056000e+02 5.000000e-20 5.000000e-20
2.057000e+02 5.000000e-20 5.000000e-20
2.058000e+02 5.000000e-20 5.000000e-20
2.059000e+02 5.000000e-20 5.000000e-20
2.060000e+02 5.000000e-20 5.000000e-20
2.061000e+02 5.000000e-20 5.000000e-20
2.062000e+02 5.000000e-20 5.000000e-20
2.063000e+02 5.000000e-20 5.000000e-20
2.064000e+02 5.000000e-20 5.000000e-20
2.065000e+02 5.000000e-20 5.000000e-20
2.066000e+02 5.000000e-20 5.000000e-20
2.067000e+02 5.000000e-20 5.000000e-20
2.068000e+02 5.000000e-20 5.000000e-20
2.069000e+02 5.000000e-20 5.000000e-20
2.070000e+02 5.000000e-20 5.000000e-20
2.071000e+02 5.000000e-20 5.000000e-20
2.072000e+02 5.000000e-20 5.000000e-20
2.073000e+02 5.000000e-20 5.000000e-20
2.074000e+02 5.000000e-20 5.000000e-20
2.075000e+02 5.000000e-20 5.000000e-20
2.076000e+02 5.000000e-20 5.000000e-20
2.077000e+02 5.000000e-20 5.000000e-20
2.078000e+02 5.000000e-20 5.000000e-20
2.079000e+02 5.000000e-20 5.000000e-20
2.080000e+02 5.000000e-20 5.000000e-20
2.081000e+02 5.000000e-20 5.000000e-20
2.082000e+02 5.000000e-20 5.000000e-20
2.083000e+02 5.000000e-20 5.000000e-20
2.084000e+02 5.000000e-20 5.000000e-20
2.085000e+02 5.000000e-20 5.000000e-20
2.086000e+02 5.000000e-20 5.000000e-20
2.087000e+02 5.000000e-20 5.000000e-20
2.088000e+02 5.000000e-20 5.000000e-20
2.089000e+02 5.000000e-20 5.000000e-20
2.090000e+02 5.000000e-20 5.000000e-20
2.091000e+02 5.000000e-20 5.000000e-20
2.092000e+02 5.000000e-20 5.000000e-20
2.093000e+02 5.000000e-20 5.000000e-20
2.094000e+02 5.000000e-20 5.000000e-20
2.095000e+02 5.000000e-20 5.000000e-20
2.096000e+02 5.000000e-20 5.000000e-20
2.097000e+02 5.000000e-20 5.000000e-20
2.098000e+02 5.000000e-20 5.000000e-20
2.099000e+02 5.000000e-20 5.000000e-20
2.100000e+02 5.000000e-20 5.000000e-20
2.101000e+02 5.000000e-20 5.000000e-20
2.102000e+02 5.000000e-20 5.000000e-20
2.103000e+02 5.000000e-20 5.000000e-20
2.104000e+02 5.000000e-20 5.000000e-20
2.105000e+02 5.000000e-20 5.000000e-20
2.106000e+02 5.000000e-20 5.000000e-20
2.107000e+02 5.000000e-20 5.000000e-20
2.108000e+02 5.000000e-20 5.000000e-20
2.109000e+02 5.000000e-20 5.000000e-20
2.110000e+02 5.000000e-20 5.000000e-20
2.111000e+02 5.000000e-20 5.000000e-20
2.112000e+02 5.000000e-20 5.000000e-20
2.113000e+02 5.000000e-20 5.000000e-20
2.114000e+02 5.000000e-20 5.000000e-20
2.115000e+02 5.000000e-20 5.000000e-20
2.116000e+02 5.000000e-20 5.000000e-20
2.117000e+02 5.000000e-20 5.000000e-20
2.118000e+02 5.000000e-20 5.000000e-20
2.119000e+02 5.000000e-20 5.000000e-20
2.120000e+02 5.000000e-20 5.000000e-20
2.121000e+02 5.000000e-20 5.000000e-20
2.122000e+02 5.000000e-20 5.000000e-20
2.123000e+02 5.000000e-20 5.000000e-20
2.124000e+02 5.000000e-20 5.000000e-20
2.125000e+02 5.000000e-20 5.000000e-20
2.126000e+02 5.000000e-20 5.000000e-20
2.127000e+02 5.000000e-20 5.000000e-20
2.128000e+02 5.000000e-20 5.000000e-20
2.129000e+02 5.000000e-20 5.000000e-20
2.130000e+02 5.000000e-20 5.000000e-20
2.131000e+02 5.000000e-20 5.000000e-20
2.132000e+02 5.000000e-20 5.000000e-20
2.133000e+02 5.000000e-20 5.000000e-20
2.134000e+02 5.000000e-20 5.000000e-20
2.135000e+02 5.000000e-20 5.000000e-20
2.136000e+02 5.000000e-20 5.000000e-20
2.137000e+02 5.000000e-20 5.000000e-20
2.138000e+02 5.000000e-20 5.000000e-20
2.139000e+02 5.000000e-20 5.000000e-20
2.140000e+02 5.000000e-20 5.000000e-20
2.141000e+02 5.000000e-20 5.000000e-20
2.142000e+02 5.000000e-20 5.000000e-20
2.143000e+02 5.000000e-20 5.000000e-20
2.144000e+02 5.000000e-20 5.000000e-20
2.145000e+02 5.000000e-20 5.000000e-20
2.146000e+02 5.000000e-20 5.000000e-20
2.147000e+02 5.000000e-20 5.000000e-20
2.148000e+02 5.000000e-20 5.000000e-20
2.149000e+02 5.000000e-20 5.000000e-20
2.150000e+02 5.000000e-20 5.000000e-20
2.151000e+02 5.000000e-20 5.000000e-20
2.152000e+02 5.000000e-20 5.000000e-20
2.153000e+02 5.000000e-20 5.000000e-20
2.154000e+02 5.000000e-20 5.000000e-20
2.155000e+02 5.000000e-20 5.000000e-20
2.156000e+02 5.000000e-20 5.000000e-20
2.157000e+02 5.000000e-20 5.000000e-20
2.158000e+02 5.000000e-20 5.000000e-20
2.159000e+02 5.000000e-20 5.000000e-20
2.160000e+02 5.000000e-20 5.000000e-20
2.161000e+02 5.000000e-20 5.000000e-20
2.162000e+02 5.000000e-20 5.000000e-20
2.163000e+02 5.000000e-20 5.000000e-20
2.164000e+02 5.000000e-20 5.000000e-20
2.165000e+02 5.000000e-20 5.000000e-20
2.166000e+02 5.000000e-20 5.000000e-20
2.167000e+02 5.000000e-20 5.000000e-20
2.168000e+02 5.000000e-20 5.000000e-20
2.169000e+02 5.000000e-20 5.000000e-20
2.170000e+02 5.000000e-20 5.000000e-20
2.171000e+02 5.000000e-20 5.000000e-20
2.172000e+02 5.000000e-20 5.000000e-20
2.173000e+02 5.000000e-20 5.000000e-20
2.174000e+02 5.000000e-20 5.000000e-20
2.175000e+02 5.000000e-20 5.000000e-20
2.176000e+02 5.000000e-20 5.000000e-20
2.177000e+02 5.000000e-20 5.000000e-20
2.178000e+02 5.000000e-20 5.000000e-20
2.179000e+02 5.000000e-20 5.000000e-20
2.180000e+02 5.000000e-20 5.000000e-20
2.181000e+02 5.000000e-20 5.000000e-20
2.182000e+02 5.000000e-20 5.000000e-20
2.183000e+02 5.000000e-20 5.000000e-20
2.184000e+02 5.000000e-20 5.000000e-20
2.185000e+02 5.000000e-20 5.000000e-20
2.186000e+02 5.000000e-20 5.000000e-20
2.187000e+02 5.000000e-20 5.000000e-20
2.188000e+02 5.000000e-20 5.000000e-20
2.189000e+02 5.000000e-20 5.000000e-20
2.190000e+02 5.000000e-20 5.000000e-20
2.191000e+02 5.000000e-20 5.000000e-20
2.192000e+02 5.000000e-20 5.000000e-20
2.193000e+02 5.000000e-20 5.000000e-20
2.194000e+02 5.000000e-20 5.000000e-20
2.195000e+02 5.000000e-20 5.000000e-20
2.196000e+02 5.000000e-20 5.000000e-20
2.197000e+02 5.000000e-20 5.000000e-20
2.198000e+02 5.000000e-20 5.000000e-20
2.199000e+02 5.000000e-20 5.000000e-20
2.200000e+02 5.000000e-20 5.000000e-20
2.201000e+02 5.000000e-20 5.000000e-20
2.202000e+02 5.000000e-20 5.000000e-20
2.203000e+02 5.000000e-20 5.000000e-20
2.204000e+02 5.000000e-20 5.000000e-20
2.205000e+02 5.000000e-20 5.000000e-20
2.206000e+02 5.000000e-20 5.000000e-20
2.207000e+02 5.000000e-20 5.000000e-20
2.208000e+02 5.000000e-20 5.000000e-20
2.209000e+02 5.000000e-20 5.000000e-20
2.210000e+02 5.000000e-20 5.000000e-20
2.211000e+02 5.000000e-20 5.000000e-20
2.212000e+02 5.000000e-20 5.000000e-20
2.213000e+02 5.000000e-20 5.000000e-20
2.214000e+02 5.000000e-20 5.000000e-20
2.215000e+02 5.000000e-20 5.000000e-20
2.216000e+02 5.000000e-20 5.000000e-20
2.217000e+02 5.000000e-20 5.000000e-20
2.218000e+02 5.000000e-20 5.000000e-20
2.219000e+02 5.000000e-20 5.000000e-20
2.220000e+02 5.000000e-20 5.000000e-20
2.221000e+02 5.000000e-20 5.000000e-20
2.222000e+02 5.000000e-20 5.000000e-20
2.223000e+02 5.000000e-20 5.000000e-20
2.224000e+02 5.000000e-20 5.000000e-20
2.225000e+02 5.000000e-20 5.000000e-20
2.226000e+02 5.000000e-20 5.000000e-20
2.227000e+02 5.000000e-20 5.000000e-20
2.228000e+02 5.000000e-20 5.000000e-20
2.229000e+02 5.000000e-20 5.000000e-20
2.230000e+02 5.000000e-20 5.000000e-20
2.231000e+02 6.133724e-20 6.133724e-20
2.232000e+02 1.097967e-19 1.097967e-19
2.233000e+02 1.859397e-19 1.859397e-19
2.234000e+02 2.979014e-19 2.979014e-19
2.235000e+02 4.515342e-19 4.515342e-19
2.236000e+02 6.474798e-19 6.474798e-19
2.237000e+02 8.783739e-19 8.783739e-19
2.238000e+02 1.127328e-18 1.127328e-18
2.239000e+02 1.368796e-18 1.368796e-18
2.240000e+02 1.572333e-18 1.572333e-18
2.241000e+02 1.708709e-18 1.708709e-18
2.242000e+02 1.756748e-18 1.756748e-18
2.243000e+02 1.708709e-18 1.708709e-18
2.244000e+02 1.572333e-18 1.572333e-18
2.245000e+02 1.368796e-18 1.368796e-18
2.246000e+02 1.127328e-18 1.127328e-18
2.247000e+02 8.783739e-19 8.783739e-19
2.248000e+02 6.474798e-19 6.474798e-19
2.249000e+02 4.515342e-19 4.515342e-19
2.250000e+02 2.979014e-19 2.979014e-19
2.251000e+02 1.859397e-19 1.859397e-19
2.252000e+02 1.097967e-19 1.097967e-19
2.253000e+02 6.133724e-20 6.133724e-20
2.254000e+02 5.000000e-20 5.000000e-20
2.255000e+02 5.000000e-20 5.000000e-20
2.256000e+02 5.000000e-20 5.000000e-20
2.257000e+02 5.000000e-20 5.000000e-20
2.258000e+02 5.000000e-20 5.000000e-20
2.259000e+02 5.000000e-20 5.000000e-20
2.260000e+02 5.000000e-20 5.000000e-20
2.261000e+02 5.000000e-20 5.000000e-20
2.262000e+02 5.000000e-20 5.000000e-20
2.263000e+02 5.000000e-20 5.000000e-20
2.264000e+02 5.000000e-20 5.000000e-20
2.265000e+02 5.000000e-20 5.000000e-20
2.266000e+02 5.000000e-20 5.000000e-20
2.267000e+02 5.000000e-20 5.000000e-20
2.268000e+02 5.000000e-20 5.000000e-20
2.269000e+02 5.000000e-20 5.000000e-20
2.270000e+02 5.000000e-20 5.000000e-20
2.271000e+02 5.000000e-20 5.000000e-20
2.272000e+02 5.000000e-20 5.000000e-20
2.273000e+02 5.000000e-20 5.000000e-20
2.274000e+02 5.000000e-20 5.000000e-20
2.275000e+02 5.000000e-20 5.000000e-20
2.276000e+02 5.000000e-20 5.000000e-20
2.277000e+02 5.000000e-20 5.000000e-20
2.278000e+02 5.000000e-20 5.000000e-20
2.279000e+02 5.000000e-20 5.000000e-20
2.280000e+02 5.000000e-20 5.000000e-20
2.281000e+02 5.000000e-20 5.000000e-20
2.282000e+02 5.000000e-20 5.000000e-20
2.283000e+02 5.000000e-20 5.000000e-20
2.284000e+02 5.000000e-20 5.000000e-20
2.285000e+02 5.000000e-20 5.000000e-20
2.286000e+02 5.000000e-20 5.000000e-20
2.287000e+02 5.000000e-20 5.000000e-20
2.288000e+02 5.000000e-20 5.000000e-20
2.289000e+02 5.000000e-20 5.000000e-20
2.290000e+02 5.000000e-20 5.000000e-20
2.291000e+02 5.000000e-20 5.000000e-20
2.292000e+02 5.000000e-20 5.000000e-20
2.293000e+02 5.000000e-20 5.000000e-20
2.294000e+02 5.000000e-20 5.000000e-20
2.295000e+02 5.000000e-20 5.000000e-20
2.296000e+02 5.000000e-20 5.000000e-20
2.297000e+02 5.000000e-20 5.000000e-20
2.298000e+02 5.000000e-20 5.000000e-20
2.299000e+02 5.000000e-20 5.000000e-20
2.300000e+02 5.000000e-20 5.000000e-20
2.301000e+02 5.000000e-20 5.000000e-20
2.302000e+02 5.000000e-20 5.000000e-20
2.303000e+02 5.000000e-20 5.000000e-20
2.304000e+02 5.000000e-20 5.000000e-20
2.305000e+02 5.000000e-20 5.000000e-20
2.306000e+02 5.000000e-20 5.000000e-20
2.307000e+02 5.000000e-20 5.000000e-20
2.308000e+02 5.000000e-20 5.000000e-20
2.309000e+02 5.000000e-20 5.000000e-20
2.310000e+02 5.000000e-20 5.000000e-20
2.311000e+02 5.000000e-20 5.000000e-20
2.312000e+02 5.000000e-20 5.000000e-20
2.313000e+02 5.000000e-20 5.000000e-20
2.314000e+02 5.000000e-20 5.000000e-20
2.315000e+02 5.000000e-20 5.000000e-20
2.316000e+02 5.000000e-20 5.000000e-20
2.317000e+02 5.000000e-20 5.000000e-20
2.318000e+02 5.000000e-20 5.000000e-20
2.319000e+02 5.000000e-20 5.000000e-20
2.320000e+02 5.000000e-20 5.000000e-20
2.321000e+02 5.000000e-20 5.000000e-20
2.322000e+02 5.000000e-20 5.000000e-20
2.323000e+02 5.000000e-20 5.000000e-20
2.324000e+02 5.000000e-20 5.000000e-20
2.325000e+02 5.000000e-20 5.000000e-20
2.326000e+02 5.000000e-20 5.000000e-20
2.327000e+02 5.000000e-20 5.000000e-20
2.328000e+02 5.000000e-20 5.000000e-20
2.329000e+02 5.000000e-20 5.000000e-20
2.330000e+02 5.000000e-20 5.000000e-20
2.331000e+02 5.000000e-20 5.000000e-20
2.332000e+02 5.000000e-20 5.000000e-20
2.333000e+02 5.000000e-20 5.000000e-20
2.334000e+02 5.000000e-20 5.000000e-20
2.335000e+02 5.000000e-20 5.000000e-20
2.336000e+02 5.000000e-20 5.000000e-20
2.337000e+02 5.000000e-20 5.000000e-20
2.338000e+02 5.000000e-20 5.000000e-20
2.339000e+02 5.000000e-20 5.000000e-20
2.340000e+02 5.000000e-20 5.000000e-20
2.341000e+02 5.000000e-20 5.000000e-20
2.342000e+02 5.000000e-20 5.000000e-20
2.343000e+02 5.000000e-20 5.000000e-20
2.344000e+02 5.000000e-20 5.000000e-20
2.345000e+02 5.000000e-20 5.000000e-20
2.346000e+02 5.000000e-20 5.000000e-20
2.347000e+02 5.000000e-20 5.000000e-20
2.348000e+02 5.000000e-20 5.000000e-20
2.349000e+02 5.000000e-20 5.000000e-20
2.350000e+02 5.000000e-20 5.000000e-20
2.351000e+02 5.000000e-20 5.000000e-20
2.352000e+02 5.000000e-20 5.000000e-20
2.353000e+02 5.000000e-20 5.000000e-20
2.354000e+02 5.000000e-20 5.000000e-20
2.355000e+02 5.000000e-20 5.000000e-20
2.356000e+02 5.000000e-20 5.000000e-20
2.357000e+02 5.000000e-20 5.000000e-20
2.358000e+02 5.000000e-20 5.000000e-20
2.359000e+02 5.000000e-20 5.000000e-20
2.360000e+02 5.000000e-20 5.000000e-20
2.361000e+02 5.000000e-20 5.000000e-20
2.362000e+02 5.000000e-20 5.000000e-20
2.363000e+02 5.000000e-20 5.000000e-20
2.364000e+02 5.000000e-20 5.000000e-20
2.365000e+02 5.000000e-20 5.000000e-20
2.366000e+02 5.000000e-20 5.000000e-20
2.367000e+02 5.000000e-20 5.000000e-20
2.368000e+02 5.000000e-20 5.000000e-20
2.369000e+02 5.000000e-20 5.000000e-20
2.370000e+02 5.000000e-20 5.000000e-20
2.371000e+02 5.000000e-20 5.000000e-20
2.372000e+02 5.000000e-20 5.000000e-20
2.373000e+02 5.000000e-20 5.000000e-20
2.374000e+02 5.000000e-20 5.000000e-20
2.375000e+02 5.000000e-20 5.000000e-20
2.376000e+02 5.000000e-20 5.000000e-20
2.377000e+02 5.000000e-20 5.000000e-20
2.378000e+02 5.000000e-20 5.000000e-20
2.379000e+02 5.000000e-20 5.000000e-20
2.380000e+02 5.000000e-20 5.000000e-20
2.381000e+02 5.000000e-20 5.000000e-20
2.382000e+02 5.000000e-20 5.000000e-20
2.383000e+02 5.000000e-20 5.000000e-20
2.384000e+02 5.000000e-20 5.000000e-20
2.385000e+02 5.000000e-20 5.000000e-20
2.386000e+02 5.000000e-20 5.000000e-20
2.387000e+02 5.000000e-20 5.000000e-20
2.388000e+02 5.000000e-20 5.000000e-20
2.389000e+02 5.000000e-20 5.000000e-20
2.390000e+02 5.000000e-20 5.000000e-20
2.391000e+02 5.000000e-20 5.000000e-20
2.392000e+02 5.000000e-20 5.000000e-20
2.393000e+02 5.000000e-20 5.000000e-20
2.394000e+02 5.000000e-20 5.000000e-20
2.395000e+02 5.000000e-20 5.000000e-20
2.396000e+02 5.000000e-20 5.000000e-20
2.397000e+02 5.000000e-20 5.000000e-20
2.398000e+02 5.000000e-20 5.000000e-20
2.399000e+02 5.000000e-20 5.000000e-20
2.400000e+02 5.000000e-20 5.000000e-20
2.401000e+02 5.000000e-20 5.000000e-20
2.402000e+02 5.000000e-20 5.000000e-20
2.403000e+02 5.000000e-20 5.000000e-20
2.404000e+02 5.000000e-20 5.000000e-20
2.405000e+02 5.000000e-20 5.000000e-20
2.406000e+02 5.000000e-20 5.000000e-20
2.407000e+02 5.000000e-20 5.000000e-20
2.408000e+02 5.000000e-20 5.000000e-20
2.409000e+02 5.000000e-20 5.000000e-20
2.410000e+02 5.000000e-20 5.000000e-20
2.411000e+02 5.000000e-20 5.000000e-20
2.412000e+02 5.000000e-20 5.000000e-20
2.413000e+02 5.000000e-20 5.000000e-20
2.414000e+02 5.000000e-20 5.000000e-20
2.415000e+02 5.000000e-20 5.000000e-20
2.416000e+02 5.000000e-20 5.000000e-20
2.417000e+02 5.000000e-20 5.000000e-20
2.418000e+02 5.000000e-20 5.000000e-20
2.419000e+02 5.000000e-20 5.000000e-20
2.420000e+02 5.000000e-20 5.000000e-20
2.421000e+02 5.000000e-20 5.000000e-20
2.422000e+02 5.000000e-20 5.000000e-20
2.423000e+02 5.000000e-20 5.000000e-20
2.424000e+02 5.000000e-20 5.000000e-20
2.425000e+02 5.000000e-20 5.000000e-20
2.426000e+02 5.000000e-20 5.000000e-20
2.427000e+02 5.000000e-20 5.000000e-20
2.428000e+02 5.000000e-20 5.000000e-20
2.429000e+02 5.000000e-20 5.000000e-20
2.430000e+02 5.000000e-20 5.000000e-20
2.431000e+02 5.000000e-20 5.000000e-20
2.432000e+02 5.000000e-20 5.000000e-20
2.433000e+02 5.093710e-20 5.093710e-20
2.434000e+02 1.051244e-19 1.051244e-19
2.435000e+02 2.503765e-19 2.503765e-19
2.436000e+02 5.643841e-19 5.643841e-19
2.437000e+02 1.204076e-18 1.204076e-18
2.438000e+02 2.431296e-18 2.431296e-18
2.439000e+02 4.646581e-18 4.646581e-18
2.440000e+02 8.405196e-18 8.405196e-18
2.441000e+02 1.439090e-17 1.439090e-17
2.442000e+02 2.332173e-17 2.332173e-17
2.443000e+02 3.577450e-17 3.577450e-17
2.444000e+02 5.194377e-17 5.194377e-17
2.445000e+02 7.139167e-17 7.139167e-17
2.446000e+02 9.288014e-17 9.288014e-17
2.447000e+02 1.143843e-16 1.143843e-16
2.448000e+02 1.333475e-16 1.333475e-16
2.449000e+02 1.471585e-16 1.471585e-16
2.450000e+02 1.537355e-16 1.537355e-16
2.451000e+02 1.520401e-16 1.520401e-16
2.452000e+02 1.423452e-16 1.423452e-16
2.453000e+02 1.261638e-16 1.261638e-16
2.454000e+02 1.058619e-16 1.058619e-16
2.455000e+02 8.409353e-17 8.409353e-17
2.456000e+02 6.324247e-17 6.324247e-17
2.457000e+02 4.502804e-17 4.502804e-17
2.458000e+02 3.035217e-17 3.035217e-17
2.459000e+02 1.937014e-17 1.937014e-17
2.460000e+02 1.170350e-17 1.170350e-17
2.461000e+02 6.694861e-18 6.694861e-18
2.462000e+02 3.625877e-18 3.625877e-18
2.463000e+02 1.859227e-18 1.859227e-18
2.464000e+02 9.026118e-19 9.026118e-19
2.465000e+02 4.148779e-19 4.148779e-19
2.466000e+02 1.805473e-19 1.805473e-19
2.467000e+02 7.438971e-20 7.438971e-20
2.468000e+02 5.040161e-20 5.040161e-20
2.469000e+02 5.000000e-20 5.000000e-20
2.470000e+02 5.000000e-20 5.000000e-20
2.471000e+02 5.000000e-20 5.000000e-20
2.472000e+02 5.000000e-20 5.000000e-20
2.473000e+02 5.000000e-20 5.000000e-20
2.474000e+02 5.000000e-20 5.000000e-20
2.475000e+02 5.000000e-20 5.000000e-20
2.476000e+02 5.000000e-20 5.000000e-20
2.477000e+02 5.000000e-20 5.000000e-20
2.478000e+02 5.000000e-20 5.000000e-20
2.479000e+02 5.000000e-20 5.000000e-20
2.480000e+02 5.000000e-20 5.000000e-20
2.481000e+02 5.000000e-20 5.000000e-20
2.482000e+02 5.000000e-20 5.000000e-20
2.483000e+02 5.000000e-20 5.000000e-20
2.484000e+02 5.000000e-20 5.000000e-20
2.485000e+02 5.000000e-20 5.000000e-20
2.486000e+02 5.000000e-20 5.000000e-20
2.487000e+02 5.000000e-20 5.000000e-20
2.488000e+02 5.000000e-20 5.000000e-20
2.489000e+02 5.000000e-20 5.000000e-20
2.490000e+02 5.000000e-20 5.000000e-20
2.491000e+02 5.000000e-20 5.000000e-20
2.492000e+02 5.000000e-20 5.000000e-20
2.493000e+02 5.000000e-20 5.000000e-20
2.494000e+02 5.000000e-20 5.000000e-20
2.495000e+02 5.000000e-20 5.000000e-20
2.496000e+02 5.000000e-20 5.000000e-20
2.497000e+02 5.000000e-20 5.000000e-20
2.498000e+02 5.000000e-20 5.000000e-20
2.499000e+02 5.000000e-20 5.000000e-20
2.500000e+02 5.000000e-20 5.000000e-20
2.501000e+02 5.000000e-20 5.000000e-20
2.502000e+02 5.000000e-20 5.000000e-20
2.503000e+02 5.000000e-20 5.000000e-20
2.504000e+02 5.000000e-20 5.000000e-20
2.505000e+02 5.000000e-20 5.000000e-20
2.506000e+02 5.000000e-20 5.000000e-20
2.507000e+02 5.000000e-20 5.000000e-20
2.508000e+02 5.000000e-20 5.000000e-20
2.509000e+02 5.000000e-20 5.000000e-20
2.510000e+02 5.000000e-20 5.000000e-20
2.511000e+02 5.000000e-20 5.000000e-20
2.512000e+02 5.000000e-20 5.000000e-20
2.513000e+02 5.000000e-20 5.000000e-20
2.514000e+02 5.000000e-20 5.000000e-20
2.515000e+02 5.000000e-20 5.000000e-20
2.516000e+02 5.000000e-20 5.000000e-20
2.517000e+02 5.000000e-20 5.000000e-20
2.518000e+02 5.000000e-20 5.000000e-20
2.519000e+02 5.000000e-20 5.000000e-20
2.520000e+02 5.000000e-20 5.000000e-20
2.521000e+02 5.000000e-20 5.000000e-20
2.522000e+02 5.000000e-20 5.000000e-20
2.523000e+02 5.000000e-20 5.000000e-20
2.524000e+02 5.000000e-20 5.000000e-20
2.525000e+02 5.000000e-20 5.000000e-20
2.526000e+02 5.000000e-20 5.000000e-20
2.527000e+02 5.000000e-20 5.000000e-20
2.528000e+02 5.000000e-20 5.000000e-20
2.529000e+02 5.000000e-20 5.000000e-20
2.530000e+02 5.000000e-20 5.000000e-20
2.531000e+02 5.000000e-20 5.000000e-20
2.532000e+02 5.000000e-20 5.000000e-20
2.533000e+02 5.000000e-20 5.000000e-20
2.534000e+02 5.000000e-20 5.000000e-20
2.535000e+02 5.000000e-20 5.000000e-20
2.536000e+02 5.000000e-20 5.000000e-20
2.537000e+02 5.000000e-20 5.000000e-20
2.538000e+02 5.000000e-20 5.000000e-20
2.539000e+02 5.000000e-20 5.000000e-20
2.540000e+02 5.000000e-20 5.000000e-20
2.541000e+02 5.000000e-20 5.000000e-20
2.542000e+02 5.000000e-20 5.000000e-20
2.543000e+02 5.000000e-20 5.000000e-20
2.544000e+02 5.000000e-20 5.000000e-20
2.545000e+02 5.000000e-20 5.000000e-20
2.546000e+02 5.000000e-20 5.000000e-20
2.547000e+02 5.000000e-20 5.000000e-20
2.548000e+02 5.000000e-20 5.000000e-20
2.549000e+02 5.000000e-20 5.000000e-20
2.550000e+02 5.000000e-20 5.000000e-20
2.551000e+02 5.000000e-20 5.000000e-20
2.552000e+02 5.000000e-20 5.000000e-20
2.553000e+02 5.000000e-20 5.000000e-20
2.554000e+02 5.000000e-20 5.000000e-20
2.555000e+02 5.000000e-20 5.000000e-20
2.556000e+02 5.000000e-20 5.000000e-20
2.557000e+02 5.000000e-20 5.000000e-20
2.558000e+02 5.000000e-20 5.000000e-20
2.559000e+02 5.000000e-20 5.000000e-20
2.560000e+02 5.000000e-20 5.000000e-20
2.561000e+02 5.000000e-20 5.000000e-20
2.562000e+02 5.000000e-20 5.000000e-20
2.563000e+02 5.000000e-20 5.000000e-20
2.564000e+02 5.000000e-20 5.000000e-20
2.565000e+02 5.000000e-20 5.000000e-20
2.566000e+02 5.000000e-20 5.000000e-20
2.567000e+02 5.000000e-20 5.000000e-20
2.568000e+02 5.000000e-20 5.000000e-20
2.569000e+02 5.000000e-20 5.000000e-20
2.570000e+02 5.000000e-20 5.000000e-20
2.571000e+02 5.000000e-20 5.000000e-20
2.572000e+02 5.000000e-20 5.000000e-20
2.573000e+02 5.000000e-20 5.000000e-20
2.574000e+02 5.000000e-20 5.000000e-20
2.575000e+02 5.000000e-20 5.000000e-20
2.576000e+02 5.000000e-20 5.000000e-20
2.577000e+02 5.000000e-20 5.000000e-20
2.578000e+02 5.000000e-20 5.000000e-20
2.579000e+02 5.000000e-20 5.000000e-20
2.580000e+02 5.000000e-20 5.000000e-20
2.581000e+02 5.000000e-20 5.000000e-20
2.582000e+02 5.000000e-20 5.000000e-20
2.583000e+02 5.000000e-20 5.000000e-20
2.584000e+02 5.000000e-20 5.000000e-20
2.585000e+02 5.000000e-20 5.000000e-20
2.586000e+02 5.000000e-20 5.000000e-20
2.587000e+02 5.000000e-20 5.000000e-20
2.588000e+02 5.000000e-20 5.000000e-20
2.589000e+02 5.000000e-20 5.000000e-20
2.590000e+02 5.000000e-20 5.000000e-20
2.591000e+02 5.000000e-20 5.000000e-20
2.592000e+02 5.000000e-20 5.000000e-20
2.593000e+02 5.000000e-20 5.000000e-20
2.594000e+02 5.000000e-20 5.000000e-20
2.595000e+02 5.000000e-20 5.000000e-20
2.596000e+02 5.000000e-20 5.000000e-20
2.597000e+02 5.000000e-20 5.000000e-20
2.598000e+02 5.000000e-20 5.000000e-20
2.599000e+02 5.000000e-20 5.000000e-20
2.600000e+02 5.000000e-20 5.000000e-20
2.601000e+02 5.000000e-20 5.000000e-20
2.602000e+02 5.000000e-20 5.000000e-20
2.603000e+02 5.000000e-20 5.000000e-20
2.604000e+02 5.000000e-20 5.000000e-20
2.605000e+02 5.000000e-20 5.000000e-20
2.606000e+02 5.000000e-20 5.000000e-20
2.607000e+02 5.000000e-20 5.000000e-20
2.608000e+02 5.000000e-20 5.000000e-20
2.609000e+02 5.000000e-20 5.000000e-20
2.610000e+02 5.000000e-20 5.000000e-20
2.611000e+02 5.000000e-20 5.000000e-20
2.612000e+02 5.000000e-20 5.000000e-20
2.613000e+02 5.000000e-20 5.000000e-20
2.614000e+02 5.000000e-20 5.000000e-20
2.615000e+02 5.000000e-20 5.000000e-20
2.616000e+02 5.000000e-20 5.000000e-20
2.617000e+02 5.000000e-20 5.000000e-20
2.618000e+02 5.000000e-20 5.000000e-20
2.619000e+02 5.000000e-20 5.000000e-20
2.620000e+02 5.000000e-20 5.000000e-20
2.621000e+02 5.000000e-20 5.000000e-20
2.622000e+02 5.000000e-20 5.000000e-20
2.623000e+02 5.000000e-20 5.000000e-20
2.624000e+02 5.000000e-20 5.000000e-20
2.625000e+02 5.000000e-20 5.000000e-20
2.626000e+02 5.000000e-20 5.000000e-20
2.627000e+02 5.000000e-20 5.000000e-20
2.628000e+02 5.000000e-20 5.000000e-20
2.629000e+02 5.000000e-20 5.000000e-20
2.630000e+02 5.000000e-20 5.000000e-20
2.631000e+02 5.000000e-20 5.000000e-20
2.632000e+02 5.000000e-20 5.000000e-20
2.633000e+02 5.000000e-20 5.000000e-20
2.634000e+02 5.000000e-20 5.000000e-20
2.635000e+02 5.000000e-20 5.000000e-20
2.636000e+02 5.000000e-20 5.000000e-20
2.637000e+02 5.000000e-20 5.000000e-20
2.638000e+02 5.000000e-20 5.000000e-20
2.639000e+02 5.000000e-20 5.000000e-20
2.640000e+02 5.000000e-20 5.000000e-20
2.641000e+02 5.000000e-20 5.000000e-20
2.642000e+02 5.000000e-20 5.000000e-20
2.643000e+02 5.000000e-20 5.000000e-20
2.644000e+02 5.000000e-20 5.000000e-20
2.645000e+02 5.000000e-20 5.000000e-20
2.646000e+02 5.000000e-20 5.000000e-20
2.647000e+02 5.000000e-20 5.000000e-20
2.648000e+02 5.000000e-20 5.000000e-20
2.649000e+02 5.000000e-20 5.000000e-20
2.650000e+02 5.000000e-20 5.000000e-20
2.651000e+02 5.000000e-20 5.000000e-20
2.652000e+02 5.000000e-20 5.000000e-20
2.653000e+02 5.000000e-20 5.000000e-20
2.654000e+02 5.000000e-20 5.000000e-20
2.655000e+02 5.000000e-20 5.000000e-20
2.656000e+02 5.000000e-20 5.000000e-20
2.657000e+02 5.000000e-20 5.000000e-20
2.658000e+02 5.000000e-20 5.000000e-20
2.659000e+02 5.000000e-20 5.000000e-20
2.660000e+02 5.000000e-20 5.000000e-20
2.661000e+02 5.000000e-20 5.000000e-20
2.662000e+02 5.000000e-20 5.000000e-20
2.663000e+02 5.000000e-20 5.000000e-20
2.664000e+02 5.000000e-20 5.000000e-20
2.665000e+02 5.000000e-20 5.000000e-20
2.666000e+02 5.000000e-20 5.000000e-20
2.667000e+02 5.000000e-20 5.000000e-20
2.668000e+02 5.000000e-20 5.000000e-20
2.669000e+02 5.000000e-20 5.000000e-20
2.670000e+02 5.000000e-20 5.000000e-20
2.671000e+02 5.000000e-20 5.000000e-20
2.672000e+02 5.000000e-20 5.000000e-20
2.673000e+02 6.966717e-20 6.966717e-20
2.674000e+02 1.501704e-19 1.501704e-19
2.675000e+02 3.412580e-19 3.412580e-19
2.676000e+02 7.341488e-19 7.341488e-19
2.677000e+02 1.495182e-18 1.495182e-18
2.678000e+02 2.882826e-18 2.882826e-18
2.679000e+02 5.262141e-18 5.262141e-18
2.680000e+02 9.093501e-18 9.093501e-18
2.681000e+02 1.487747e-17 1.487747e-17
2.682000e+02 2.304414e-17 2.304414e-17
2.683000e+02 3.379321e-17 3.379321e-17
2.684000e+02 4.691796e-17 4.691796e-17
2.685000e+02 6.167264e-17 6.167264e-17
2.686000e+02 7.675246e-17 7.675246e-17
2.687000e+02 9.043578e-17 9.043578e-17
2.688000e+02 1.008877e-16 1.008877e-16
2.689000e+02 1.065582e-16 1.065582e-16
2.690000e+02 1.065582e-16 1.065582e-16
2.691000e+02 1.008877e-16 1.008877e-16
2.692000e+02 9.043578e-17 9.043578e-17
2.693000e+02 7.675246e-17 7.675246e-17
2.694000e+02 6.167264e-17 6.167264e-17
2.695000e+02 4.691796e-17 4.691796e-17
2.696000e+02 3.379321e-17 3.379321e-17
2.697000e+02 2.304414e-17 2.304414e-17
2.698000e+02 1.487747e-17 1.487747e-17
2.699000e+02 9.093501e-18 9.093501e-18
2.700000e+02 5.262141e-18 5.262141e-18
2.701000e+02 2.882826e-18 2.882826e-18
2.702000e+02 1.495182e-18 1.495182e-18
2.703000e+02 7.341488e-19 7.341488e-19
2.704000e+02 3.412580e-19 3.412580e-19
2.705000e+02 1.501704e-19 1.501704e-19
2.706000e+02 6.966717e-20 6.966717e-20
2.707000e+02 5.000000e-20 5.000000e-20
2.708000e+02 5.000000e-20 5.000000e-20
2.709000e+02 5.000000e-20 5.000000e-20
2.710000e+02 5.000000e-20 5.000000e-20
2.711000e+02 5.000000e-20 5.000000e-20
2.712000e+02 5.000000e-20 5.000000e-20
2.713000e+02 5.000000e-20 5.000000e-20
2.714000e+02 5.000000e-20 5.000000e-20
2.715000e+02 5.000000e-20 5.000000e-20
2.716000e+02 5.000000e-20 5.000000e-20
2.717000e+02 5.000000e-20 5.000000e-20
2.718000e+02 5.000000e-20 5.000000e-20
2.719000e+02 5.000000e-20 5.000000e-20
2.720000e+02 5.000000e-20 5.000000e-20
