# Cross sections for C2
# From the Leiden database for photodissociation and photoionization of astrophysically relevant molecules, http://home.strw.leidenuniv.nl/~ewine/photo/
# Converted from earlier Leiden database cross sections by Alan Heays 2016-02-24
# Photodissociation source: C2 P.D. POUILLY ET AL.83 +GUESS
# Lines represented with gaussian of width 1.0 nm FWHM
# wavelength: (nm)
# photoabsorption:    cross section (cm2)
# photodissociation:  cross section (cm2)
# This version has been resampled to a uniform 0.1nm grid while maintaining a constant integrated cross section (using trapezoidal integration).
# wavelength photoabsorption photodissociation
9.120000e+01 5.010000e-17 1.000000e-19
9.130000e+01 5.010000e-17 1.000000e-19
9.140000e+01 5.010000e-17 1.000000e-19
9.150000e+01 5.010000e-17 1.000000e-19
9.160000e+01 5.010000e-17 1.000000e-19
9.170000e+01 5.010000e-17 1.000000e-19
9.180000e+01 5.010000e-17 1.000000e-19
9.190000e+01 5.010000e-17 1.000000e-19
9.200000e+01 5.010000e-17 1.000000e-19
9.210000e+01 5.010000e-17 1.000000e-19
9.220000e+01 5.010000e-17 1.000000e-19
9.230000e+01 5.010000e-17 1.000001e-19
9.240000e+01 5.010000e-17 1.000005e-19
9.250000e+01 5.010000e-17 1.000017e-19
9.260000e+01 5.010709e-17 1.070886e-19
9.270000e+01 5.014051e-17 1.405083e-19
9.280000e+01 5.016440e-17 1.643974e-19
9.290000e+01 5.018846e-17 1.884632e-19
9.300000e+01 5.021305e-17 2.130515e-19
9.310000e+01 5.023910e-17 2.390956e-19
9.320000e+01 5.026896e-17 2.689559e-19
9.330000e+01 5.030822e-17 3.082248e-19
9.340000e+01 5.036929e-17 3.692885e-19
9.350000e+01 5.047774e-17 4.777395e-19
9.360000e+01 5.068277e-17 6.827685e-19
9.370000e+01 5.107199e-17 1.071989e-18
9.380000e+01 5.178922e-17 1.789217e-18
9.390000e+01 5.305024e-17 3.050243e-18
9.400000e+01 5.409871e-17 4.098715e-18
9.410000e+01 5.678782e-17 6.787819e-18
9.420000e+01 6.103464e-17 1.103464e-17
9.430000e+01 6.654619e-17 1.654619e-17
9.440000e+01 7.836346e-17 2.836346e-17
9.450000e+01 8.832749e-17 3.832749e-17
9.460000e+01 9.906413e-17 4.906413e-17
9.470000e+01 1.068666e-16 5.686664e-17
9.480000e+01 1.139048e-16 6.390480e-17
9.490000e+01 1.241879e-16 7.418787e-17
9.500000e+01 1.263230e-16 7.632298e-17
9.510000e+01 1.243479e-16 7.434787e-17
9.520000e+01 1.185936e-16 6.859359e-17
9.530000e+01 1.099661e-16 5.996610e-17
9.540000e+01 9.971593e-17 4.971593e-17
9.550000e+01 8.914549e-17 3.914549e-17
9.560000e+01 7.934767e-17 2.934767e-17
9.570000e+01 7.104497e-17 2.104497e-17
9.580000e+01 6.455245e-17 1.455245e-17
9.590000e+01 5.984264e-17 9.842641e-18
9.600000e+01 5.790061e-17 7.900605e-18
9.610000e+01 5.565097e-17 5.650966e-18
9.620000e+01 5.360017e-17 3.600169e-18
9.630000e+01 5.304008e-17 3.040084e-18
9.640000e+01 5.280801e-17 2.808007e-18
9.650000e+01 5.276012e-17 2.760120e-18
9.660000e+01 5.280881e-17 2.808812e-18
9.670000e+01 5.288721e-17 2.887212e-18
9.680000e+01 5.296330e-17 2.963296e-18
9.690000e+01 5.313433e-17 3.134334e-18
9.700000e+01 5.325115e-17 3.251147e-18
9.710000e+01 5.336942e-17 3.369416e-18
9.720000e+01 5.348821e-17 3.488207e-18
9.730000e+01 5.360717e-17 3.607175e-18
9.740000e+01 5.372620e-17 3.726199e-18
9.750000e+01 5.384524e-17 3.845240e-18
9.760000e+01 5.391722e-17 3.917222e-18
9.770000e+01 5.402339e-17 4.023393e-18
9.780000e+01 5.420000e-17 4.200000e-18
9.790000e+01 5.431765e-17 4.317647e-18
9.800000e+01 5.443529e-17 4.435294e-18
9.810000e+01 5.455294e-17 4.552941e-18
9.820000e+01 5.467059e-17 4.670588e-18
9.830000e+01 5.478824e-17 4.788235e-18
9.840000e+01 5.490588e-17 4.905882e-18
9.850000e+01 5.503636e-17 5.036364e-18
9.860000e+01 5.521818e-17 5.218182e-18
9.870000e+01 5.540000e-17 5.400000e-18
9.880000e+01 5.558182e-17 5.581818e-18
9.890000e+01 5.576364e-17 5.763636e-18
9.900000e+01 5.594545e-17 5.945455e-18
9.910000e+01 5.607216e-17 6.072165e-18
9.920000e+01 5.617526e-17 6.175258e-18
9.930000e+01 5.627835e-17 6.278351e-18
9.940000e+01 5.638144e-17 6.381443e-18
9.950000e+01 5.648454e-17 6.484536e-18
9.960000e+01 5.658763e-17 6.587629e-18
9.970000e+01 5.669072e-17 6.690722e-18
9.980000e+01 5.679381e-17 6.793814e-18
9.990000e+01 5.689691e-17 6.896907e-18
1.000000e+02 5.700000e-17 7.000000e-18
1.001000e+02 5.704294e-17 7.042945e-18
1.002000e+02 5.708589e-17 7.085890e-18
1.003000e+02 5.712883e-17 7.128834e-18
1.004000e+02 5.717178e-17 7.171779e-18
1.005000e+02 5.721472e-17 7.214724e-18
1.006000e+02 5.725767e-17 7.257669e-18
1.007000e+02 5.730061e-17 7.300613e-18
1.008000e+02 5.734356e-17 7.343558e-18
1.009000e+02 5.738650e-17 7.386503e-18
1.010000e+02 5.742945e-17 7.429448e-18
1.011000e+02 5.747239e-17 7.472393e-18
1.012000e+02 5.751534e-17 7.515337e-18
1.013000e+02 5.755828e-17 7.558282e-18
1.014000e+02 5.760123e-17 7.601227e-18
1.015000e+02 5.764417e-17 7.644172e-18
1.016000e+02 5.768712e-17 7.687117e-18
1.017000e+02 5.766938e-17 7.669375e-18
1.018000e+02 5.762563e-17 7.625625e-18
1.019000e+02 5.758188e-17 7.581875e-18
1.020000e+02 5.753813e-17 7.538125e-18
1.021000e+02 7.494375e-18 7.494375e-18
1.022000e+02 7.450625e-18 7.450625e-18
1.023000e+02 7.406875e-18 7.406875e-18
1.024000e+02 7.363125e-18 7.363125e-18
1.025000e+02 7.319375e-18 7.319375e-18
1.026000e+02 7.275625e-18 7.275625e-18
1.027000e+02 7.231875e-18 7.231875e-18
1.028000e+02 7.188125e-18 7.188125e-18
1.029000e+02 7.144375e-18 7.144375e-18
1.030000e+02 7.100625e-18 7.100625e-18
1.031000e+02 7.056875e-18 7.056875e-18
1.032000e+02 7.013125e-18 7.013125e-18
1.033000e+02 6.919540e-18 6.919540e-18
1.034000e+02 6.804598e-18 6.804598e-18
1.035000e+02 6.689655e-18 6.689655e-18
1.036000e+02 6.574713e-18 6.574713e-18
1.037000e+02 6.459770e-18 6.459770e-18
1.038000e+02 6.344828e-18 6.344828e-18
1.039000e+02 6.229885e-18 6.229885e-18
1.040000e+02 6.114943e-18 6.114943e-18
1.041000e+02 6.000000e-18 6.000000e-18
1.042000e+02 5.838710e-18 5.838710e-18
1.043000e+02 5.677419e-18 5.677419e-18
1.044000e+02 5.516129e-18 5.516129e-18
1.045000e+02 5.354839e-18 5.354839e-18
1.046000e+02 5.193548e-18 5.193548e-18
1.047000e+02 5.032258e-18 5.032258e-18
1.048000e+02 4.900000e-18 4.900000e-18
1.049000e+02 4.775000e-18 4.775000e-18
1.050000e+02 4.650000e-18 4.650000e-18
1.051000e+02 4.525000e-18 4.525000e-18
1.052000e+02 4.400000e-18 4.400000e-18
1.053000e+02 4.275000e-18 4.275000e-18
1.054000e+02 4.150000e-18 4.150000e-18
1.055000e+02 4.025000e-18 4.025000e-18
1.056000e+02 3.901235e-18 3.901235e-18
1.057000e+02 3.777778e-18 3.777778e-18
1.058000e+02 3.654321e-18 3.654321e-18
1.059000e+02 3.530864e-18 3.530864e-18
1.060000e+02 3.407407e-18 3.407407e-18
1.061000e+02 3.283951e-18 3.283951e-18
1.062000e+02 3.160494e-18 3.160494e-18
1.063000e+02 3.037037e-18 3.037037e-18
1.064000e+02 2.847826e-18 2.847826e-18
1.065000e+02 2.630435e-18 2.630435e-18
1.066000e+02 2.413043e-18 2.413043e-18
1.067000e+02 2.195652e-18 2.195652e-18
1.068000e+02 1.982143e-18 1.982143e-18
1.069000e+02 1.803571e-18 1.803571e-18
1.070000e+02 1.625000e-18 1.625000e-18
1.071000e+02 1.446429e-18 1.446429e-18
1.072000e+02 1.267857e-18 1.267857e-18
1.073000e+02 1.089286e-18 1.089286e-18
1.074000e+02 9.801762e-19 9.801762e-19
1.075000e+02 9.405286e-19 9.405286e-19
1.076000e+02 9.008811e-19 9.008811e-19
1.077000e+02 8.612335e-19 8.612335e-19
1.078000e+02 8.215859e-19 8.215859e-19
1.079000e+02 7.819383e-19 7.819383e-19
1.080000e+02 7.422907e-19 7.422907e-19
1.081000e+02 7.026432e-19 7.026432e-19
1.082000e+02 6.629956e-19 6.629956e-19
1.083000e+02 6.233480e-19 6.233480e-19
1.084000e+02 5.837004e-19 5.837004e-19
1.085000e+02 5.440529e-19 5.440529e-19
1.086000e+02 5.044053e-19 5.044053e-19
1.087000e+02 4.647577e-19 4.647577e-19
1.088000e+02 4.251101e-19 4.251101e-19
1.089000e+02 3.854626e-19 3.854626e-19
1.090000e+02 3.458150e-19 3.458150e-19
1.091000e+02 3.061674e-19 3.061674e-19
1.092000e+02 2.665198e-19 2.665198e-19
1.093000e+02 2.268722e-19 2.268722e-19
1.094000e+02 1.872247e-19 1.872247e-19
1.095000e+02 1.475771e-19 1.475771e-19
1.096000e+02 1.079295e-19 1.079295e-19
1.097000e+02 1.187135e-19 1.187135e-19
1.098000e+02 1.421053e-19 1.421053e-19
1.099000e+02 1.654971e-19 1.654971e-19
1.100000e+02 1.888889e-19 1.888889e-19
1.101000e+02 2.122807e-19 2.122807e-19
1.102000e+02 2.356725e-19 2.356725e-19
1.103000e+02 2.590643e-19 2.590643e-19
1.104000e+02 2.824561e-19 2.824561e-19
1.105000e+02 3.058480e-19 3.058480e-19
1.106000e+02 3.292398e-19 3.292398e-19
1.107000e+02 3.526316e-19 3.526316e-19
1.108000e+02 3.760234e-19 3.760234e-19
1.109000e+02 3.994152e-19 3.994152e-19
1.110000e+02 4.228070e-19 4.228070e-19
1.111000e+02 4.461988e-19 4.461988e-19
1.112000e+02 4.695906e-19 4.695906e-19
1.113000e+02 4.929825e-19 4.929825e-19
1.114000e+02 5.100865e-19 5.100865e-19
1.115000e+02 5.244957e-19 5.244957e-19
1.116000e+02 5.389049e-19 5.389049e-19
1.117000e+02 5.533141e-19 5.533141e-19
1.118000e+02 5.677233e-19 5.677233e-19
1.119000e+02 5.821326e-19 5.821326e-19
1.120000e+02 5.965418e-19 5.965418e-19
1.121000e+02 6.109510e-19 6.109510e-19
1.122000e+02 6.253602e-19 6.253602e-19
1.123000e+02 6.397695e-19 6.397695e-19
1.124000e+02 6.541787e-19 6.541787e-19
1.125000e+02 6.685879e-19 6.685879e-19
1.126000e+02 6.829971e-19 6.829971e-19
1.127000e+02 6.974063e-19 6.974063e-19
1.128000e+02 7.118156e-19 7.118156e-19
1.129000e+02 7.262248e-19 7.262248e-19
1.130000e+02 7.406340e-19 7.406340e-19
1.131000e+02 7.550432e-19 7.550432e-19
1.132000e+02 7.694524e-19 7.694524e-19
1.133000e+02 7.838617e-19 7.838617e-19
1.134000e+02 7.982709e-19 7.982709e-19
1.135000e+02 8.126801e-19 8.126801e-19
1.136000e+02 8.270893e-19 8.270893e-19
1.137000e+02 8.414986e-19 8.414986e-19
1.138000e+02 8.559078e-19 8.559078e-19
1.139000e+02 8.703170e-19 8.703170e-19
1.140000e+02 8.847262e-19 8.847262e-19
1.141000e+02 8.991354e-19 8.991354e-19
1.142000e+02 9.135447e-19 9.135447e-19
1.143000e+02 9.279539e-19 9.279539e-19
1.144000e+02 9.423631e-19 9.423631e-19
1.145000e+02 9.567723e-19 9.567723e-19
1.146000e+02 9.711816e-19 9.711816e-19
1.147000e+02 9.855908e-19 9.855908e-19
1.148000e+02 1.000000e-18 1.000000e-18
1.149000e+02 1.046729e-18 1.046729e-18
1.150000e+02 1.093458e-18 1.093458e-18
1.151000e+02 1.140187e-18 1.140187e-18
1.152000e+02 1.186916e-18 1.186916e-18
1.153000e+02 1.233645e-18 1.233645e-18
1.154000e+02 1.280374e-18 1.280374e-18
1.155000e+02 1.327103e-18 1.327103e-18
1.156000e+02 1.373833e-18 1.373833e-18
1.157000e+02 1.420566e-18 1.420566e-18
1.158000e+02 1.454381e-18 1.454381e-18
1.159000e+02 1.497213e-18 1.497213e-18
1.160000e+02 1.647904e-18 1.647904e-18
1.161000e+02 1.761884e-18 1.761884e-18
1.162000e+02 1.876450e-18 1.876450e-18
1.163000e+02 1.938735e-18 1.938735e-18
1.164000e+02 2.100676e-18 2.100676e-18
1.165000e+02 2.363425e-18 2.363425e-18
1.166000e+02 2.689628e-18 2.689628e-18
1.167000e+02 3.611158e-18 3.611158e-18
1.168000e+02 4.308681e-18 4.308681e-18
1.169000e+02 4.889368e-18 4.889368e-18
1.170000e+02 5.367653e-18 5.367653e-18
1.171000e+02 4.899170e-18 4.899170e-18
1.172000e+02 4.588860e-18 4.588860e-18
1.173000e+02 5.284591e-18 5.284591e-18
1.174000e+02 6.404892e-18 6.404892e-18
1.175000e+02 7.755067e-18 7.755067e-18
1.176000e+02 9.224032e-18 9.224032e-18
1.177000e+02 1.064376e-17 1.064376e-17
1.178000e+02 1.181400e-17 1.181400e-17
1.179000e+02 1.254248e-17 1.254248e-17
1.180000e+02 1.255805e-17 1.255805e-17
1.181000e+02 1.246929e-17 1.246929e-17
1.182000e+02 1.132479e-17 1.132479e-17
1.183000e+02 9.971608e-18 9.971608e-18
1.184000e+02 8.368934e-18 8.368934e-18
1.185000e+02 6.717021e-18 6.717021e-18
1.186000e+02 5.183896e-18 5.183896e-18
1.187000e+02 3.880647e-18 3.880647e-18
1.188000e+02 2.855712e-18 2.855712e-18
1.189000e+02 2.104870e-18 2.104870e-18
1.190000e+02 1.589628e-18 1.589628e-18
1.191000e+02 1.256474e-18 1.256474e-18
1.192000e+02 1.051843e-18 1.051843e-18
1.193000e+02 9.308205e-19 9.308205e-19
1.194000e+02 8.602293e-19 8.602293e-19
1.195000e+02 8.179576e-19 8.179576e-19
1.196000e+02 7.905347e-19 7.905347e-19
1.197000e+02 7.703977e-19 7.703977e-19
1.198000e+02 7.536116e-19 7.536116e-19
1.199000e+02 7.382720e-19 7.382720e-19
1.200000e+02 7.235193e-19 7.235193e-19
1.201000e+02 7.089903e-19 7.089903e-19
1.202000e+02 6.945417e-19 6.945417e-19
1.203000e+02 6.801202e-19 6.801202e-19
1.204000e+02 6.657074e-19 6.657074e-19
1.205000e+02 6.512972e-19 6.512972e-19
1.206000e+02 6.368877e-19 6.368877e-19
1.207000e+02 6.224784e-19 6.224784e-19
1.208000e+02 6.080692e-19 6.080692e-19
1.209000e+02 5.936599e-19 5.936599e-19
1.210000e+02 5.792507e-19 5.792507e-19
1.211000e+02 5.648415e-19 5.648415e-19
1.212000e+02 5.504323e-19 5.504323e-19
1.213000e+02 5.360231e-19 5.360231e-19
1.214000e+02 5.216138e-19 5.216138e-19
1.215000e+02 5.072046e-19 5.072046e-19
1.216000e+02 4.927536e-19 4.927536e-19
1.217000e+02 4.782609e-19 4.782609e-19
1.218000e+02 4.637681e-19 4.637681e-19
1.219000e+02 4.492754e-19 4.492754e-19
1.220000e+02 4.347826e-19 4.347826e-19
1.221000e+02 4.202899e-19 4.202899e-19
1.222000e+02 4.057971e-19 4.057971e-19
1.223000e+02 3.913043e-19 3.913043e-19
1.224000e+02 3.768116e-19 3.768116e-19
1.225000e+02 3.623188e-19 3.623188e-19
1.226000e+02 3.478261e-19 3.478261e-19
1.227000e+02 3.333333e-19 3.333333e-19
1.228000e+02 3.188406e-19 3.188406e-19
1.229000e+02 3.043478e-19 3.043478e-19
1.230000e+02 2.898551e-19 2.898551e-19
1.231000e+02 2.753623e-19 2.753623e-19
1.232000e+02 2.608696e-19 2.608696e-19
1.233000e+02 2.463768e-19 2.463768e-19
1.234000e+02 2.318841e-19 2.318841e-19
1.235000e+02 2.173913e-19 2.173913e-19
1.236000e+02 2.028986e-19 2.028986e-19
1.237000e+02 1.884058e-19 1.884058e-19
1.238000e+02 1.739130e-19 1.739130e-19
1.239000e+02 1.594203e-19 1.594203e-19
1.240000e+02 1.449275e-19 1.449275e-19
1.241000e+02 1.304348e-19 1.304348e-19
1.242000e+02 1.159420e-19 1.159420e-19
1.243000e+02 1.014493e-19 1.014493e-19
1.244000e+02 8.695652e-20 8.695652e-20
1.245000e+02 7.246377e-20 7.246377e-20
1.246000e+02 5.797101e-20 5.797101e-20
1.247000e+02 4.347826e-20 4.347826e-20
1.248000e+02 2.898551e-20 2.898551e-20
1.249000e+02 1.449275e-20 1.449275e-20
1.250000e+02 2.780080e-31 2.780080e-31
1.251000e+02 0.000000e+00 0.000000e+00
1.309000e+02 0.000000e+00 0.000000e+00
1.310000e+02 4.374596e-28 4.374596e-28
1.311000e+02 2.245788e-27 2.245788e-27
1.312000e+02 1.090730e-26 1.090730e-26
1.313000e+02 5.011677e-26 5.011677e-26
1.314000e+02 2.178546e-25 2.178546e-25
1.315000e+02 8.959172e-25 8.959172e-25
1.316000e+02 3.485673e-24 3.485673e-24
1.317000e+02 1.282989e-23 1.282989e-23
1.318000e+02 4.467628e-23 4.467628e-23
1.319000e+02 1.471799e-22 1.471799e-22
1.320000e+02 4.587096e-22 4.587096e-22
1.321000e+02 1.352523e-21 1.352523e-21
1.322000e+02 3.772846e-21 3.772846e-21
1.323000e+02 9.956599e-21 9.956599e-21
1.324000e+02 2.485825e-20 2.485825e-20
1.325000e+02 5.871483e-20 5.871483e-20
1.326000e+02 1.312026e-19 1.312026e-19
1.327000e+02 2.773671e-19 2.773671e-19
1.328000e+02 5.547343e-19 5.547343e-19
1.329000e+02 1.049621e-18 1.049621e-18
1.330000e+02 1.878875e-18 1.878875e-18
1.331000e+02 3.181856e-18 3.181856e-18
1.332000e+02 5.097779e-18 5.097779e-18
1.333000e+02 7.726788e-18 7.726788e-18
1.334000e+02 1.107987e-17 1.107987e-17
1.335000e+02 1.503100e-17 1.503100e-17
1.336000e+02 1.929117e-17 1.929117e-17
1.337000e+02 2.342324e-17 2.342324e-17
1.338000e+02 2.690624e-17 2.690624e-17
1.339000e+02 2.923995e-17 2.923995e-17
1.340000e+02 3.006199e-17 3.006199e-17
1.341000e+02 2.923995e-17 2.923995e-17
1.342000e+02 2.690624e-17 2.690624e-17
1.343000e+02 2.342324e-17 2.342324e-17
1.344000e+02 1.929117e-17 1.929117e-17
1.345000e+02 1.503100e-17 1.503100e-17
1.346000e+02 1.107987e-17 1.107987e-17
1.347000e+02 7.726788e-18 7.726788e-18
1.348000e+02 5.097779e-18 5.097779e-18
1.349000e+02 3.181856e-18 3.181856e-18
1.350000e+02 1.878875e-18 1.878875e-18
1.351000e+02 1.049621e-18 1.049621e-18
1.352000e+02 5.547343e-19 5.547343e-19
1.353000e+02 2.773671e-19 2.773671e-19
1.354000e+02 1.312026e-19 1.312026e-19
1.355000e+02 5.871483e-20 5.871483e-20
1.356000e+02 2.485825e-20 2.485825e-20
1.357000e+02 9.956599e-21 9.956599e-21
1.358000e+02 3.772846e-21 3.772846e-21
1.359000e+02 1.352523e-21 1.352523e-21
1.360000e+02 4.587096e-22 4.587096e-22
1.361000e+02 1.471799e-22 1.471799e-22
1.362000e+02 4.467628e-23 4.467628e-23
1.363000e+02 1.282989e-23 1.282989e-23
1.364000e+02 3.485673e-24 3.485673e-24
1.365000e+02 8.959172e-25 8.959172e-25
1.366000e+02 2.178546e-25 2.178546e-25
1.367000e+02 5.011677e-26 5.011677e-26
1.368000e+02 1.090730e-26 1.090730e-26
1.369000e+02 2.245788e-27 2.245788e-27
1.370000e+02 1.122894e-27 1.122894e-27
