#
# C2 + PHOTON = C + C
#
# 89
#
#
#
#
#
#
 91.1998  0.000e+00 0.000e+00
 91.1999  0.000e+00 0.000e+00
 91.2000  0.000e+00 0.000e+00
 92.7010  2.010e-20 2.010e-20
 93.1890  1.399e-20 1.399e-20
 93.7530  3.103e-19 3.103e-19
 94.2520  5.396e-19 5.396e-19
 94.8290  9.003e-19 9.003e-19
 95.3400  1.319e-18 1.319e-18
 95.9300  1.910e-18 1.910e-18
 96.4530  2.509e-18 2.509e-18
 97.0570  3.299e-18 3.299e-18
 97.5920  4.039e-18 4.039e-18
 98.2100  4.901e-18 4.901e-18
 98.7580  5.620e-18 5.620e-18
 99.3920  6.409e-18 6.409e-18
 99.9530  6.969e-18 6.969e-18
100.6020  7.430e-18 7.430e-18
101.1770  7.639e-18 7.639e-18
101.8420  7.689e-18 7.689e-18
102.4310  7.500e-18 7.500e-18
103.1130  7.009e-18 7.009e-18
103.3210  6.821e-18 6.821e-18
103.3211  6.817e-18 6.817e-18
103.7170  6.440e-18 6.440e-18
104.4160  5.700e-18 5.700e-18
105.0350  4.643e-18 4.643e-18
105.7520  3.984e-18 3.984e-18
106.3880  2.811e-18 2.811e-18
107.1230  3.414e-19 3.414e-19
107.7150  4.635e-20 4.635e-20
108.5300  3.572e-20 3.572e-20
109.2000  5.179e-20 5.179e-20
109.9750  1.299e-19 1.299e-19
110.6620  1.219e-19 1.219e-19
111.4580  3.080e-19 3.080e-19
112.1640  2.514e-19 2.514e-19
112.9820  4.408e-19 4.408e-19
113.7080  7.401e-19 7.401e-19
114.5490  1.318e-18 1.318e-18
115.2940  1.801e-18 1.801e-18
115.9420  2.884e-18 2.884e-18
115.9960  2.350e-18 2.350e-18
116.0500  2.180e-18 2.180e-18
116.1040  2.433e-18 2.433e-18
116.1590  2.758e-18 2.758e-18
116.2130  2.938e-18 2.938e-18
116.2680  2.581e-18 2.581e-18
116.3220  2.170e-18 2.170e-18
116.3770  2.121e-18 2.121e-18
116.4320  2.385e-18 2.385e-18
116.4860  2.982e-18 2.982e-18
116.5410  3.382e-18 3.382e-18
116.5960  3.148e-18 3.148e-18
116.6510  2.855e-18 2.855e-18
116.7060  2.945e-18 2.945e-18
116.7610  3.693e-18 3.693e-18
116.8160  4.887e-18 4.887e-18
116.8710  5.243e-18 5.243e-18
116.9260  4.503e-18 4.503e-18
116.9810  4.147e-18 4.147e-18
117.0360  4.601e-18 4.601e-18
117.0920  5.405e-18 5.405e-18
117.1470  4.990e-18 4.990e-18
117.2020  3.587e-18 3.587e-18
117.2580  2.793e-18 2.793e-18
117.3130  2.620e-18 2.620e-18
117.3690  2.865e-18 2.865e-18
117.4240  2.925e-18 2.925e-18
117.4800  2.459e-18 2.459e-18
117.5360  1.987e-18 1.987e-18
117.5920  1.868e-18 1.868e-18
117.6470  2.227e-18 2.227e-18
117.7030  3.194e-18 3.194e-18
117.7590  4.891e-18 4.891e-18
117.8150  7.568e-18 7.568e-18
117.8710  1.713e-17 1.713e-17
117.9270  3.540e-16 3.540e-16
117.9830  1.664e-17 1.664e-17
118.0400  3.397e-18 3.397e-18
118.0960  1.446e-18 1.446e-18
118.1520  7.148e-19 7.148e-19
118.2080  3.345e-19 3.345e-19
118.2650  1.619e-19 1.619e-19
118.3210  8.997e-20 8.997e-20
118.3780  6.037e-20 6.037e-20
118.4340  4.791e-20 4.791e-20
118.8890  5.748e-21 5.748e-21
118.8891  0.000e+00 0.000e+00
