#
# C2 + PHOTON = C2+ + ELECTR
#
# 24
#
#
#
#
#
#
 91.1998  0.000e+00  0.000e+00
 91.1999  0.000e+00  0.000e+00
 91.2000  1.000e-17  1.000e-17 
 92.7010  1.003e-17  1.003e-17
 93.1890  1.000e-17  1.000e-17
 93.7530  9.999e-18  9.999e-18
 94.2520  1.000e-17  1.000e-17
 94.8290  9.999e-18  9.999e-18
 95.3400  1.000e-17  1.000e-17
 95.9300  9.999e-18  9.999e-18
 96.4530  1.000e-17  1.000e-17
 97.0570  1.000e-17  1.000e-17
 97.5920  1.000e-17  1.000e-17
 98.2100  9.999e-18  9.999e-18
 98.7580  9.999e-18  9.999e-18
 99.3920  1.000e-17  1.000e-17
 99.9530  1.000e-17  1.000e-17
100.6020  9.999e-18  9.999e-18
101.1770  1.000e-17  1.000e-17
101.8420  1.000e-17  1.000e-17
102.4310  9.999e-18  9.999e-18
103.1130  1.000e-17  1.000e-17
103.3210  9.999e-18  9.999e-18
103.3211  0.000e+00  0.000e+00
