# C2H2 cross sections
# From the Leiden database for photodissociation and photoionization of astrophysically relevant molecules, http://home.strw.leidenuniv.nl/~ewine/photo/
# Alan Heays 2017-09-27
# references: heays2016, cooper1995 10.1016/0368-2048(94)02271-2, xia1991 10.1016/0022-4073(91)90102-V, cheng2011 10.1088/0067-0049/196/1/3, wu1989 10.1063/1.457513, vattulainen1997 10.1366/0003702971942312,
# no info on lines
# wavelength: (nm)
# photoabsorption   -- Photoabsorption cross section (cm2)
# photodissociation -- Photodissociation cross section (cm2)
# This version has been resampled to a uniform 0.1nm grid while maintaining a constant integrated cross section (using trapezoidal integration).
# wavelength photoabsorption photodissociation
1.030600e+02 3.185240e-17 8.624587e-20
1.031600e+02 3.170640e-17 2.299890e-19
1.032600e+02 3.156040e-17 3.737321e-19
1.033600e+02 3.141441e-17 5.174752e-19
1.034600e+02 3.126841e-17 6.612184e-19
1.035600e+02 3.112241e-17 8.049615e-19
1.036600e+02 3.097641e-17 9.487046e-19
1.037600e+02 3.083041e-17 1.092448e-18
1.038600e+02 3.068441e-17 1.236191e-18
1.039600e+02 3.053842e-17 1.379934e-18
1.040600e+02 3.039242e-17 1.523677e-18
1.041600e+02 3.024642e-17 1.667420e-18
1.042600e+02 3.010042e-17 1.811163e-18
1.043600e+02 2.995442e-17 1.954906e-18
1.044600e+02 2.980842e-17 2.098650e-18
1.045600e+02 2.966243e-17 2.242393e-18
1.046600e+02 2.951643e-17 2.386136e-18
1.047600e+02 2.937043e-17 2.529879e-18
1.048600e+02 2.922443e-17 2.673622e-18
1.049600e+02 2.907843e-17 2.817365e-18
1.050600e+02 2.893243e-17 2.961108e-18
1.051600e+02 2.878644e-17 3.104851e-18
1.052600e+02 2.864044e-17 3.248595e-18
1.053600e+02 2.849444e-17 3.392338e-18
1.054600e+02 2.834844e-17 3.536081e-18
1.055600e+02 2.820244e-17 3.679824e-18
1.056600e+02 2.805644e-17 3.823567e-18
1.057600e+02 2.791045e-17 3.967310e-18
1.058600e+02 2.776445e-17 4.111053e-18
1.059600e+02 3.056543e-17 1.353538e-18
1.060600e+02 2.755597e-17 4.316914e-18
1.061600e+02 2.814028e-17 4.289917e-18
1.062600e+02 2.750439e-17 4.080769e-18
1.063600e+02 2.686275e-17 3.673608e-18
1.064600e+02 2.837026e-17 4.817729e-18
1.065600e+02 2.916907e-17 6.289315e-18
1.066600e+02 2.870315e-17 7.288524e-18
1.067600e+02 2.766501e-17 8.211147e-18
1.068600e+02 2.612056e-17 8.099409e-18
1.069600e+02 2.638543e-17 8.739052e-18
1.070600e+02 2.758560e-17 9.934615e-18
1.071600e+02 2.728432e-17 9.668903e-18
1.072600e+02 2.733837e-17 9.530447e-18
1.073600e+02 2.894420e-17 1.115594e-17
1.074600e+02 2.925406e-17 1.216420e-17
1.075600e+02 2.782600e-17 1.107716e-17
1.076600e+02 2.589416e-17 9.032684e-18
1.077600e+02 2.537639e-17 8.523117e-18
1.078600e+02 2.692935e-17 9.921246e-18
1.079600e+02 2.825639e-17 1.168192e-17
1.080600e+02 2.714339e-17 1.098560e-17
1.081600e+02 2.691235e-17 1.038354e-17
1.082600e+02 2.922568e-17 1.260189e-17
1.083600e+02 2.760328e-17 1.192733e-17
1.084600e+02 2.633450e-17 1.124799e-17
1.085600e+02 3.246624e-17 1.713034e-17
1.086600e+02 3.292106e-17 1.852088e-17
1.087600e+02 2.949685e-17 1.872746e-17
1.088600e+02 2.852286e-17 2.290724e-17
1.089600e+02 2.452302e-17 2.193961e-17
1.090600e+02 2.389745e-17 2.262522e-17
1.091600e+02 2.830783e-17 2.734523e-17
1.092600e+02 2.732830e-17 2.638302e-17
1.093600e+02 2.454254e-17 2.359306e-17
1.094600e+02 2.832338e-17 2.737252e-17
1.095600e+02 3.597108e-17 3.514813e-17
1.096600e+02 3.479205e-17 3.412902e-17
1.097600e+02 2.730410e-17 2.699873e-17
1.098600e+02 1.658684e-17 1.651847e-17
1.099600e+02 1.106069e-17 1.106069e-17
1.100600e+02 4.543543e-18 4.543543e-18
1.101600e+02 1.878500e-17 1.878500e-17
1.102600e+02 2.159400e-17 2.159400e-17
1.103600e+02 1.223400e-17 1.223400e-17
1.104600e+02 1.131800e-17 1.131800e-17
1.105600e+02 1.450100e-17 1.450100e-17
1.106600e+02 1.259220e-17 1.259220e-17
1.107600e+02 2.792520e-17 2.792520e-17
1.108600e+02 3.552700e-17 3.552700e-17
1.109600e+02 1.567000e-17 1.567000e-17
1.110600e+02 1.454300e-17 1.454300e-17
1.111600e+02 1.692100e-17 1.692100e-17
1.112600e+02 1.544100e-17 1.544100e-17
1.113600e+02 1.957700e-17 1.957700e-17
1.114600e+02 1.792200e-17 1.792200e-17
1.115600e+02 1.315100e-17 1.315100e-17
1.116600e+02 9.878000e-18 9.878000e-18
1.117600e+02 3.317200e-17 3.317200e-17
1.118600e+02 3.991000e-17 3.991000e-17
1.119600e+02 1.471600e-17 1.471600e-17
1.120600e+02 1.111400e-17 1.111400e-17
1.121600e+02 1.105300e-17 1.105300e-17
1.122600e+02 9.328000e-18 9.328000e-18
1.123600e+02 1.981900e-17 1.981900e-17
1.124600e+02 2.219400e-17 2.219400e-17
1.125600e+02 1.288600e-17 1.288600e-17
1.126600e+02 8.248000e-18 8.248000e-18
1.127600e+02 5.544200e-18 5.544200e-18
1.128600e+02 1.489420e-17 1.489420e-17
1.129600e+02 2.556000e-17 2.556000e-17
1.130600e+02 8.626000e-17 8.626000e-17
1.131600e+02 8.677000e-17 8.677000e-17
1.132600e+02 1.958500e-17 1.958500e-17
1.133600e+02 1.022400e-17 1.022400e-17
1.134600e+02 1.226300e-17 1.226300e-17
1.135600e+02 1.571500e-17 1.571500e-17
1.136600e+02 1.417300e-17 1.417300e-17
1.137600e+02 9.584000e-18 9.584000e-18
1.138600e+02 1.004200e-17 1.004200e-17
1.139600e+02 1.040900e-17 1.040900e-17
1.140600e+02 4.532300e-17 4.532300e-17
1.141600e+02 4.504160e-17 4.504160e-17
1.142600e+02 7.130600e-18 7.130600e-18
1.143600e+02 7.317000e-18 7.317000e-18
1.144600e+02 9.056800e-18 9.056800e-18
1.145600e+02 1.492580e-17 1.492580e-17
1.146600e+02 1.452800e-17 1.452800e-17
1.147600e+02 8.282000e-18 8.282000e-18
1.148600e+02 3.064700e-17 3.064700e-17
1.149600e+02 3.034100e-17 3.034100e-17
1.150600e+02 7.652000e-18 7.652000e-18
1.151600e+02 6.845200e-18 6.845200e-18
1.152600e+02 1.300620e-17 1.300620e-17
1.153600e+02 7.192200e-17 7.192200e-17
1.154600e+02 1.367300e-16 1.367300e-16
1.155600e+02 8.554600e-17 8.554600e-17
1.156600e+02 1.169000e-17 1.169000e-17
1.157600e+02 2.443600e-18 2.443600e-18
1.158600e+02 3.462500e-18 3.462500e-18
1.159600e+02 6.077900e-18 6.077900e-18
1.160600e+02 6.331800e-18 6.331800e-18
1.161600e+02 5.945800e-18 5.945800e-18
1.162600e+02 6.806000e-18 6.806000e-18
1.163600e+02 4.893000e-18 4.893000e-18
1.164600e+02 2.238080e-18 2.238080e-18
1.165600e+02 5.917780e-18 5.917780e-18
1.166600e+02 8.380700e-18 8.380700e-18
1.167600e+02 5.613900e-18 5.613900e-18
1.168600e+02 5.221900e-18 5.221900e-18
1.169600e+02 1.228900e-17 1.228900e-17
1.170600e+02 4.804600e-17 4.804600e-17
1.171600e+02 4.304400e-17 4.304400e-17
1.172600e+02 6.532700e-17 6.532700e-17
1.173600e+02 9.502300e-17 9.502300e-17
1.174600e+02 3.788000e-17 3.788000e-17
1.175600e+02 6.948300e-18 6.948300e-18
1.176600e+02 4.407830e-17 4.407830e-17
1.177600e+02 9.886000e-17 9.886000e-17
1.178600e+02 9.082000e-17 9.082000e-17
1.179600e+02 3.678100e-17 3.678100e-17
1.180600e+02 5.781600e-18 5.781600e-18
1.181600e+02 3.634300e-18 3.634300e-18
1.182600e+02 4.351700e-18 4.351700e-18
1.183600e+02 5.090000e-18 5.090000e-18
1.184600e+02 5.144000e-18 5.144000e-18
1.185600e+02 4.906000e-18 4.906000e-18
1.186600e+02 4.582000e-18 4.582000e-18
1.187600e+02 4.137900e-18 4.137900e-18
1.188600e+02 3.923000e-18 3.923000e-18
1.189600e+02 1.410410e-17 1.410410e-17
1.190600e+02 2.839100e-17 2.839100e-17
1.191600e+02 2.042500e-17 2.042500e-17
1.192600e+02 7.408000e-18 7.408000e-18
1.193600e+02 1.661300e-17 1.661300e-17
1.194600e+02 1.936000e-17 1.936000e-17
1.195600e+02 8.864000e-18 8.864000e-18
1.196600e+02 3.371400e-18 3.371400e-18
1.197600e+02 3.387400e-18 3.387400e-18
1.198600e+02 4.385490e-18 4.385490e-18
1.199600e+02 6.582790e-18 6.582790e-18
1.200600e+02 1.034330e-17 1.034330e-17
1.201600e+02 3.771600e-17 3.771600e-17
1.202600e+02 2.134100e-16 2.134100e-16
1.203600e+02 2.587300e-16 2.587300e-16
1.204600e+02 9.010000e-17 9.010000e-17
1.205600e+02 2.138000e-17 2.138000e-17
1.206600e+02 1.187200e-17 1.187200e-17
1.207600e+02 5.287670e-18 5.287670e-18
1.208600e+02 4.055770e-18 4.055770e-18
1.209600e+02 3.767260e-18 3.767260e-18
1.210600e+02 3.172660e-18 3.172660e-18
1.211600e+02 3.912100e-18 3.912100e-18
1.212600e+02 5.684600e-18 5.684600e-18
1.213600e+02 5.708000e-18 5.708000e-18
1.214600e+02 1.665400e-17 1.665400e-17
1.215600e+02 4.139400e-17 4.139400e-17
1.216600e+02 3.916800e-17 3.916800e-17
1.217600e+02 1.947800e-17 1.947800e-17
1.218600e+02 1.105500e-17 1.105500e-17
1.219600e+02 2.297500e-17 2.297500e-17
1.220600e+02 6.425000e-17 6.425000e-17
1.221600e+02 4.729620e-17 4.729620e-17
1.222600e+02 3.859500e-18 3.859500e-18
1.223600e+02 4.700300e-18 4.700300e-18
1.224600e+02 4.764400e-18 4.764400e-18
1.225600e+02 2.356000e-18 2.356000e-18
1.226600e+02 3.871600e-18 3.871600e-18
1.227600e+02 4.518900e-18 4.518900e-18
1.228600e+02 4.533900e-18 4.533900e-18
1.229600e+02 5.268500e-18 5.268500e-18
1.230600e+02 4.943700e-18 4.943700e-18
1.231600e+02 4.694500e-18 4.694500e-18
1.232600e+02 3.458300e-18 3.458300e-18
1.233600e+02 2.570580e-18 2.570580e-18
1.234600e+02 2.948380e-18 2.948380e-18
1.235600e+02 2.894000e-18 2.894000e-18
1.236600e+02 2.966200e-18 2.966200e-18
1.237600e+02 2.851000e-18 2.851000e-18
1.238600e+02 3.403000e-18 3.403000e-18
1.239600e+02 5.551000e-18 5.551000e-18
1.240600e+02 7.909000e-18 7.909000e-18
1.241600e+02 2.905700e-17 2.905700e-17
1.242600e+02 8.795000e-17 8.795000e-17
1.243600e+02 1.223500e-16 1.223500e-16
1.244600e+02 7.580000e-17 7.580000e-17
1.245600e+02 2.666000e-17 2.666000e-17
1.246600e+02 1.649800e-17 1.649800e-17
1.247600e+02 1.442380e-16 1.442380e-16
1.248600e+02 1.876200e-16 1.876200e-16
1.249600e+02 5.414700e-17 5.414700e-17
1.250600e+02 6.100000e-18 6.100000e-18
1.251600e+02 4.195000e-18 4.195000e-18
1.252600e+02 5.334000e-18 5.334000e-18
1.253600e+02 9.046000e-18 9.046000e-18
1.254600e+02 1.622400e-17 1.622400e-17
1.255600e+02 1.651100e-17 1.651100e-17
1.256600e+02 7.799000e-18 7.799000e-18
1.257600e+02 4.145000e-18 4.145000e-18
1.258600e+02 4.606100e-18 4.606100e-18
1.259600e+02 3.999100e-18 3.999100e-18
1.260600e+02 3.530300e-18 3.530300e-18
1.261600e+02 3.763200e-18 3.763200e-18
1.262600e+02 4.534400e-18 4.534400e-18
1.263600e+02 6.819500e-18 6.819500e-18
1.264600e+02 5.728640e-18 5.728640e-18
1.265600e+02 3.208640e-18 3.208640e-18
1.266600e+02 3.795000e-18 3.795000e-18
1.267600e+02 3.986000e-18 3.986000e-18
1.268600e+02 3.240351e-18 3.240351e-18
1.269600e+02 2.467951e-18 2.467951e-18
1.270600e+02 3.356600e-18 3.356600e-18
1.271600e+02 6.186000e-18 6.186000e-18
1.272600e+02 7.756000e-18 7.756000e-18
1.273600e+02 8.496000e-18 8.496000e-18
1.274600e+02 1.059700e-17 1.059700e-17
1.275600e+02 1.353100e-17 1.353100e-17
1.276600e+02 2.445000e-17 2.445000e-17
1.277600e+02 4.848000e-17 4.848000e-17
1.278600e+02 5.048000e-17 5.048000e-17
1.279600e+02 3.773000e-17 3.773000e-17
1.280600e+02 5.018000e-17 5.018000e-17
1.281600e+02 8.055000e-17 8.055000e-17
1.282600e+02 8.223000e-17 8.223000e-17
1.283600e+02 4.648000e-17 4.648000e-17
1.284600e+02 2.321000e-17 2.321000e-17
1.285600e+02 1.642500e-17 1.642500e-17
1.286600e+02 1.102900e-17 1.102900e-17
1.287600e+02 2.097400e-17 2.097400e-17
1.288600e+02 2.649000e-17 2.649000e-17
1.289600e+02 1.729000e-17 1.729000e-17
1.290600e+02 1.439500e-17 1.439500e-17
1.291600e+02 1.848500e-17 1.848500e-17
1.292600e+02 1.778800e-17 1.778800e-17
1.293600e+02 1.483800e-17 1.483800e-17
1.294600e+02 1.802000e-17 1.802000e-17
1.295600e+02 1.375300e-17 1.375300e-17
1.296600e+02 1.990300e-17 1.990300e-17
1.297600e+02 3.298000e-17 3.298000e-17
1.298600e+02 3.237000e-17 3.237000e-17
1.299600e+02 2.648000e-17 2.648000e-17
1.300600e+02 2.365000e-17 2.365000e-17
1.301600e+02 2.637000e-17 2.637000e-17
1.302600e+02 3.034000e-17 3.034000e-17
1.303600e+02 3.724000e-17 3.724000e-17
1.304600e+02 5.371000e-17 5.371000e-17
1.305600e+02 9.985000e-17 9.985000e-17
1.306600e+02 2.216800e-16 2.216800e-16
1.307600e+02 2.641000e-16 2.641000e-16
1.308600e+02 1.582500e-16 1.582500e-16
1.309600e+02 1.134500e-16 1.134500e-16
1.310600e+02 1.700000e-16 1.700000e-16
1.311600e+02 1.604500e-16 1.604500e-16
1.312600e+02 7.619000e-17 7.619000e-17
1.313600e+02 4.795000e-17 4.795000e-17
1.314600e+02 4.052000e-17 4.052000e-17
1.315600e+02 1.996000e-17 1.996000e-17
1.316600e+02 9.474000e-18 9.474000e-18
1.317600e+02 2.473400e-17 2.473400e-17
1.318600e+02 4.554000e-17 4.554000e-17
1.319600e+02 3.661000e-17 3.661000e-17
1.320600e+02 2.265000e-17 2.265000e-17
1.321600e+02 1.883000e-17 1.883000e-17
1.322600e+02 2.689000e-17 2.689000e-17
1.323600e+02 3.301000e-17 3.301000e-17
1.324600e+02 2.676000e-17 2.676000e-17
1.325600e+02 1.741700e-17 1.741700e-17
1.326600e+02 9.405000e-18 9.405000e-18
1.327600e+02 1.191800e-17 1.191800e-17
1.328600e+02 3.132000e-17 3.132000e-17
1.329600e+02 3.524000e-17 3.524000e-17
1.330600e+02 2.200000e-17 2.200000e-17
1.331600e+02 2.019000e-17 2.019000e-17
1.332600e+02 2.570000e-17 2.570000e-17
1.333600e+02 2.855000e-17 2.855000e-17
1.334600e+02 3.092000e-17 3.092000e-17
1.335600e+02 5.606000e-17 5.606000e-17
1.336600e+02 2.028500e-16 2.028500e-16
1.337600e+02 4.617000e-16 4.617000e-16
1.338600e+02 3.634300e-16 3.634300e-16
1.339600e+02 9.757000e-17 9.757000e-17
1.340600e+02 5.063000e-17 5.063000e-17
1.341600e+02 8.162000e-17 8.162000e-17
1.342600e+02 1.231700e-16 1.231700e-16
1.343600e+02 8.015000e-17 8.015000e-17
1.344600e+02 2.568800e-17 2.568800e-17
1.345600e+02 7.066300e-18 7.066300e-18
1.346600e+02 2.795300e-18 2.795300e-18
1.347600e+02 3.584640e-18 3.584640e-18
1.348600e+02 2.580110e-18 2.580110e-18
1.349600e+02 9.681470e-18 9.681470e-18
1.350600e+02 2.310900e-17 2.310900e-17
1.351600e+02 1.625822e-17 1.625822e-17
1.352600e+02 3.184920e-18 3.184920e-18
1.353600e+02 2.484700e-18 2.484700e-18
1.354600e+02 2.776000e-18 2.776000e-18
1.355600e+02 3.233400e-18 3.233400e-18
1.356600e+02 3.939400e-18 3.939400e-18
1.357600e+02 5.098000e-18 5.098000e-18
1.358600e+02 4.581000e-18 4.581000e-18
1.359600e+02 3.458500e-18 3.458500e-18
1.360600e+02 3.156800e-18 3.156800e-18
1.361600e+02 8.664500e-18 8.664500e-18
1.362600e+02 1.131270e-17 1.131270e-17
1.363600e+02 5.241300e-18 5.241300e-18
1.364600e+02 3.054800e-18 3.054800e-18
1.365600e+02 2.804600e-18 2.804600e-18
1.366600e+02 2.946600e-18 2.946600e-18
1.367600e+02 3.645000e-18 3.645000e-18
1.368600e+02 4.694000e-18 4.694000e-18
1.369600e+02 5.565000e-18 5.565000e-18
1.370600e+02 4.292200e-18 4.292200e-18
1.371600e+02 4.117200e-18 4.117200e-18
1.372600e+02 4.173000e-18 4.173000e-18
1.373600e+02 2.868450e-18 2.868450e-18
1.374600e+02 2.578550e-18 2.578550e-18
1.375600e+02 2.447100e-18 2.447100e-18
1.376600e+02 2.008400e-18 2.008400e-18
1.377600e+02 1.795500e-18 1.795500e-18
1.378600e+02 1.259500e-18 1.259500e-18
1.379600e+02 1.256100e-18 1.256100e-18
1.380600e+02 1.497600e-18 1.497600e-18
1.381600e+02 2.574300e-18 2.574300e-18
1.382600e+02 3.197100e-18 3.197100e-18
1.383600e+02 2.512700e-18 2.512700e-18
1.384600e+02 1.976000e-18 1.976000e-18
1.385600e+02 2.104400e-18 2.104400e-18
1.386600e+02 3.840400e-18 3.840400e-18
1.387600e+02 4.706000e-18 4.706000e-18
1.388600e+02 4.830000e-18 4.830000e-18
1.389600e+02 5.446000e-18 5.446000e-18
1.390600e+02 4.891000e-18 4.891000e-18
1.391600e+02 4.315000e-18 4.315000e-18
1.392600e+02 4.855000e-18 4.855000e-18
1.393600e+02 4.541000e-18 4.541000e-18
1.394600e+02 3.599000e-18 3.599000e-18
1.395600e+02 3.763000e-18 3.763000e-18
1.396600e+02 5.169000e-18 5.169000e-18
1.397600e+02 7.300000e-18 7.300000e-18
1.398600e+02 7.758000e-18 7.758000e-18
1.399600e+02 6.582000e-18 6.582000e-18
1.400600e+02 6.101000e-18 6.101000e-18
1.401600e+02 6.838000e-18 6.838000e-18
1.402600e+02 8.545000e-18 8.545000e-18
1.403600e+02 8.567000e-18 8.567000e-18
1.404600e+02 8.480000e-18 8.480000e-18
1.405600e+02 9.218000e-18 9.218000e-18
1.406600e+02 7.328000e-18 7.328000e-18
1.407600e+02 5.316000e-18 5.316000e-18
1.408600e+02 4.620000e-18 4.620000e-18
1.409600e+02 5.263000e-18 5.263000e-18
1.410600e+02 6.461000e-18 6.461000e-18
1.411600e+02 5.411000e-18 5.411000e-18
1.412600e+02 4.575000e-18 4.575000e-18
1.413600e+02 3.661800e-18 3.661800e-18
1.414600e+02 3.120800e-18 3.120800e-18
1.415600e+02 4.158000e-18 4.158000e-18
1.416600e+02 3.970000e-18 3.970000e-18
1.417600e+02 4.448000e-18 4.448000e-18
1.418600e+02 6.147000e-18 6.147000e-18
1.419600e+02 6.103800e-18 6.103800e-18
1.420600e+02 4.890800e-18 4.890800e-18
1.421600e+02 3.108200e-18 3.108200e-18
1.422600e+02 1.979000e-18 1.979000e-18
1.423600e+02 2.097500e-18 2.097500e-18
1.424600e+02 2.114700e-18 2.114700e-18
1.425600e+02 2.452000e-18 2.452000e-18
1.426600e+02 3.582300e-18 3.582300e-18
1.427600e+02 4.134300e-18 4.134300e-18
1.428600e+02 3.218000e-18 3.218000e-18
1.429600e+02 2.467600e-18 2.467600e-18
1.430600e+02 1.960300e-18 1.960300e-18
1.431600e+02 2.085700e-18 2.085700e-18
1.432600e+02 2.644000e-18 2.644000e-18
1.433600e+02 3.432000e-18 3.432000e-18
1.434600e+02 3.983000e-18 3.983000e-18
1.435600e+02 6.532000e-18 6.532000e-18
1.436600e+02 1.158500e-17 1.158500e-17
1.437600e+02 1.713000e-17 1.713000e-17
1.438600e+02 2.187000e-17 2.187000e-17
1.439600e+02 2.198000e-17 2.198000e-17
1.440600e+02 1.745000e-17 1.745000e-17
1.441600e+02 1.301000e-17 1.301000e-17
1.442600e+02 9.047000e-18 9.047000e-18
1.443600e+02 4.850000e-18 4.850000e-18
1.444600e+02 2.618600e-18 2.618600e-18
1.445600e+02 2.918600e-18 2.918600e-18
1.446600e+02 4.430000e-18 4.430000e-18
1.447600e+02 5.543000e-18 5.543000e-18
1.448600e+02 5.363000e-18 5.363000e-18
1.449600e+02 4.212000e-18 4.212000e-18
1.450600e+02 3.923700e-18 3.923700e-18
1.451600e+02 4.188600e-18 4.188600e-18
1.452600e+02 3.790900e-18 3.790900e-18
1.453600e+02 3.570000e-18 3.570000e-18
1.454600e+02 4.266000e-18 4.266000e-18
1.455600e+02 3.342900e-18 3.342900e-18
1.456600e+02 2.746900e-18 2.746900e-18
1.457600e+02 2.918300e-18 2.918300e-18
1.458600e+02 1.837700e-18 1.837700e-18
1.459600e+02 2.133400e-18 2.133400e-18
1.460600e+02 3.091000e-18 3.091000e-18
1.461600e+02 3.260800e-18 3.260800e-18
1.462600e+02 3.257800e-18 3.257800e-18
1.463600e+02 2.666900e-18 2.666900e-18
1.464600e+02 1.473090e-18 1.473090e-18
1.465600e+02 1.677190e-18 1.677190e-18
1.466600e+02 1.725100e-18 1.725100e-18
1.467600e+02 1.280800e-18 1.280800e-18
1.468600e+02 1.767400e-18 1.767400e-18
1.469600e+02 2.180900e-18 2.180900e-18
1.470600e+02 4.404200e-18 4.404200e-18
1.471600e+02 8.879000e-18 8.879000e-18
1.472600e+02 1.374000e-17 1.374000e-17
1.473600e+02 2.008000e-17 2.008000e-17
1.474600e+02 2.881000e-17 2.881000e-17
1.475600e+02 3.908000e-17 3.908000e-17
1.476600e+02 4.929000e-17 4.929000e-17
1.477600e+02 5.664000e-17 5.664000e-17
1.478600e+02 5.861000e-17 5.861000e-17
1.479600e+02 5.494000e-17 5.494000e-17
1.480600e+02 4.739000e-17 4.739000e-17
1.481600e+02 3.975000e-17 3.975000e-17
1.482600e+02 3.588000e-17 3.588000e-17
1.483600e+02 3.010000e-17 3.010000e-17
1.484600e+02 2.130000e-17 2.130000e-17
1.485600e+02 1.423800e-17 1.423800e-17
1.486600e+02 8.989000e-18 8.989000e-18
1.487600e+02 5.543000e-18 5.543000e-18
1.488600e+02 2.453000e-18 2.453000e-18
1.489600e+02 7.403200e-19 7.403200e-19
1.490600e+02 9.939200e-19 9.939200e-19
1.491600e+02 1.518500e-18 1.518500e-18
1.492600e+02 1.845700e-18 1.845700e-18
1.493600e+02 1.664350e-18 1.664350e-18
1.494600e+02 1.751650e-18 1.751650e-18
1.495600e+02 1.857950e-18 1.857950e-18
1.496600e+02 1.610550e-18 1.610550e-18
1.497600e+02 1.430700e-18 1.430700e-18
1.498600e+02 1.837200e-18 1.837200e-18
1.499600e+02 2.106622e-18 2.106622e-18
1.500600e+02 1.564622e-18 1.564622e-18
1.501600e+02 1.937500e-18 1.937500e-18
1.502600e+02 2.002100e-18 2.002100e-18
1.503600e+02 1.508400e-18 1.508400e-18
1.504600e+02 2.003000e-18 2.003000e-18
1.505600e+02 2.139500e-18 2.139500e-18
1.506600e+02 1.931800e-18 1.931800e-18
1.507600e+02 3.292700e-18 3.292700e-18
1.508600e+02 4.518000e-18 4.518000e-18
1.509600e+02 6.035000e-18 6.035000e-18
1.510600e+02 9.670000e-18 9.670000e-18
1.511600e+02 1.462800e-17 1.462800e-17
1.512600e+02 2.091000e-17 2.091000e-17
1.513600e+02 2.728000e-17 2.728000e-17
1.514600e+02 3.520000e-17 3.520000e-17
1.515600e+02 4.971000e-17 4.971000e-17
1.516600e+02 8.244000e-17 8.244000e-17
1.517600e+02 1.655700e-16 1.655700e-16
1.518600e+02 3.430000e-16 3.430000e-16
1.519600e+02 4.358000e-16 4.358000e-16
1.520600e+02 2.965000e-16 2.965000e-16
1.521600e+02 1.301200e-16 1.301200e-16
1.522600e+02 5.927000e-17 5.927000e-17
1.523600e+02 3.129000e-17 3.129000e-17
1.524600e+02 1.680900e-17 1.680900e-17
1.525600e+02 9.337000e-18 9.337000e-18
1.526600e+02 5.210100e-18 5.210100e-18
1.527600e+02 2.475100e-18 2.475100e-18
1.528600e+02 1.286750e-18 1.286750e-18
1.529600e+02 1.213150e-18 1.213150e-18
1.530600e+02 1.199900e-18 1.199900e-18
1.531600e+02 1.125700e-18 1.125700e-18
1.532600e+02 1.280720e-18 1.280720e-18
1.533600e+02 9.625100e-19 9.625100e-19
1.534600e+02 1.045900e-18 1.045900e-18
1.535600e+02 1.722110e-18 1.722110e-18
1.536600e+02 1.754900e-18 1.754900e-18
1.537600e+02 9.236920e-19 9.236920e-19
1.538600e+02 9.859920e-19 9.859920e-19
1.539600e+02 1.148514e-18 1.148514e-18
1.540600e+02 9.203464e-19 9.203464e-19
1.541600e+02 8.316242e-19 8.316242e-19
1.542600e+02 7.591242e-19 7.591242e-19
1.543600e+02 7.121265e-19 7.121265e-19
1.544600e+02 6.772121e-19 6.772121e-19
1.545600e+02 6.340091e-19 6.340091e-19
1.546600e+02 5.918559e-19 5.918559e-19
1.547600e+02 5.615152e-19 5.615152e-19
1.548600e+02 5.562697e-19 5.562697e-19
1.549600e+02 5.638529e-19 5.638529e-19
1.550600e+02 5.479000e-19 5.479000e-19
1.551600e+02 5.203000e-19 5.203000e-19
1.552600e+02 5.133206e-19 5.133206e-19
1.553600e+02 5.220727e-19 5.220727e-19
1.554600e+02 5.286909e-19 5.286909e-19
1.555600e+02 5.269971e-19 5.269971e-19
1.556600e+02 5.272848e-19 5.272848e-19
1.557600e+02 5.280424e-19 5.280424e-19
1.558600e+02 5.223618e-19 5.223618e-19
1.559600e+02 5.087879e-19 5.087879e-19
1.560600e+02 4.819455e-19 4.819455e-19
1.561600e+02 4.596382e-19 4.596382e-19
1.562600e+02 4.567636e-19 4.567636e-19
1.563600e+02 4.624182e-19 4.624182e-19
1.564600e+02 4.561147e-19 4.561147e-19
1.565600e+02 4.395242e-19 4.395242e-19
1.566600e+02 4.285727e-19 4.285727e-19
1.567600e+02 4.346706e-19 4.346706e-19
1.568600e+02 4.551273e-19 4.551273e-19
1.569600e+02 4.871182e-19 4.871182e-19
1.570600e+02 5.263000e-19 5.263000e-19
1.571600e+02 5.582727e-19 5.582727e-19
1.572600e+02 5.739152e-19 5.739152e-19
1.573600e+02 5.733382e-19 5.733382e-19
1.574600e+02 5.623121e-19 5.623121e-19
1.575600e+02 5.669879e-19 5.669879e-19
1.576600e+02 5.888735e-19 5.888735e-19
1.577600e+02 5.895697e-19 5.895697e-19
1.578600e+02 5.537515e-19 5.537515e-19
1.579600e+02 5.181647e-19 5.181647e-19
1.580600e+02 4.872606e-19 4.872606e-19
1.581600e+02 4.685818e-19 4.685818e-19
1.582600e+02 4.840088e-19 4.840088e-19
1.583600e+02 5.128485e-19 5.128485e-19
1.584600e+02 5.305182e-19 5.305182e-19
1.585600e+02 5.433088e-19 5.433088e-19
1.586600e+02 5.653424e-19 5.653424e-19
1.587600e+02 6.050394e-19 6.050394e-19
1.588600e+02 6.505382e-19 6.505382e-19
1.589600e+02 6.902152e-19 6.902152e-19
1.590600e+02 7.064636e-19 7.064636e-19
1.591600e+02 7.003824e-19 7.003824e-19
1.592600e+02 6.927939e-19 6.927939e-19
1.593600e+02 6.810636e-19 6.810636e-19
1.594600e+02 6.580324e-19 6.580324e-19
1.595600e+02 6.206515e-19 6.206515e-19
1.596600e+02 5.867515e-19 5.867515e-19
1.597600e+02 5.627471e-19 5.627471e-19
1.598600e+02 5.483424e-19 5.483424e-19
1.599600e+02 5.499333e-19 5.499333e-19
1.600600e+02 5.557176e-19 5.557176e-19
1.601600e+02 5.556242e-19 5.556242e-19
1.602600e+02 5.472030e-19 5.472030e-19
1.603600e+02 5.667147e-19 5.667147e-19
1.604600e+02 6.136818e-19 6.136818e-19
1.605600e+02 6.593485e-19 6.593485e-19
1.606600e+02 7.298353e-19 7.298353e-19
1.607600e+02 8.200909e-19 8.200909e-19
1.608600e+02 8.666333e-19 8.666333e-19
1.609600e+02 8.538029e-19 8.538029e-19
1.610600e+02 8.354697e-19 8.354697e-19
1.611600e+02 7.895667e-19 7.895667e-19
1.612600e+02 7.173676e-19 7.173676e-19
1.613600e+02 6.921061e-19 6.921061e-19
1.614600e+02 7.037061e-19 7.037061e-19
1.615600e+02 6.986529e-19 6.986529e-19
1.616600e+02 6.779485e-19 6.779485e-19
1.617600e+02 6.619727e-19 6.619727e-19
1.618600e+02 6.660412e-19 6.660412e-19
1.619600e+02 6.727364e-19 6.727364e-19
1.620600e+02 6.703121e-19 6.703121e-19
1.621600e+02 6.948618e-19 6.948618e-19
1.622600e+02 7.619788e-19 7.619788e-19
1.623600e+02 8.256970e-19 8.256970e-19
1.624600e+02 8.458412e-19 8.458412e-19
1.625600e+02 8.615485e-19 8.615485e-19
1.626600e+02 8.982545e-19 8.982545e-19
1.627600e+02 9.527765e-19 9.527765e-19
1.628600e+02 1.020327e-18 1.020327e-18
1.629600e+02 1.022652e-18 1.022652e-18
1.630600e+02 9.957765e-19 9.957765e-19
1.631600e+02 1.026239e-18 1.026239e-18
1.632600e+02 1.005867e-18 1.005867e-18
1.633600e+02 8.900647e-19 8.900647e-19
1.634600e+02 7.617364e-19 7.617364e-19
1.635600e+02 6.718364e-19 6.718364e-19
1.636600e+02 6.497441e-19 6.497441e-19
1.637600e+02 6.628000e-19 6.628000e-19
1.638600e+02 6.853030e-19 6.853030e-19
1.639600e+02 7.238853e-19 7.238853e-19
1.640600e+02 7.806818e-19 7.806818e-19
1.641600e+02 8.306515e-19 8.306515e-19
1.642600e+02 8.863324e-19 8.863324e-19
1.643600e+02 9.548606e-19 9.548606e-19
1.644600e+02 9.798909e-19 9.798909e-19
1.645600e+02 1.019653e-18 1.019653e-18
1.646600e+02 1.098879e-18 1.098879e-18
1.647600e+02 1.133212e-18 1.133212e-18
1.648600e+02 1.133441e-18 1.133441e-18
1.649600e+02 1.159364e-18 1.159364e-18
1.650600e+02 1.192394e-18 1.192394e-18
1.651600e+02 1.161882e-18 1.161882e-18
1.652600e+02 1.025912e-18 1.025912e-18
1.653600e+02 8.512424e-19 8.512424e-19
1.654600e+02 7.770382e-19 7.770382e-19
1.655600e+02 7.727303e-19 7.727303e-19
1.656600e+02 7.709152e-19 7.709152e-19
1.657600e+02 7.624559e-19 7.624559e-19
1.658600e+02 7.510606e-19 7.510606e-19
1.659600e+02 7.346000e-19 7.346000e-19
1.660600e+02 7.751088e-19 7.751088e-19
1.661600e+02 8.825485e-19 8.825485e-19
1.662600e+02 9.868242e-19 9.868242e-19
1.663600e+02 1.018659e-18 1.018659e-18
1.664600e+02 1.107315e-18 1.107315e-18
1.665600e+02 1.373061e-18 1.373061e-18
1.666600e+02 1.607618e-18 1.607618e-18
1.667600e+02 1.640061e-18 1.640061e-18
1.668600e+02 1.492727e-18 1.492727e-18
1.669600e+02 1.327735e-18 1.327735e-18
1.670600e+02 1.209909e-18 1.209909e-18
1.671600e+02 1.125242e-18 1.125242e-18
1.672600e+02 1.058932e-18 1.058932e-18
1.673600e+02 9.897121e-19 9.897121e-19
1.674600e+02 9.053727e-19 9.053727e-19
1.675600e+02 8.365559e-19 8.365559e-19
1.676600e+02 8.268000e-19 8.268000e-19
1.677600e+02 8.650697e-19 8.650697e-19
1.678600e+02 8.652353e-19 8.652353e-19
1.679600e+02 8.470667e-19 8.470667e-19
1.680600e+02 8.655485e-19 8.655485e-19
1.681600e+02 8.981294e-19 8.981294e-19
1.682600e+02 9.327727e-19 9.327727e-19
1.683600e+02 1.009021e-18 1.009021e-18
1.684600e+02 1.156941e-18 1.156941e-18
1.685600e+02 1.412848e-18 1.412848e-18
1.686600e+02 1.714939e-18 1.714939e-18
1.687600e+02 1.788912e-18 1.788912e-18
1.688600e+02 1.601212e-18 1.601212e-18
1.689600e+02 1.455091e-18 1.455091e-18
1.690600e+02 1.428118e-18 1.428118e-18
1.691600e+02 1.275455e-18 1.275455e-18
1.692600e+02 1.050248e-18 1.050248e-18
1.693600e+02 8.940618e-19 8.940618e-19
1.694600e+02 7.901121e-19 7.901121e-19
1.695600e+02 7.519848e-19 7.519848e-19
1.696600e+02 7.772588e-19 7.772588e-19
1.697600e+02 8.220576e-19 8.220576e-19
1.698600e+02 8.306727e-19 8.306727e-19
1.699600e+02 7.875529e-19 7.875529e-19
1.700600e+02 7.645970e-19 7.645970e-19
1.701600e+02 8.195000e-19 8.195000e-19
1.702600e+02 9.701206e-19 9.701206e-19
1.703600e+02 1.182936e-18 1.182936e-18
1.704600e+02 1.407545e-18 1.407545e-18
1.705600e+02 1.569353e-18 1.569353e-18
1.706600e+02 1.590576e-18 1.590576e-18
1.707600e+02 1.574303e-18 1.574303e-18
1.708600e+02 1.642088e-18 1.642088e-18
1.709600e+02 1.646576e-18 1.646576e-18
1.710600e+02 1.485697e-18 1.485697e-18
1.711600e+02 1.262324e-18 1.262324e-18
1.712600e+02 1.123970e-18 1.123970e-18
1.713600e+02 1.124576e-18 1.124576e-18
1.714600e+02 1.207088e-18 1.207088e-18
1.715600e+02 1.306364e-18 1.306364e-18
1.716600e+02 1.263667e-18 1.263667e-18
1.717600e+02 1.063697e-18 1.063697e-18
1.718600e+02 8.633121e-19 8.633121e-19
1.719600e+02 7.163909e-19 7.163909e-19
1.720600e+02 6.636676e-19 6.636676e-19
1.721600e+02 7.062697e-19 7.062697e-19
1.722600e+02 8.035061e-19 8.035061e-19
1.723600e+02 9.313412e-19 9.313412e-19
1.724600e+02 1.074558e-18 1.074558e-18
1.725600e+02 1.192879e-18 1.192879e-18
1.726600e+02 1.316794e-18 1.316794e-18
1.727600e+02 1.517485e-18 1.517485e-18
1.728600e+02 1.723697e-18 1.723697e-18
1.729600e+02 1.726559e-18 1.726559e-18
1.730600e+02 1.581727e-18 1.581727e-18
1.731600e+02 1.389879e-18 1.389879e-18
1.732600e+02 1.249588e-18 1.249588e-18
1.733600e+02 1.260788e-18 1.260788e-18
1.734600e+02 1.318636e-18 1.318636e-18
1.735600e+02 1.307059e-18 1.307059e-18
1.736600e+02 1.173709e-18 1.173709e-18
1.737600e+02 9.035394e-19 9.035394e-19
1.738600e+02 7.436353e-19 7.436353e-19
1.739600e+02 6.811061e-19 6.811061e-19
1.740600e+02 6.103455e-19 6.103455e-19
1.741600e+02 6.224676e-19 6.224676e-19
1.742600e+02 7.259182e-19 7.259182e-19
1.743600e+02 8.687879e-19 8.687879e-19
1.744600e+02 9.079176e-19 9.079176e-19
1.745600e+02 8.729364e-19 8.729364e-19
1.746600e+02 9.010848e-19 9.010848e-19
1.747600e+02 1.048341e-18 1.048341e-18
1.748600e+02 1.154091e-18 1.154091e-18
1.749600e+02 1.128667e-18 1.128667e-18
1.750600e+02 1.124618e-18 1.124618e-18
1.751600e+02 1.164152e-18 1.164152e-18
1.752600e+02 1.257333e-18 1.257333e-18
1.753600e+02 1.342882e-18 1.342882e-18
1.754600e+02 1.429970e-18 1.429970e-18
1.755600e+02 1.604152e-18 1.604152e-18
1.756600e+02 1.539588e-18 1.539588e-18
1.757600e+02 1.331152e-18 1.331152e-18
1.758600e+02 1.175621e-18 1.175621e-18
1.759600e+02 1.009674e-18 1.009674e-18
1.760600e+02 9.153152e-19 9.153152e-19
1.761600e+02 8.329909e-19 8.329909e-19
1.762600e+02 7.555059e-19 7.555059e-19
1.763600e+02 6.642606e-19 6.642606e-19
1.764600e+02 6.086515e-19 6.086515e-19
1.765600e+02 5.959206e-19 5.959206e-19
1.766600e+02 5.919091e-19 5.919091e-19
1.767600e+02 6.197970e-19 6.197970e-19
1.768600e+02 6.355559e-19 6.355559e-19
1.769600e+02 7.124758e-19 7.124758e-19
1.770600e+02 9.285727e-19 9.285727e-19
1.771600e+02 1.094203e-18 1.094203e-18
1.772600e+02 1.101182e-18 1.101182e-18
1.773600e+02 1.113818e-18 1.113818e-18
1.774600e+02 1.257971e-18 1.257971e-18
1.775600e+02 1.445303e-18 1.445303e-18
1.776600e+02 1.502909e-18 1.502909e-18
1.777600e+02 1.376412e-18 1.376412e-18
1.778600e+02 1.245333e-18 1.245333e-18
1.779600e+02 1.083930e-18 1.083930e-18
1.780600e+02 8.566971e-19 8.566971e-19
1.781600e+02 6.913242e-19 6.913242e-19
1.782600e+02 6.624152e-19 6.624152e-19
1.783600e+02 6.392794e-19 6.392794e-19
1.784600e+02 5.768121e-19 5.768121e-19
1.785600e+02 5.506030e-19 5.506030e-19
1.786600e+02 5.428588e-19 5.428588e-19
1.787600e+02 5.718273e-19 5.718273e-19
1.788600e+02 6.320364e-19 6.320364e-19
1.789600e+02 6.418176e-19 6.418176e-19
1.790600e+02 6.116485e-19 6.116485e-19
1.791600e+02 6.107970e-19 6.107970e-19
1.792600e+02 5.374941e-19 5.374941e-19
1.793600e+02 4.808970e-19 4.808970e-19
1.794600e+02 5.077667e-19 5.077667e-19
1.795600e+02 5.630618e-19 5.630618e-19
1.796600e+02 6.349848e-19 6.349848e-19
1.797600e+02 6.941091e-19 6.941091e-19
1.798600e+02 8.072676e-19 8.072676e-19
1.799600e+02 9.941576e-19 9.941576e-19
1.800600e+02 1.106394e-18 1.106394e-18
1.801600e+02 1.102824e-18 1.102824e-18
1.802600e+02 1.093697e-18 1.093697e-18
1.803600e+02 1.072879e-18 1.072879e-18
1.804600e+02 9.034059e-19 9.034059e-19
1.805600e+02 6.712152e-19 6.712152e-19
1.806600e+02 5.469545e-19 5.469545e-19
1.807600e+02 4.563147e-19 4.563147e-19
1.808600e+02 3.747545e-19 3.747545e-19
1.809600e+02 3.191242e-19 3.191242e-19
1.810600e+02 2.839941e-19 2.839941e-19
1.811600e+02 3.462697e-19 3.462697e-19
1.812600e+02 3.863636e-19 3.863636e-19
1.813600e+02 3.526765e-19 3.526765e-19
1.814600e+02 3.464788e-19 3.464788e-19
1.815600e+02 3.640273e-19 3.640273e-19
1.816600e+02 4.391676e-19 4.391676e-19
1.817600e+02 5.516061e-19 5.516061e-19
1.818600e+02 5.967091e-19 5.967091e-19
1.819600e+02 5.626500e-19 5.626500e-19
1.820600e+02 5.490939e-19 5.490939e-19
1.821600e+02 5.825758e-19 5.825758e-19
1.822600e+02 7.081441e-19 7.081441e-19
1.823600e+02 7.533455e-19 7.533455e-19
1.824600e+02 7.058909e-19 7.058909e-19
1.825600e+02 6.247941e-19 6.247941e-19
1.826600e+02 5.349030e-19 5.349030e-19
1.827600e+02 4.713818e-19 4.713818e-19
1.828600e+02 3.585559e-19 3.585559e-19
1.829600e+02 3.333394e-19 3.333394e-19
1.830600e+02 3.962394e-19 3.962394e-19
1.831600e+02 4.420706e-19 4.420706e-19
1.832600e+02 4.465273e-19 4.465273e-19
1.833600e+02 4.191758e-19 4.191758e-19
1.834600e+02 4.449000e-19 4.449000e-19
1.835600e+02 4.904939e-19 4.904939e-19
1.836600e+02 3.959061e-19 3.959061e-19
1.837600e+02 2.612824e-19 2.612824e-19
1.838600e+02 2.029727e-19 2.029727e-19
1.839600e+02 2.023515e-19 2.023515e-19
1.840600e+02 2.354824e-19 2.354824e-19
1.841600e+02 2.501667e-19 2.501667e-19
1.842600e+02 2.531909e-19 2.531909e-19
1.843600e+02 2.352235e-19 2.352235e-19
1.844600e+02 2.129333e-19 2.129333e-19
1.845600e+02 2.070455e-19 2.070455e-19
1.846600e+02 3.193853e-19 3.193853e-19
1.847600e+02 6.030364e-19 6.030364e-19
1.848600e+02 6.813727e-19 6.813727e-19
1.849600e+02 5.169500e-19 5.169500e-19
1.850600e+02 4.105576e-19 4.105576e-19
1.851600e+02 3.409303e-19 3.409303e-19
1.852600e+02 2.736912e-19 2.736912e-19
1.853600e+02 1.913000e-19 1.913000e-19
1.854600e+02 1.481697e-19 1.481697e-19
1.855600e+02 1.986441e-19 1.986441e-19
1.856600e+02 2.485061e-19 2.485061e-19
1.857600e+02 2.196455e-19 2.196455e-19
1.858600e+02 1.997412e-19 1.997412e-19
1.859600e+02 2.032788e-19 2.032788e-19
1.860600e+02 1.907909e-19 1.907909e-19
1.861600e+02 2.162971e-19 2.162971e-19
1.862600e+02 2.682424e-19 2.682424e-19
1.863600e+02 3.559182e-19 3.559182e-19
1.864600e+02 4.377971e-19 4.377971e-19
1.865600e+02 3.637606e-19 3.637606e-19
1.866600e+02 1.992909e-19 1.992909e-19
1.867600e+02 1.175038e-19 1.175038e-19
1.868600e+02 8.318576e-20 8.318576e-20
1.869600e+02 6.863121e-20 6.863121e-20
1.870600e+02 7.547471e-20 7.547471e-20
1.871600e+02 8.068182e-20 8.068182e-20
1.872600e+02 1.140845e-19 1.140845e-19
1.873600e+02 1.515529e-19 1.515529e-19
1.874600e+02 1.405758e-19 1.405758e-19
1.875600e+02 1.207333e-19 1.207333e-19
1.876600e+02 1.521353e-19 1.521353e-19
1.877600e+02 2.058455e-19 2.058455e-19
1.878600e+02 1.927485e-19 1.927485e-19
1.879600e+02 2.078235e-19 2.078235e-19
1.880600e+02 2.440879e-19 2.440879e-19
1.881600e+02 2.341182e-19 2.341182e-19
1.882600e+02 2.291471e-19 2.291471e-19
1.883600e+02 1.803936e-19 1.803936e-19
1.884600e+02 1.030955e-19 1.030955e-19
1.885600e+02 6.708588e-20 6.708588e-20
1.886600e+02 7.128030e-20 7.128030e-20
1.887600e+02 1.019952e-19 1.019952e-19
1.888600e+02 1.704985e-19 1.704985e-19
1.889600e+02 1.895515e-19 1.895515e-19
1.890600e+02 1.384303e-19 1.384303e-19
1.891600e+02 1.135124e-19 1.135124e-19
1.892600e+02 9.779576e-20 9.779576e-20
1.893600e+02 1.334558e-19 1.334558e-19
1.894600e+02 2.702941e-19 2.702941e-19
1.895600e+02 3.585727e-19 3.585727e-19
1.896600e+02 2.750697e-19 2.750697e-19
1.897600e+02 1.597385e-19 1.597385e-19
1.898600e+02 8.995030e-20 8.995030e-20
1.899600e+02 5.793061e-20 5.793061e-20
1.900600e+02 5.115441e-20 5.115441e-20
1.901600e+02 5.213848e-20 5.213848e-20
1.902600e+02 6.615515e-20 6.615515e-20
1.903600e+02 9.552000e-20 9.552000e-20
1.904600e+02 1.000827e-19 1.000827e-19
1.905600e+02 8.846848e-20 8.846848e-20
1.906600e+02 1.017168e-19 1.017168e-19
1.907600e+02 1.037564e-19 1.037564e-19
1.908600e+02 9.640697e-20 9.640697e-20
1.909600e+02 9.706853e-20 9.706853e-20
1.910600e+02 1.168230e-19 1.168230e-19
1.911600e+02 2.275788e-19 2.275788e-19
1.912600e+02 3.365147e-19 3.365147e-19
1.913600e+02 3.176273e-19 3.176273e-19
1.914600e+02 2.108061e-19 2.108061e-19
1.915600e+02 1.227935e-19 1.227935e-19
1.916600e+02 7.088000e-20 7.088000e-20
1.917600e+02 4.196788e-20 4.196788e-20
1.918600e+02 3.947706e-20 3.947706e-20
1.919600e+02 4.608879e-20 4.608879e-20
1.920600e+02 6.635303e-20 6.635303e-20
1.921600e+02 1.114194e-19 1.114194e-19
1.922600e+02 1.191103e-19 1.191103e-19
1.923600e+02 8.501273e-20 8.501273e-20
1.924600e+02 7.105824e-20 7.105824e-20
1.925600e+02 1.133130e-19 1.133130e-19
1.926600e+02 1.647161e-19 1.647161e-19
1.927600e+02 1.800118e-19 1.800118e-19
1.928600e+02 1.954152e-19 1.954152e-19
1.929600e+02 1.736333e-19 1.736333e-19
1.930600e+02 1.383500e-19 1.383500e-19
1.931600e+02 1.164627e-19 1.164627e-19
1.932600e+02 1.053430e-19 1.053430e-19
1.933600e+02 9.023294e-20 9.023294e-20
1.934600e+02 6.001727e-20 6.001727e-20
1.935600e+02 4.000364e-20 4.000364e-20
1.936600e+02 4.019647e-20 4.019647e-20
1.937600e+02 7.574152e-20 7.574152e-20
1.938600e+02 1.405852e-19 1.405852e-19
1.939600e+02 1.425835e-19 1.425835e-19
1.940600e+02 9.541697e-20 9.541697e-20
1.941600e+02 7.057212e-20 7.057212e-20
1.942600e+02 6.232235e-20 6.232235e-20
1.943600e+02 7.122030e-20 7.122030e-20
1.944600e+02 1.606173e-19 1.606173e-19
1.945600e+02 2.928647e-19 2.928647e-19
1.946600e+02 3.000000e-19 3.000000e-19
1.947600e+02 1.732388e-19 1.732388e-19
1.948600e+02 8.892265e-20 8.892265e-20
1.949600e+02 7.034909e-20 7.034909e-20
1.950600e+02 5.673212e-20 5.673212e-20
1.951600e+02 4.762765e-20 4.762765e-20
1.952600e+02 5.308485e-20 5.308485e-20
1.953600e+02 6.607697e-20 6.607697e-20
1.954600e+02 7.696588e-20 7.696588e-20
1.955600e+02 6.085909e-20 6.085909e-20
1.956600e+02 4.776061e-20 4.776061e-20
1.957600e+02 6.140206e-20 6.140206e-20
1.958600e+02 7.895485e-20 7.895485e-20
1.959600e+02 8.278879e-20 8.278879e-20
1.960600e+02 7.669088e-20 7.669088e-20
1.961600e+02 1.082424e-19 1.082424e-19
1.962600e+02 1.729412e-19 1.729412e-19
1.963600e+02 1.602029e-19 1.602029e-19
1.964600e+02 1.127203e-19 1.127203e-19
1.965600e+02 1.154930e-19 1.154930e-19
1.966600e+02 1.198509e-19 1.198509e-19
1.967600e+02 9.389394e-20 9.389394e-20
1.968600e+02 5.527364e-20 5.527364e-20
1.969600e+02 3.264912e-20 3.264912e-20
1.970600e+02 2.570970e-20 2.570970e-20
1.971600e+02 3.527788e-20 3.527788e-20
1.972600e+02 6.474647e-20 6.474647e-20
1.973600e+02 9.233455e-20 9.233455e-20
1.974600e+02 8.346909e-20 8.346909e-20
1.975600e+02 5.239088e-20 5.239088e-20
1.976600e+02 3.702697e-20 3.702697e-20
1.977600e+02 6.182455e-20 6.182455e-20
1.978600e+02 1.022115e-19 1.022115e-19
1.979600e+02 1.391103e-19 1.391103e-19
1.980600e+02 1.464909e-19 1.464909e-19
1.981600e+02 1.283324e-19 1.283324e-19
1.982600e+02 1.152724e-19 1.152724e-19
1.983600e+02 9.244182e-20 9.244182e-20
1.984600e+02 6.534588e-20 6.534588e-20
1.985600e+02 4.590455e-20 4.590455e-20
1.986600e+02 4.363697e-20 4.363697e-20
1.987600e+02 4.087059e-20 4.087059e-20
1.988600e+02 2.979576e-20 2.979576e-20
1.989600e+02 2.638636e-20 2.638636e-20
1.990600e+02 3.292353e-20 3.292353e-20
1.991600e+02 4.580788e-20 4.580788e-20
1.992600e+02 6.083788e-20 6.083788e-20
1.993600e+02 5.719059e-20 5.719059e-20
1.994600e+02 4.109182e-20 4.109182e-20
1.995600e+02 3.452212e-20 3.452212e-20
1.996600e+02 4.397412e-20 4.397412e-20
1.997600e+02 7.335424e-20 7.335424e-20
1.998600e+02 1.089555e-19 1.089555e-19
1.999600e+02 1.348953e-19 1.348953e-19
2.000600e+02 1.377679e-19 1.377679e-19
2.001600e+02 9.393515e-20 9.393515e-20
2.002600e+02 4.911941e-20 4.911941e-20
2.003600e+02 3.233455e-20 3.233455e-20
2.004600e+02 2.700848e-20 2.700848e-20
2.005600e+02 2.568265e-20 2.568265e-20
2.006600e+02 2.782697e-20 2.782697e-20
2.007600e+02 3.536212e-20 3.536212e-20
2.008600e+02 3.738794e-20 3.738794e-20
2.009600e+02 2.811455e-20 2.811455e-20
2.010600e+02 2.080424e-20 2.080424e-20
2.011600e+02 2.011059e-20 2.011059e-20
2.012600e+02 3.041030e-20 3.041030e-20
2.013600e+02 4.797364e-20 4.797364e-20
2.014600e+02 4.697235e-20 4.697235e-20
2.015600e+02 6.764000e-20 6.764000e-20
2.016600e+02 9.411455e-20 9.411455e-20
2.017600e+02 7.513882e-20 7.513882e-20
2.018600e+02 6.089939e-20 6.089939e-20
2.019600e+02 6.206152e-20 6.206152e-20
2.020600e+02 5.295618e-20 5.295618e-20
2.021600e+02 3.609242e-20 3.609242e-20
2.022600e+02 3.163515e-20 3.163515e-20
2.023600e+02 3.376941e-20 3.376941e-20
2.024600e+02 2.598939e-20 2.598939e-20
2.025600e+02 1.586606e-20 1.586606e-20
2.026600e+02 1.119135e-20 1.119135e-20
2.027600e+02 1.453079e-20 1.453079e-20
2.028600e+02 3.097333e-20 3.097333e-20
2.029600e+02 4.346735e-20 4.346735e-20
2.030600e+02 3.227212e-20 3.227212e-20
2.031600e+02 1.532033e-20 1.532033e-20
2.032600e+02 1.592444e-20 1.592444e-20
2.033600e+02 2.613394e-20 2.613394e-20
2.034600e+02 3.477515e-20 3.477515e-20
2.035600e+02 4.700206e-20 4.700206e-20
2.036600e+02 7.333879e-20 7.333879e-20
2.037600e+02 7.759545e-20 7.759545e-20
2.038600e+02 6.092706e-20 6.092706e-20
2.039600e+02 4.773455e-20 4.773455e-20
2.040600e+02 2.939333e-20 2.939333e-20
2.041600e+02 2.288588e-20 2.288588e-20
2.042600e+02 2.111303e-20 2.111303e-20
2.043600e+02 1.513970e-20 1.513970e-20
2.044600e+02 1.266853e-20 1.266853e-20
2.045600e+02 1.562879e-20 1.562879e-20
2.046600e+02 1.815273e-20 1.815273e-20
2.047600e+02 1.564676e-20 1.564676e-20
2.048600e+02 1.413000e-20 1.413000e-20
2.049600e+02 1.597061e-20 1.597061e-20
2.050600e+02 1.631559e-20 1.631559e-20
2.051600e+02 1.540182e-20 1.540182e-20
2.052600e+02 1.838606e-20 1.838606e-20
2.053600e+02 2.057265e-20 2.057265e-20
2.054600e+02 2.266030e-20 2.266030e-20
2.055600e+02 3.805152e-20 3.805152e-20
2.056600e+02 5.190500e-20 5.190500e-20
2.057600e+02 4.770455e-20 4.770455e-20
2.058600e+02 3.475061e-20 3.475061e-20
2.059600e+02 2.243647e-20 2.243647e-20
2.060600e+02 1.546697e-20 1.546697e-20
2.061600e+02 1.267258e-20 1.267258e-20
2.062600e+02 9.992559e-21 9.992559e-21
2.063600e+02 8.070121e-21 8.070121e-21
2.064600e+02 8.738667e-21 8.738667e-21
2.065600e+02 1.710512e-20 1.710512e-20
2.066600e+02 2.219394e-20 2.219394e-20
2.067600e+02 1.560379e-20 1.560379e-20
2.068600e+02 1.007968e-20 1.007968e-20
2.069600e+02 8.657242e-21 8.657242e-21
2.070600e+02 1.062045e-20 1.062045e-20
2.071600e+02 1.497676e-20 1.497676e-20
2.072600e+02 2.764000e-20 2.764000e-20
2.073600e+02 3.965909e-20 3.965909e-20
2.074600e+02 2.963147e-20 2.963147e-20
2.075600e+02 1.754939e-20 1.754939e-20
2.076600e+02 2.275758e-20 2.275758e-20
2.077600e+02 3.255353e-20 3.255353e-20
2.078600e+02 2.987515e-20 2.987515e-20
2.079600e+02 2.007848e-20 2.007848e-20
2.080600e+02 2.147000e-20 2.147000e-20
2.081600e+02 2.536545e-20 2.536545e-20
2.082600e+02 2.355818e-20 2.355818e-20
2.083600e+02 1.749888e-20 1.749888e-20
2.084600e+02 1.077782e-20 1.077782e-20
2.085600e+02 7.836939e-21 7.836939e-21
2.086600e+02 7.108853e-21 7.108853e-21
2.087600e+02 7.043364e-21 7.043364e-21
2.088600e+02 7.071697e-21 7.071697e-21
2.089600e+02 6.971647e-21 6.971647e-21
2.090600e+02 6.791394e-21 6.791394e-21
2.091600e+02 6.753000e-21 6.753000e-21
2.092600e+02 7.858500e-21 7.858500e-21
2.093600e+02 9.476848e-21 9.476848e-21
2.094600e+02 9.686788e-21 9.686788e-21
2.095600e+02 8.646471e-21 8.646471e-21
2.096600e+02 1.477379e-20 1.477379e-20
2.097600e+02 2.883412e-20 2.883412e-20
2.098600e+02 2.942882e-20 2.942882e-20
2.099600e+02 1.350051e-20 1.350051e-20
2.100600e+02 1.011574e-20 1.011574e-20
2.101600e+02 1.104822e-20 1.104822e-20
2.102600e+02 1.080961e-20 1.080961e-20
2.103600e+02 1.057099e-20 1.057099e-20
2.104600e+02 1.033238e-20 1.033238e-20
2.105600e+02 1.009376e-20 1.009376e-20
2.106600e+02 9.855152e-21 9.855152e-21
2.107600e+02 9.616538e-21 9.616538e-21
2.108600e+02 9.377925e-21 9.377925e-21
2.109600e+02 9.139311e-21 9.139311e-21
2.110600e+02 7.958602e-21 7.958602e-21
2.111600e+02 6.149829e-21 6.149829e-21
2.112600e+02 4.341056e-21 4.341056e-21
2.113600e+02 2.532282e-21 2.532282e-21
2.114600e+02 7.235093e-22 7.235093e-22
2.115600e+02 1.681236e-21 1.681236e-21
2.116600e+02 4.483296e-21 4.483296e-21
2.117600e+02 7.285356e-21 7.285356e-21
2.118600e+02 1.008742e-20 1.008742e-20
2.119600e+02 1.288948e-20 1.288948e-20
2.120600e+02 1.232906e-20 1.232906e-20
2.121600e+02 9.527004e-21 9.527004e-21
2.122600e+02 6.724944e-21 6.724944e-21
2.123600e+02 3.922884e-21 3.922884e-21
2.124600e+02 1.120824e-21 1.120824e-21
2.125600e+02 2.522150e-21 2.522150e-21
2.126600e+02 6.725734e-21 6.725734e-21
2.127600e+02 1.092932e-20 1.092932e-20
2.128600e+02 1.513290e-20 1.513290e-20
2.129600e+02 1.933649e-20 1.933649e-20
2.130600e+02 1.849577e-20 1.849577e-20
2.131600e+02 1.429219e-20 1.429219e-20
2.132600e+02 1.008860e-20 1.008860e-20
2.133600e+02 5.885018e-21 5.885018e-21
2.134600e+02 1.681434e-21 1.681434e-21
2.135600e+02 0.000000e+00 0.000000e+00
2.139600e+02 0.000000e+00 0.000000e+00
2.140600e+02 1.085293e-21 1.085293e-21
2.141600e+02 2.894116e-21 2.894116e-21
2.142600e+02 4.702938e-21 4.702938e-21
2.143600e+02 6.511761e-21 6.511761e-21
2.144600e+02 8.320583e-21 8.320583e-21
2.145600e+02 1.130961e-20 1.130961e-20
2.146600e+02 1.508545e-20 1.508545e-20
2.147600e+02 1.886128e-20 1.886128e-20
2.148600e+02 2.263711e-20 2.263711e-20
2.149600e+02 2.641295e-20 2.641295e-20
2.150600e+02 2.460840e-20 2.460840e-20
2.151600e+02 1.908359e-20 1.908359e-20
2.152600e+02 1.355879e-20 1.355879e-20
2.153600e+02 8.033980e-21 8.033980e-21
2.154600e+02 2.509175e-21 2.509175e-21
2.155600e+02 2.766126e-21 2.766126e-21
2.156600e+02 6.877582e-21 6.877582e-21
2.157600e+02 1.098904e-20 1.098904e-20
2.158600e+02 1.510049e-20 1.510049e-20
2.159600e+02 1.921195e-20 1.921195e-20
2.160600e+02 1.835375e-20 1.835375e-20
2.161600e+02 1.418244e-20 1.418244e-20
2.162600e+02 1.001113e-20 1.001113e-20
2.163600e+02 5.839828e-21 5.839828e-21
2.164600e+02 1.668522e-21 1.668522e-21
2.165600e+02 5.818835e-22 5.818835e-22
2.166600e+02 1.551689e-21 1.551689e-21
2.167600e+02 2.521495e-21 2.521495e-21
2.168600e+02 3.491301e-21 3.491301e-21
2.169600e+02 4.461107e-21 4.461107e-21
2.170600e+02 6.206954e-21 4.267146e-21
2.171600e+02 8.470162e-21 3.297340e-21
2.172600e+02 1.073337e-20 2.327534e-21
2.173600e+02 1.299658e-20 1.357728e-21
2.174600e+02 1.525979e-20 3.879223e-22
