# C2H2 cross sections
# From the Leiden database for photodissociation and photoionization of astrophysically relevant molecules, http://home.strw.leidenuniv.nl/~ewine/photo/
# Alan Heays 2017-09-27
# references: heays2016, cooper1995 10.1016/0368-2048(94)02271-2, xia1991 10.1016/0022-4073(91)90102-V, cheng2011 10.1088/0067-0049/196/1/3, wu1989 10.1063/1.457513, vattulainen1997 10.1366/0003702971942312,
# no info on lines
# wavelength: (nm)
# photoabsorption   -- Photoabsorption cross section (cm2)
# photoionisation   -- Photoionisation cross section (cm2)
# This version has been resampled to a uniform 0.1nm grid while maintaining a constant integrated cross section (using trapezoidal integration).
# wavelength photoabsorption photoionisation
6.260000e+00 1.760000e-19 1.760000e-19
6.360000e+00 1.815000e-19 1.815000e-19
6.460000e+00 1.757317e-19 1.757317e-19
6.560000e+00 1.760000e-19 1.760000e-19
6.660000e+00 1.943333e-19 1.943333e-19
6.760000e+00 1.980000e-19 1.980000e-19
6.860000e+00 2.048750e-19 2.048750e-19
6.960000e+00 2.126667e-19 2.126667e-19
7.060000e+00 2.163333e-19 2.163333e-19
7.160000e+00 2.241250e-19 2.241250e-19
7.260000e+00 2.378750e-19 2.378750e-19
7.360000e+00 2.420000e-19 2.420000e-19
7.460000e+00 2.420000e-19 2.420000e-19
7.560000e+00 2.523273e-19 2.523273e-19
7.660000e+00 2.593333e-19 2.593333e-19
7.760000e+00 2.641000e-19 2.641000e-19
7.860000e+00 2.762000e-19 2.762000e-19
7.960000e+00 2.949000e-19 2.949000e-19
8.060000e+00 2.860000e-19 2.860000e-19
8.160000e+00 2.960000e-19 2.960000e-19
8.260000e+00 3.060000e-19 3.060000e-19
8.360000e+00 3.160000e-19 3.160000e-19
8.460000e+00 3.340000e-19 3.340000e-19
8.560000e+00 3.400000e-19 3.400000e-19
8.660000e+00 3.445833e-19 3.445833e-19
8.760000e+00 3.535385e-19 3.535385e-19
8.860000e+00 3.620000e-19 3.620000e-19
8.960000e+00 3.803333e-19 3.803333e-19
9.060000e+00 3.902857e-19 3.902857e-19
9.160000e+00 3.983846e-19 3.983846e-19
9.260000e+00 4.083571e-19 4.083571e-19
9.360000e+00 4.319286e-19 4.319286e-19
9.460000e+00 4.441333e-19 4.441333e-19
9.560000e+00 4.514667e-19 4.514667e-19
9.660000e+00 4.588000e-19 4.588000e-19
9.760000e+00 4.712667e-19 4.712667e-19
9.860000e+00 4.843750e-19 4.843750e-19
9.960000e+00 4.912500e-19 4.912500e-19
1.006000e+01 5.006000e-19 5.006000e-19
1.016000e+01 5.116000e-19 5.116000e-19
1.026000e+01 5.424000e-19 5.424000e-19
1.036000e+01 5.633000e-19 5.633000e-19
1.046000e+01 5.688000e-19 5.688000e-19
1.056000e+01 5.776000e-19 5.776000e-19
1.066000e+01 5.886000e-19 5.886000e-19
1.076000e+01 6.062000e-19 6.062000e-19
1.086000e+01 6.282000e-19 6.282000e-19
1.096000e+01 6.436000e-19 6.436000e-19
1.106000e+01 6.546000e-19 6.546000e-19
1.116000e+01 6.656000e-19 6.656000e-19
1.126000e+01 6.766000e-19 6.766000e-19
1.136000e+01 6.972000e-19 6.972000e-19
1.146000e+01 7.242000e-19 7.242000e-19
1.156000e+01 7.416000e-19 7.416000e-19
1.166000e+01 7.526000e-19 7.526000e-19
1.176000e+01 7.702000e-19 7.702000e-19
1.186000e+01 7.922000e-19 7.922000e-19
1.196000e+01 8.098000e-19 8.098000e-19
1.206000e+01 8.244667e-19 8.244667e-19
1.216000e+01 8.391333e-19 8.391333e-19
1.226000e+01 8.582000e-19 8.582000e-19
1.236000e+01 8.802000e-19 8.802000e-19
1.246000e+01 8.978000e-19 8.978000e-19
1.256000e+01 9.124667e-19 9.124667e-19
1.266000e+01 9.271333e-19 9.271333e-19
1.276000e+01 9.495000e-19 9.495000e-19
1.286000e+01 9.770000e-19 9.770000e-19
1.296000e+01 1.000400e-18 1.000400e-18
1.306000e+01 1.021067e-18 1.021067e-18
1.316000e+01 1.041733e-18 1.041733e-18
1.326000e+01 1.062000e-18 1.062000e-18
1.336000e+01 1.082000e-18 1.082000e-18
1.346000e+01 1.102000e-18 1.102000e-18
1.356000e+01 1.122000e-18 1.122000e-18
1.366000e+01 1.142000e-18 1.142000e-18
1.376000e+01 1.162000e-18 1.162000e-18
1.386000e+01 1.188000e-18 1.188000e-18
1.396000e+01 1.218000e-18 1.218000e-18
1.406000e+01 1.248000e-18 1.248000e-18
1.416000e+01 1.274000e-18 1.274000e-18
1.426000e+01 1.297333e-18 1.297333e-18
1.436000e+01 1.320667e-18 1.320667e-18
1.446000e+01 1.345000e-18 1.345000e-18
1.456000e+01 1.370000e-18 1.370000e-18
1.466000e+01 1.395000e-18 1.395000e-18
1.476000e+01 1.420000e-18 1.420000e-18
1.486000e+01 1.448000e-18 1.448000e-18
1.496000e+01 1.478000e-18 1.478000e-18
1.506000e+01 1.508000e-18 1.508000e-18
1.516000e+01 1.538000e-18 1.538000e-18
1.526000e+01 1.568000e-18 1.568000e-18
1.536000e+01 1.598000e-18 1.598000e-18
1.546000e+01 1.628000e-18 1.628000e-18
1.556000e+01 1.652000e-18 1.652000e-18
1.566000e+01 1.672000e-18 1.672000e-18
1.576000e+01 1.692000e-18 1.692000e-18
1.586000e+01 1.712000e-18 1.712000e-18
1.596000e+01 1.742500e-18 1.742500e-18
1.606000e+01 1.780000e-18 1.780000e-18
1.616000e+01 1.817500e-18 1.817500e-18
1.626000e+01 1.855000e-18 1.855000e-18
1.636000e+01 1.886800e-18 1.886800e-18
1.646000e+01 1.914800e-18 1.914800e-18
1.656000e+01 1.942800e-18 1.942800e-18
1.666000e+01 1.970800e-18 1.970800e-18
1.676000e+01 1.998800e-18 1.998800e-18
1.686000e+01 2.032500e-18 2.032500e-18
1.696000e+01 2.070000e-18 2.070000e-18
1.706000e+01 2.107500e-18 2.107500e-18
1.716000e+01 2.145000e-18 2.145000e-18
1.726000e+01 2.188800e-18 2.188800e-18
1.736000e+01 2.236800e-18 2.236800e-18
1.746000e+01 2.284800e-18 2.284800e-18
1.756000e+01 2.332800e-18 2.332800e-18
1.766000e+01 2.380800e-18 2.380800e-18
1.776000e+01 2.414000e-18 2.414000e-18
1.786000e+01 2.437333e-18 2.437333e-18
1.796000e+01 2.460667e-18 2.460667e-18
1.806000e+01 2.500000e-18 2.500000e-18
1.816000e+01 2.550000e-18 2.550000e-18
1.826000e+01 2.588000e-18 2.588000e-18
1.836000e+01 2.618000e-18 2.618000e-18
1.846000e+01 2.648000e-18 2.648000e-18
1.856000e+01 2.668000e-18 2.668000e-18
1.866000e+01 2.681333e-18 2.681333e-18
1.876000e+01 2.694667e-18 2.694667e-18
1.886000e+01 2.744000e-18 2.744000e-18
1.896000e+01 2.817333e-18 2.817333e-18
1.906000e+01 2.890667e-18 2.890667e-18
1.916000e+01 2.964000e-18 2.964000e-18
1.926000e+01 3.037333e-18 3.037333e-18
1.936000e+01 3.110667e-18 3.110667e-18
1.946000e+01 3.140000e-18 3.140000e-18
1.956000e+01 3.140000e-18 3.140000e-18
1.966000e+01 3.140000e-18 3.140000e-18
1.976000e+01 3.174000e-18 3.174000e-18
1.986000e+01 3.230667e-18 3.230667e-18
1.996000e+01 3.287333e-18 3.287333e-18
2.006000e+01 3.354000e-18 3.354000e-18
2.016000e+01 3.427333e-18 3.427333e-18
2.026000e+01 3.500667e-18 3.500667e-18
2.036000e+01 3.551000e-18 3.551000e-18
2.046000e+01 3.586000e-18 3.586000e-18
2.056000e+01 3.621000e-18 3.621000e-18
2.066000e+01 3.656000e-18 3.656000e-18
2.076000e+01 3.704000e-18 3.704000e-18
2.086000e+01 3.760667e-18 3.760667e-18
2.096000e+01 3.817333e-18 3.817333e-18
2.106000e+01 3.861000e-18 3.861000e-18
2.116000e+01 3.896000e-18 3.896000e-18
2.126000e+01 3.931000e-18 3.931000e-18
2.136000e+01 3.966000e-18 3.966000e-18
2.146000e+01 4.020500e-18 4.020500e-18
2.156000e+01 4.088000e-18 4.088000e-18
2.166000e+01 4.155500e-18 4.155500e-18
2.176000e+01 4.223000e-18 4.223000e-18
2.186000e+01 4.276000e-18 4.276000e-18
2.196000e+01 4.319333e-18 4.319333e-18
2.206000e+01 4.362667e-18 4.362667e-18
2.216000e+01 4.434000e-18 4.434000e-18
2.226000e+01 4.524000e-18 4.524000e-18
2.236000e+01 4.614000e-18 4.614000e-18
2.246000e+01 4.704000e-18 4.704000e-18
2.256000e+01 4.761600e-18 4.761600e-18
2.266000e+01 4.797600e-18 4.797600e-18
2.276000e+01 4.833600e-18 4.833600e-18
2.286000e+01 4.869600e-18 4.869600e-18
2.296000e+01 4.905600e-18 4.905600e-18
2.306000e+01 4.965000e-18 4.965000e-18
2.316000e+01 5.040000e-18 5.040000e-18
2.326000e+01 5.115000e-18 5.115000e-18
2.336000e+01 5.190000e-18 5.190000e-18
2.346000e+01 5.262000e-18 5.262000e-18
2.356000e+01 5.332000e-18 5.332000e-18
2.366000e+01 5.402000e-18 5.402000e-18
2.376000e+01 5.472000e-18 5.472000e-18
2.386000e+01 5.526400e-18 5.526400e-18
2.396000e+01 5.570400e-18 5.570400e-18
2.406000e+01 5.614400e-18 5.614400e-18
2.416000e+01 5.658400e-18 5.658400e-18
2.426000e+01 5.702400e-18 5.702400e-18
2.436000e+01 5.754800e-18 5.754800e-18
2.446000e+01 5.812800e-18 5.812800e-18
2.456000e+01 5.870800e-18 5.870800e-18
2.466000e+01 5.928800e-18 5.928800e-18
2.476000e+01 5.986800e-18 5.986800e-18
2.486000e+01 6.054400e-18 6.054400e-18
2.496000e+01 6.128400e-18 6.128400e-18
2.506000e+01 6.202400e-18 6.202400e-18
2.516000e+01 6.276400e-18 6.276400e-18
2.526000e+01 6.350400e-18 6.350400e-18
2.536000e+01 6.413600e-18 6.413600e-18
2.546000e+01 6.469600e-18 6.469600e-18
2.556000e+01 6.525600e-18 6.525600e-18
2.566000e+01 6.581600e-18 6.581600e-18
2.576000e+01 6.637600e-18 6.637600e-18
2.586000e+01 6.684000e-18 6.684000e-18
2.596000e+01 6.724000e-18 6.724000e-18
2.606000e+01 6.764000e-18 6.764000e-18
2.616000e+01 6.804000e-18 6.804000e-18
2.626000e+01 6.844000e-18 6.844000e-18
2.636000e+01 6.884000e-18 6.884000e-18
2.646000e+01 6.942000e-18 6.942000e-18
2.656000e+01 7.012000e-18 7.012000e-18
2.666000e+01 7.082000e-18 7.082000e-18
2.676000e+01 7.152000e-18 7.152000e-18
2.686000e+01 7.222000e-18 7.222000e-18
2.696000e+01 7.292000e-18 7.292000e-18
2.706000e+01 7.360000e-18 7.360000e-18
2.716000e+01 7.426667e-18 7.426667e-18
2.726000e+01 7.493333e-18 7.493333e-18
2.736000e+01 7.560000e-18 7.560000e-18
2.746000e+01 7.626667e-18 7.626667e-18
2.756000e+01 7.693333e-18 7.693333e-18
2.766000e+01 7.755000e-18 7.755000e-18
2.776000e+01 7.813333e-18 7.813333e-18
2.786000e+01 7.871667e-18 7.871667e-18
2.796000e+01 7.930000e-18 7.930000e-18
2.806000e+01 7.988333e-18 7.988333e-18
2.816000e+01 8.046667e-18 8.046667e-18
2.826000e+01 8.100000e-18 8.100000e-18
2.836000e+01 8.150000e-18 8.150000e-18
2.846000e+01 8.200000e-18 8.200000e-18
2.856000e+01 8.250000e-18 8.250000e-18
2.866000e+01 8.300000e-18 8.300000e-18
2.876000e+01 8.350000e-18 8.350000e-18
2.886000e+01 8.412857e-18 8.412857e-18
2.896000e+01 8.484286e-18 8.484286e-18
2.906000e+01 8.555714e-18 8.555714e-18
2.916000e+01 8.627143e-18 8.627143e-18
2.926000e+01 8.698571e-18 8.698571e-18
2.936000e+01 8.770000e-18 8.770000e-18
2.946000e+01 8.841429e-18 8.841429e-18
2.956000e+01 8.906857e-18 8.906857e-18
2.966000e+01 8.968286e-18 8.968286e-18
2.976000e+01 9.029714e-18 9.029714e-18
2.986000e+01 9.091143e-18 9.091143e-18
2.996000e+01 9.152571e-18 9.152571e-18
3.006000e+01 9.214000e-18 9.214000e-18
3.016000e+01 9.275429e-18 9.275429e-18
3.026000e+01 9.334500e-18 9.334500e-18
3.036000e+01 9.392000e-18 9.392000e-18
3.046000e+01 9.449500e-18 9.449500e-18
3.056000e+01 9.507000e-18 9.507000e-18
3.066000e+01 9.564500e-18 9.564500e-18
3.076000e+01 9.622000e-18 9.622000e-18
3.086000e+01 9.679500e-18 9.679500e-18
3.096000e+01 9.737000e-18 9.737000e-18
3.106000e+01 9.793000e-18 9.793000e-18
3.116000e+01 9.848000e-18 9.848000e-18
3.126000e+01 9.903000e-18 9.903000e-18
3.136000e+01 9.958000e-18 9.958000e-18
3.146000e+01 1.001300e-17 1.001300e-17
3.156000e+01 1.006800e-17 1.006800e-17
3.166000e+01 1.012300e-17 1.012300e-17
3.176000e+01 1.017800e-17 1.017800e-17
3.186000e+01 1.023000e-17 1.023000e-17
3.196000e+01 1.028000e-17 1.028000e-17
3.206000e+01 1.033000e-17 1.033000e-17
3.216000e+01 1.038000e-17 1.038000e-17
3.226000e+01 1.043000e-17 1.043000e-17
3.236000e+01 1.048000e-17 1.048000e-17
3.246000e+01 1.053000e-17 1.053000e-17
3.256000e+01 1.058000e-17 1.058000e-17
3.266000e+01 1.064467e-17 1.064467e-17
3.276000e+01 1.071911e-17 1.071911e-17
3.286000e+01 1.079356e-17 1.079356e-17
3.296000e+01 1.086800e-17 1.086800e-17
3.306000e+01 1.094244e-17 1.094244e-17
3.316000e+01 1.101689e-17 1.101689e-17
3.326000e+01 1.109133e-17 1.109133e-17
3.336000e+01 1.116578e-17 1.116578e-17
3.346000e+01 1.124022e-17 1.124022e-17
3.356000e+01 1.131000e-17 1.131000e-17
3.366000e+01 1.137667e-17 1.137667e-17
3.376000e+01 1.144333e-17 1.144333e-17
3.386000e+01 1.151000e-17 1.151000e-17
3.396000e+01 1.157667e-17 1.157667e-17
3.406000e+01 1.164333e-17 1.164333e-17
3.416000e+01 1.171000e-17 1.171000e-17
3.426000e+01 1.177667e-17 1.177667e-17
3.436000e+01 1.184333e-17 1.184333e-17
3.446000e+01 1.190240e-17 1.190240e-17
3.456000e+01 1.195640e-17 1.195640e-17
3.466000e+01 1.201040e-17 1.201040e-17
3.476000e+01 1.206440e-17 1.206440e-17
3.486000e+01 1.211840e-17 1.211840e-17
3.496000e+01 1.217240e-17 1.217240e-17
3.506000e+01 1.222640e-17 1.222640e-17
3.516000e+01 1.228040e-17 1.228040e-17
3.526000e+01 1.233440e-17 1.233440e-17
3.536000e+01 1.238840e-17 1.238840e-17
3.546000e+01 1.244545e-17 1.244545e-17
3.556000e+01 1.250455e-17 1.250455e-17
3.566000e+01 1.256364e-17 1.256364e-17
3.576000e+01 1.262273e-17 1.262273e-17
3.586000e+01 1.268182e-17 1.268182e-17
3.596000e+01 1.274091e-17 1.274091e-17
3.606000e+01 1.280000e-17 1.280000e-17
3.616000e+01 1.285909e-17 1.285909e-17
3.626000e+01 1.291818e-17 1.291818e-17
3.636000e+01 1.297727e-17 1.297727e-17
3.646000e+01 1.303636e-17 1.303636e-17
3.656000e+01 1.311073e-17 1.311073e-17
3.666000e+01 1.319527e-17 1.319527e-17
3.676000e+01 1.327982e-17 1.327982e-17
3.686000e+01 1.336436e-17 1.336436e-17
3.696000e+01 1.344891e-17 1.344891e-17
3.706000e+01 1.353345e-17 1.353345e-17
3.716000e+01 1.361800e-17 1.361800e-17
3.726000e+01 1.370255e-17 1.370255e-17
3.736000e+01 1.378709e-17 1.378709e-17
3.746000e+01 1.387164e-17 1.387164e-17
3.756000e+01 1.395618e-17 1.395618e-17
3.766000e+01 1.402382e-17 1.402382e-17
3.776000e+01 1.408018e-17 1.408018e-17
3.786000e+01 1.413655e-17 1.413655e-17
3.796000e+01 1.419291e-17 1.419291e-17
3.806000e+01 1.424927e-17 1.424927e-17
3.816000e+01 1.430564e-17 1.430564e-17
3.826000e+01 1.436200e-17 1.436200e-17
3.836000e+01 1.441836e-17 1.441836e-17
3.846000e+01 1.447473e-17 1.447473e-17
3.856000e+01 1.453109e-17 1.453109e-17
3.866000e+01 1.458745e-17 1.458745e-17
3.876000e+01 1.465200e-17 1.465200e-17
3.886000e+01 1.472200e-17 1.472200e-17
3.896000e+01 1.479200e-17 1.479200e-17
3.906000e+01 1.486200e-17 1.486200e-17
3.916000e+01 1.493200e-17 1.493200e-17
3.926000e+01 1.500200e-17 1.500200e-17
3.936000e+01 1.507200e-17 1.507200e-17
3.946000e+01 1.514200e-17 1.514200e-17
3.956000e+01 1.521200e-17 1.521200e-17
3.966000e+01 1.528200e-17 1.528200e-17
3.976000e+01 1.535200e-17 1.535200e-17
3.986000e+01 1.542200e-17 1.542200e-17
3.996000e+01 1.549200e-17 1.549200e-17
4.006000e+01 1.557585e-17 1.557585e-17
4.016000e+01 1.566892e-17 1.566892e-17
4.026000e+01 1.576200e-17 1.576200e-17
4.036000e+01 1.585508e-17 1.585508e-17
4.046000e+01 1.594815e-17 1.594815e-17
4.056000e+01 1.604123e-17 1.604123e-17
4.066000e+01 1.613431e-17 1.613431e-17
4.076000e+01 1.622738e-17 1.622738e-17
4.086000e+01 1.632046e-17 1.632046e-17
4.096000e+01 1.641354e-17 1.641354e-17
4.106000e+01 1.650662e-17 1.650662e-17
4.116000e+01 1.659969e-17 1.659969e-17
4.126000e+01 1.669277e-17 1.669277e-17
4.136000e+01 1.678143e-17 1.678143e-17
4.146000e+01 1.686714e-17 1.686714e-17
4.156000e+01 1.695286e-17 1.695286e-17
4.166000e+01 1.703857e-17 1.703857e-17
4.176000e+01 1.712429e-17 1.712429e-17
4.186000e+01 1.721000e-17 1.721000e-17
4.196000e+01 1.729571e-17 1.729571e-17
4.206000e+01 1.737725e-17 1.737725e-17
4.216000e+01 1.745600e-17 1.745600e-17
4.226000e+01 1.753475e-17 1.753475e-17
4.236000e+01 1.761350e-17 1.761350e-17
4.246000e+01 1.769225e-17 1.769225e-17
4.256000e+01 1.777100e-17 1.777100e-17
4.266000e+01 1.784975e-17 1.784975e-17
4.276000e+01 1.792850e-17 1.792850e-17
4.286000e+01 1.801400e-17 1.801400e-17
4.296000e+01 1.810400e-17 1.810400e-17
4.306000e+01 1.819400e-17 1.819400e-17
4.316000e+01 1.828400e-17 1.828400e-17
4.326000e+01 1.837400e-17 1.837400e-17
4.336000e+01 1.846400e-17 1.846400e-17
4.346000e+01 1.855400e-17 1.855400e-17
4.356000e+01 1.863275e-17 1.863275e-17
4.366000e+01 1.870400e-17 1.870400e-17
4.376000e+01 1.877525e-17 1.877525e-17
4.386000e+01 1.884650e-17 1.884650e-17
4.396000e+01 1.891775e-17 1.891775e-17
4.406000e+01 1.898900e-17 1.898900e-17
4.416000e+01 1.906025e-17 1.906025e-17
4.426000e+01 1.913150e-17 1.913150e-17
4.436000e+01 1.922075e-17 1.922075e-17
4.446000e+01 1.932200e-17 1.932200e-17
4.456000e+01 1.942325e-17 1.942325e-17
4.466000e+01 1.952450e-17 1.952450e-17
4.476000e+01 1.962575e-17 1.962575e-17
4.486000e+01 1.972700e-17 1.972700e-17
4.496000e+01 1.982825e-17 1.982825e-17
4.506000e+01 1.992950e-17 1.992950e-17
4.516000e+01 2.002550e-17 2.002550e-17
4.526000e+01 2.011800e-17 2.011800e-17
4.536000e+01 2.021050e-17 2.021050e-17
4.546000e+01 2.030300e-17 2.030300e-17
4.556000e+01 2.039550e-17 2.039550e-17
4.566000e+01 2.048800e-17 2.048800e-17
4.576000e+01 2.058050e-17 2.058050e-17
4.586000e+01 2.067300e-17 2.067300e-17
4.596000e+01 2.075667e-17 2.075667e-17
4.606000e+01 2.083444e-17 2.083444e-17
4.616000e+01 2.091222e-17 2.091222e-17
4.626000e+01 2.099000e-17 2.099000e-17
4.636000e+01 2.106778e-17 2.106778e-17
4.646000e+01 2.114556e-17 2.114556e-17
4.656000e+01 2.122333e-17 2.122333e-17
4.666000e+01 2.130111e-17 2.130111e-17
4.676000e+01 2.137889e-17 2.137889e-17
4.686000e+01 2.145333e-17 2.145333e-17
4.696000e+01 2.152556e-17 2.152556e-17
4.706000e+01 2.159778e-17 2.159778e-17
4.716000e+01 2.167000e-17 2.167000e-17
4.726000e+01 2.174222e-17 2.174222e-17
4.736000e+01 2.181444e-17 2.181444e-17
4.746000e+01 2.188667e-17 2.188667e-17
4.756000e+01 2.195889e-17 2.195889e-17
4.766000e+01 2.203111e-17 2.203111e-17
4.776000e+01 2.212133e-17 2.212133e-17
4.786000e+01 2.222356e-17 2.222356e-17
4.796000e+01 2.232578e-17 2.232578e-17
4.806000e+01 2.242800e-17 2.242800e-17
4.816000e+01 2.253022e-17 2.253022e-17
4.826000e+01 2.263244e-17 2.263244e-17
4.836000e+01 2.273467e-17 2.273467e-17
4.846000e+01 2.283689e-17 2.283689e-17
4.856000e+01 2.293911e-17 2.293911e-17
4.866000e+01 2.306640e-17 2.306640e-17
4.876000e+01 2.321040e-17 2.321040e-17
4.886000e+01 2.335440e-17 2.335440e-17
4.896000e+01 2.349840e-17 2.349840e-17
4.906000e+01 2.364240e-17 2.364240e-17
4.916000e+01 2.378640e-17 2.378640e-17
4.926000e+01 2.393040e-17 2.393040e-17
4.936000e+01 2.407440e-17 2.407440e-17
4.946000e+01 2.421840e-17 2.421840e-17
4.956000e+01 2.436240e-17 2.436240e-17
4.966000e+01 2.443860e-17 2.443860e-17
4.976000e+01 2.446960e-17 2.446960e-17
4.986000e+01 2.450060e-17 2.450060e-17
4.996000e+01 2.453160e-17 2.453160e-17
5.006000e+01 2.456260e-17 2.456260e-17
5.016000e+01 2.459360e-17 2.459360e-17
5.026000e+01 2.462460e-17 2.462460e-17
5.036000e+01 2.465560e-17 2.465560e-17
5.046000e+01 2.468660e-17 2.468660e-17
5.056000e+01 2.471760e-17 2.471760e-17
5.066000e+01 2.478836e-17 2.478836e-17
5.076000e+01 2.488564e-17 2.488564e-17
5.086000e+01 2.498291e-17 2.498291e-17
5.096000e+01 2.508018e-17 2.508018e-17
5.106000e+01 2.517745e-17 2.517745e-17
5.116000e+01 2.527473e-17 2.527473e-17
5.126000e+01 2.537200e-17 2.537200e-17
5.136000e+01 2.546927e-17 2.546927e-17
5.146000e+01 2.556655e-17 2.556655e-17
5.156000e+01 2.566382e-17 2.566382e-17
5.166000e+01 2.576109e-17 2.576109e-17
5.176000e+01 2.587855e-17 2.587855e-17
5.186000e+01 2.600945e-17 2.600945e-17
5.196000e+01 2.614036e-17 2.614036e-17
5.206000e+01 2.627127e-17 2.627127e-17
5.216000e+01 2.640218e-17 2.640218e-17
5.226000e+01 2.653309e-17 2.653309e-17
5.236000e+01 2.666400e-17 2.666400e-17
5.246000e+01 2.679491e-17 2.679491e-17
5.256000e+01 2.692582e-17 2.692582e-17
5.266000e+01 2.705673e-17 2.705673e-17
5.276000e+01 2.718764e-17 2.718764e-17
5.286000e+01 2.730927e-17 2.730927e-17
5.296000e+01 2.742473e-17 2.742473e-17
5.306000e+01 2.754018e-17 2.754018e-17
5.316000e+01 2.765564e-17 2.765564e-17
5.326000e+01 2.777109e-17 2.777109e-17
5.336000e+01 2.788655e-17 2.788655e-17
5.346000e+01 2.800200e-17 2.800200e-17
5.356000e+01 2.811745e-17 2.811745e-17
5.366000e+01 2.823291e-17 2.823291e-17
5.376000e+01 2.834836e-17 2.834836e-17
5.386000e+01 2.846382e-17 2.846382e-17
5.396000e+01 2.857500e-17 2.857500e-17
5.406000e+01 2.868333e-17 2.868333e-17
5.416000e+01 2.879167e-17 2.879167e-17
5.426000e+01 2.890000e-17 2.890000e-17
5.436000e+01 2.900833e-17 2.900833e-17
5.446000e+01 2.911667e-17 2.911667e-17
5.456000e+01 2.922500e-17 2.922500e-17
5.466000e+01 2.933333e-17 2.933333e-17
5.476000e+01 2.944167e-17 2.944167e-17
5.486000e+01 2.955000e-17 2.955000e-17
5.496000e+01 2.965833e-17 2.965833e-17
5.506000e+01 2.976667e-17 2.976667e-17
5.516000e+01 2.985892e-17 2.985892e-17
5.526000e+01 2.994046e-17 2.994046e-17
5.536000e+01 3.002200e-17 3.002200e-17
5.546000e+01 3.010354e-17 3.010354e-17
5.556000e+01 3.018508e-17 3.018508e-17
5.566000e+01 3.026662e-17 3.026662e-17
5.576000e+01 3.034815e-17 3.034815e-17
5.586000e+01 3.042969e-17 3.042969e-17
5.596000e+01 3.051123e-17 3.051123e-17
5.606000e+01 3.059277e-17 3.059277e-17
5.616000e+01 3.067431e-17 3.067431e-17
5.626000e+01 3.075585e-17 3.075585e-17
5.636000e+01 3.083738e-17 3.083738e-17
5.646000e+01 3.094246e-17 3.094246e-17
5.656000e+01 3.106323e-17 3.106323e-17
5.666000e+01 3.118400e-17 3.118400e-17
5.676000e+01 3.130477e-17 3.130477e-17
5.686000e+01 3.142554e-17 3.142554e-17
5.696000e+01 3.154631e-17 3.154631e-17
5.706000e+01 3.166708e-17 3.166708e-17
5.716000e+01 3.178785e-17 3.178785e-17
5.726000e+01 3.190862e-17 3.190862e-17
5.736000e+01 3.202938e-17 3.202938e-17
5.746000e+01 3.215015e-17 3.215015e-17
5.756000e+01 3.227092e-17 3.227092e-17
5.766000e+01 3.239169e-17 3.239169e-17
5.776000e+01 3.246954e-17 3.246954e-17
5.786000e+01 3.251877e-17 3.251877e-17
5.796000e+01 3.256800e-17 3.256800e-17
5.806000e+01 3.261723e-17 3.261723e-17
5.816000e+01 3.266646e-17 3.266646e-17
5.826000e+01 3.271569e-17 3.271569e-17
5.836000e+01 3.276492e-17 3.276492e-17
5.846000e+01 3.281415e-17 3.281415e-17
5.856000e+01 3.286338e-17 3.286338e-17
5.866000e+01 3.291262e-17 3.291262e-17
5.876000e+01 3.296185e-17 3.296185e-17
5.886000e+01 3.301108e-17 3.301108e-17
5.896000e+01 3.306031e-17 3.306031e-17
5.906000e+01 3.312120e-17 3.312120e-17
5.916000e+01 3.318987e-17 3.318987e-17
5.926000e+01 3.325853e-17 3.325853e-17
5.936000e+01 3.332720e-17 3.332720e-17
5.946000e+01 3.339587e-17 3.339587e-17
5.956000e+01 3.346453e-17 3.346453e-17
5.966000e+01 3.353320e-17 3.353320e-17
5.976000e+01 3.360187e-17 3.360187e-17
5.986000e+01 3.367053e-17 3.367053e-17
5.996000e+01 3.373920e-17 3.373920e-17
6.006000e+01 3.380787e-17 3.380787e-17
6.016000e+01 3.387653e-17 3.387653e-17
6.026000e+01 3.394520e-17 3.394520e-17
6.036000e+01 3.401387e-17 3.401387e-17
6.046000e+01 3.408253e-17 3.408253e-17
6.056000e+01 3.417040e-17 3.417040e-17
6.066000e+01 3.427107e-17 3.427107e-17
6.076000e+01 3.437173e-17 3.437173e-17
6.086000e+01 3.447240e-17 3.447240e-17
6.096000e+01 3.457307e-17 3.457307e-17
6.106000e+01 3.467373e-17 3.467373e-17
6.116000e+01 3.477440e-17 3.477440e-17
6.126000e+01 3.487507e-17 3.487507e-17
6.136000e+01 3.497573e-17 3.497573e-17
6.146000e+01 3.507640e-17 3.507640e-17
6.156000e+01 3.517707e-17 3.517707e-17
6.166000e+01 3.527773e-17 3.527773e-17
6.176000e+01 3.537840e-17 3.537840e-17
6.186000e+01 3.547907e-17 3.547907e-17
6.196000e+01 3.557973e-17 3.557973e-17
6.206000e+01 3.570287e-17 3.570287e-17
6.216000e+01 3.584100e-17 3.584100e-17
6.226000e+01 3.597912e-17 3.597912e-17
6.236000e+01 3.611725e-17 3.611725e-17
6.246000e+01 3.625537e-17 3.625537e-17
6.256000e+01 3.639350e-17 3.639350e-17
6.266000e+01 3.653162e-17 3.653162e-17
6.276000e+01 3.666975e-17 3.666975e-17
6.286000e+01 3.680787e-17 3.680787e-17
6.296000e+01 3.694600e-17 3.694600e-17
6.306000e+01 3.708412e-17 3.708412e-17
6.316000e+01 3.722225e-17 3.722225e-17
6.326000e+01 3.736037e-17 3.736037e-17
6.336000e+01 3.749850e-17 3.749850e-17
6.346000e+01 3.763662e-17 3.763662e-17
6.356000e+01 3.777475e-17 3.777475e-17
6.366000e+01 3.786529e-17 3.786529e-17
6.376000e+01 3.792412e-17 3.792412e-17
6.386000e+01 3.798294e-17 3.798294e-17
6.396000e+01 3.804176e-17 3.804176e-17
6.406000e+01 3.810059e-17 3.810059e-17
6.416000e+01 3.815941e-17 3.815941e-17
6.426000e+01 3.821824e-17 3.821824e-17
6.436000e+01 3.827706e-17 3.827706e-17
6.446000e+01 3.833588e-17 3.833588e-17
6.456000e+01 3.839471e-17 3.839471e-17
6.466000e+01 3.845353e-17 3.845353e-17
6.476000e+01 3.851235e-17 3.851235e-17
6.486000e+01 3.857118e-17 3.857118e-17
6.496000e+01 3.863000e-17 3.863000e-17
6.506000e+01 3.868882e-17 3.868882e-17
6.516000e+01 3.874765e-17 3.874765e-17
6.526000e+01 3.880647e-17 3.880647e-17
6.536000e+01 3.891859e-17 3.891859e-17
6.546000e+01 3.906624e-17 3.906624e-17
6.556000e+01 3.921388e-17 3.921388e-17
6.566000e+01 3.936153e-17 3.936153e-17
6.576000e+01 3.950918e-17 3.950918e-17
6.586000e+01 3.965682e-17 3.965682e-17
6.596000e+01 3.980447e-17 3.980447e-17
6.606000e+01 3.995212e-17 3.995212e-17
6.616000e+01 4.009976e-17 4.009976e-17
6.626000e+01 4.024741e-17 4.024741e-17
6.636000e+01 4.039506e-17 4.039506e-17
6.646000e+01 4.054271e-17 4.054271e-17
6.656000e+01 4.069035e-17 4.069035e-17
6.666000e+01 4.083800e-17 4.083800e-17
6.676000e+01 4.098565e-17 4.098565e-17
6.686000e+01 4.113329e-17 4.113329e-17
6.696000e+01 4.128094e-17 4.128094e-17
6.706000e+01 4.137411e-17 4.137411e-17
6.716000e+01 4.143095e-17 4.143095e-17
6.726000e+01 4.148779e-17 4.148779e-17
6.736000e+01 4.154463e-17 4.154463e-17
6.746000e+01 4.160147e-17 4.160147e-17
6.756000e+01 4.165832e-17 4.165832e-17
6.766000e+01 4.171516e-17 4.171516e-17
6.776000e+01 4.177200e-17 4.177200e-17
6.786000e+01 4.182884e-17 4.182884e-17
6.796000e+01 4.188568e-17 4.188568e-17
6.806000e+01 4.194253e-17 4.194253e-17
6.816000e+01 4.199937e-17 4.199937e-17
6.826000e+01 4.205621e-17 4.205621e-17
6.836000e+01 4.211305e-17 4.211305e-17
6.846000e+01 4.216989e-17 4.216989e-17
6.856000e+01 4.222674e-17 4.222674e-17
6.866000e+01 4.228358e-17 4.228358e-17
6.876000e+01 4.234042e-17 4.234042e-17
6.886000e+01 4.239726e-17 4.239726e-17
6.896000e+01 4.245726e-17 4.245726e-17
6.906000e+01 4.251937e-17 4.251937e-17
6.916000e+01 4.258147e-17 4.258147e-17
6.926000e+01 4.264358e-17 4.264358e-17
6.936000e+01 4.270568e-17 4.270568e-17
6.946000e+01 4.276779e-17 4.276779e-17
6.956000e+01 4.282989e-17 4.282989e-17
6.966000e+01 4.289200e-17 4.289200e-17
6.976000e+01 4.295411e-17 4.295411e-17
6.986000e+01 4.301621e-17 4.301621e-17
6.996000e+01 4.307832e-17 4.307832e-17
7.006000e+01 4.314042e-17 4.314042e-17
7.016000e+01 4.320253e-17 4.320253e-17
7.026000e+01 4.326463e-17 4.326463e-17
7.036000e+01 4.332674e-17 4.332674e-17
7.046000e+01 4.338884e-17 4.338884e-17
7.056000e+01 4.345095e-17 4.345095e-17
7.066000e+01 4.351305e-17 4.351305e-17
7.076000e+01 4.357516e-17 4.357516e-17
7.086000e+01 4.365743e-17 4.365743e-17
7.096000e+01 4.375314e-17 4.375314e-17
7.106000e+01 4.384886e-17 4.384886e-17
7.116000e+01 4.394457e-17 4.394457e-17
7.126000e+01 4.404029e-17 4.404029e-17
7.136000e+01 4.413600e-17 4.413600e-17
7.146000e+01 4.423171e-17 4.423171e-17
7.156000e+01 4.432743e-17 4.432743e-17
7.166000e+01 4.442314e-17 4.442314e-17
7.176000e+01 4.451886e-17 4.451886e-17
7.186000e+01 4.461457e-17 4.461457e-17
7.196000e+01 4.471029e-17 4.471029e-17
7.206000e+01 4.480600e-17 4.480600e-17
7.216000e+01 4.490171e-17 4.490171e-17
7.226000e+01 4.499743e-17 4.499743e-17
7.236000e+01 4.509314e-17 4.509314e-17
7.246000e+01 4.518886e-17 4.518886e-17
7.256000e+01 4.528457e-17 4.528457e-17
7.266000e+01 4.538029e-17 4.538029e-17
7.276000e+01 4.547600e-17 4.547600e-17
7.286000e+01 4.557171e-17 4.557171e-17
7.296000e+01 4.571882e-17 4.571882e-17
7.306000e+01 4.590018e-17 4.590018e-17
7.316000e+01 4.608155e-17 4.608155e-17
7.326000e+01 4.626291e-17 4.626291e-17
7.336000e+01 4.644427e-17 4.644427e-17
7.346000e+01 4.662564e-17 4.662564e-17
7.356000e+01 4.680700e-17 4.680700e-17
7.366000e+01 4.698836e-17 4.698836e-17
7.376000e+01 4.716973e-17 4.716973e-17
7.386000e+01 4.735109e-17 4.735109e-17
7.396000e+01 4.753245e-17 4.753245e-17
7.406000e+01 4.771382e-17 4.771382e-17
7.416000e+01 4.789518e-17 4.789518e-17
7.426000e+01 4.807655e-17 4.807655e-17
7.436000e+01 4.825791e-17 4.825791e-17
7.446000e+01 4.843927e-17 4.843927e-17
7.456000e+01 4.862064e-17 4.862064e-17
7.466000e+01 4.880200e-17 4.880200e-17
7.476000e+01 4.898336e-17 4.898336e-17
7.486000e+01 4.916473e-17 4.916473e-17
7.496000e+01 4.934609e-17 4.934609e-17
7.506000e+01 4.952745e-17 4.952745e-17
7.516000e+01 4.970050e-17 4.970050e-17
7.526000e+01 4.986800e-17 4.986800e-17
7.536000e+01 5.003550e-17 5.003550e-17
7.546000e+01 5.020300e-17 5.020300e-17
7.556000e+01 5.037050e-17 5.037050e-17
7.566000e+01 5.053800e-17 5.053800e-17
7.576000e+01 5.070550e-17 5.070550e-17
7.586000e+01 5.087300e-17 5.087300e-17
7.596000e+01 5.104050e-17 5.104050e-17
7.606000e+01 5.120800e-17 5.120800e-17
7.616000e+01 5.137550e-17 5.137550e-17
7.626000e+01 5.154300e-17 5.154300e-17
7.636000e+01 5.171050e-17 5.171050e-17
7.646000e+01 5.187800e-17 5.187800e-17
7.656000e+01 5.204550e-17 5.204550e-17
7.666000e+01 5.221300e-17 5.221300e-17
7.676000e+01 5.238050e-17 5.238050e-17
7.686000e+01 5.254800e-17 5.254800e-17
7.696000e+01 5.271550e-17 5.271550e-17
7.706000e+01 5.288300e-17 5.288300e-17
7.716000e+01 5.305050e-17 5.305050e-17
7.726000e+01 5.321800e-17 5.321800e-17
7.736000e+01 5.338550e-17 5.338550e-17
7.746000e+01 5.355300e-17 5.355300e-17
7.756000e+01 5.368432e-17 5.368432e-17
7.766000e+01 5.379152e-17 5.379152e-17
7.776000e+01 5.389872e-17 5.389872e-17
7.786000e+01 5.400592e-17 5.400592e-17
7.796000e+01 5.411312e-17 5.411312e-17
7.806000e+01 5.422032e-17 5.422032e-17
7.816000e+01 5.432752e-17 5.432752e-17
7.826000e+01 5.443472e-17 5.443472e-17
7.836000e+01 5.454192e-17 5.454192e-17
7.846000e+01 5.464912e-17 5.464912e-17
7.856000e+01 5.475632e-17 5.475632e-17
7.866000e+01 5.486352e-17 5.486352e-17
7.876000e+01 5.497072e-17 5.497072e-17
7.886000e+01 5.507792e-17 5.507792e-17
7.896000e+01 5.518512e-17 5.518512e-17
7.906000e+01 5.529232e-17 5.529232e-17
7.916000e+01 5.539952e-17 5.539952e-17
7.926000e+01 5.550672e-17 5.550672e-17
7.936000e+01 5.561392e-17 5.561392e-17
7.946000e+01 5.572112e-17 5.572112e-17
7.956000e+01 5.582832e-17 5.582832e-17
7.966000e+01 5.593552e-17 5.593552e-17
7.976000e+01 5.604272e-17 5.604272e-17
7.986000e+01 5.614992e-17 5.614992e-17
7.996000e+01 5.625712e-17 5.625712e-17
8.006000e+01 5.620267e-17 5.620267e-17
8.016000e+01 5.604044e-17 5.604044e-17
8.026000e+01 5.587822e-17 5.587822e-17
8.036000e+01 5.571600e-17 5.571600e-17
8.046000e+01 5.555378e-17 5.555378e-17
8.056000e+01 5.539156e-17 5.539156e-17
8.066000e+01 5.522933e-17 5.522933e-17
8.076000e+01 5.506711e-17 5.506711e-17
8.086000e+01 5.490489e-17 5.490489e-17
8.096000e+01 5.474267e-17 5.474267e-17
8.106000e+01 5.458044e-17 5.458044e-17
8.116000e+01 5.441822e-17 5.441822e-17
8.126000e+01 5.425600e-17 5.425600e-17
8.136000e+01 5.409378e-17 5.409378e-17
8.146000e+01 5.393156e-17 5.393156e-17
8.156000e+01 5.376933e-17 5.376933e-17
8.166000e+01 5.360711e-17 5.360711e-17
8.176000e+01 5.344489e-17 5.344489e-17
8.186000e+01 5.328267e-17 5.328267e-17
8.196000e+01 5.312044e-17 5.312044e-17
8.206000e+01 5.295822e-17 5.295822e-17
8.216000e+01 5.279600e-17 5.279600e-17
8.226000e+01 5.263378e-17 5.263378e-17
8.236000e+01 5.247156e-17 5.247156e-17
8.246000e+01 5.230933e-17 5.230933e-17
8.256000e+01 5.214711e-17 5.214711e-17
8.266000e+01 5.198489e-17 5.198489e-17
8.276000e+01 5.171879e-17 5.171879e-17
8.286000e+01 5.138343e-17 5.138343e-17
8.296000e+01 5.104807e-17 5.104807e-17
8.306000e+01 5.071271e-17 5.071271e-17
8.316000e+01 5.037736e-17 5.037736e-17
8.326000e+01 5.004200e-17 5.004200e-17
8.336000e+01 4.970664e-17 4.970664e-17
8.346000e+01 4.937129e-17 4.937129e-17
8.356000e+01 4.903593e-17 4.903593e-17
8.366000e+01 4.870057e-17 4.870057e-17
8.376000e+01 4.836521e-17 4.836521e-17
8.386000e+01 4.802986e-17 4.802986e-17
8.396000e+01 4.769450e-17 4.769450e-17
8.406000e+01 4.735914e-17 4.735914e-17
8.416000e+01 4.702379e-17 4.702379e-17
8.426000e+01 4.668843e-17 4.668843e-17
8.436000e+01 4.635307e-17 4.635307e-17
8.446000e+01 4.601771e-17 4.601771e-17
8.456000e+01 4.568236e-17 4.568236e-17
8.466000e+01 4.534700e-17 4.534700e-17
8.476000e+01 4.501164e-17 4.501164e-17
8.486000e+01 4.467629e-17 4.467629e-17
8.496000e+01 4.434093e-17 4.434093e-17
8.506000e+01 4.400557e-17 4.400557e-17
8.516000e+01 4.367021e-17 4.367021e-17
8.526000e+01 4.333486e-17 4.333486e-17
8.536000e+01 4.299950e-17 4.299950e-17
8.546000e+01 4.266414e-17 4.266414e-17
8.556000e+01 4.247658e-17 4.247658e-17
8.566000e+01 4.238755e-17 4.238755e-17
8.576000e+01 4.229852e-17 4.229852e-17
8.586000e+01 4.220948e-17 4.220948e-17
8.596000e+01 4.212045e-17 4.212045e-17
8.606000e+01 4.203142e-17 4.203142e-17
8.616000e+01 4.194239e-17 4.194239e-17
8.626000e+01 4.185335e-17 4.185335e-17
8.636000e+01 4.176432e-17 4.176432e-17
8.646000e+01 4.167529e-17 4.167529e-17
8.656000e+01 4.158626e-17 4.158626e-17
8.666000e+01 4.149723e-17 4.149723e-17
8.676000e+01 4.140819e-17 4.140819e-17
8.686000e+01 4.131916e-17 4.131916e-17
8.696000e+01 4.123013e-17 4.123013e-17
8.706000e+01 4.114110e-17 4.114110e-17
8.716000e+01 4.105206e-17 4.105206e-17
8.726000e+01 4.096303e-17 4.096303e-17
8.736000e+01 4.087400e-17 4.087400e-17
8.746000e+01 4.078497e-17 4.078497e-17
8.756000e+01 4.069594e-17 4.069594e-17
8.766000e+01 4.060690e-17 4.060690e-17
8.776000e+01 4.051787e-17 4.051787e-17
8.786000e+01 4.042884e-17 4.042884e-17
8.796000e+01 4.033981e-17 4.033981e-17
8.806000e+01 4.025077e-17 4.025077e-17
8.816000e+01 4.016174e-17 4.016174e-17
8.826000e+01 4.007271e-17 4.007271e-17
8.836000e+01 3.998368e-17 3.998368e-17
8.846000e+01 3.989465e-17 3.989465e-17
8.856000e+01 3.980561e-17 3.980561e-17
8.866000e+01 3.983562e-17 3.983562e-17
8.876000e+01 3.994500e-17 3.994500e-17
8.886000e+01 4.005437e-17 4.005437e-17
8.896000e+01 4.016375e-17 4.016375e-17
8.906000e+01 4.027312e-17 4.027312e-17
8.916000e+01 4.038250e-17 4.038250e-17
8.926000e+01 4.049187e-17 4.049187e-17
8.936000e+01 4.060125e-17 4.060125e-17
8.946000e+01 4.071062e-17 4.071062e-17
8.956000e+01 4.082000e-17 4.082000e-17
8.966000e+01 4.092937e-17 4.092937e-17
8.976000e+01 4.103875e-17 4.103875e-17
8.986000e+01 4.114812e-17 4.114812e-17
8.996000e+01 4.125750e-17 4.125750e-17
9.006000e+01 4.136687e-17 4.136687e-17
9.016000e+01 4.147625e-17 4.147625e-17
9.026000e+01 4.158562e-17 4.158562e-17
9.036000e+01 4.169500e-17 4.169500e-17
9.046000e+01 4.180437e-17 4.180437e-17
9.056000e+01 4.191375e-17 4.191375e-17
9.066000e+01 4.202312e-17 4.202312e-17
9.076000e+01 4.213250e-17 4.213250e-17
9.086000e+01 4.224187e-17 4.224187e-17
9.096000e+01 4.235125e-17 4.235125e-17
9.106000e+01 4.246062e-17 4.246062e-17
9.116000e+01 4.257000e-17 4.257000e-17
9.126000e+01 4.267937e-17 4.267937e-17
9.136000e+01 4.278875e-17 4.278875e-17
9.146000e+01 4.289812e-17 4.289812e-17
9.156000e+01 4.300750e-17 4.300750e-17
9.166000e+01 4.311687e-17 4.311687e-17
9.176000e+01 4.322625e-17 4.322625e-17
9.186000e+01 4.322317e-17 4.322317e-17
9.196000e+01 4.314511e-17 4.314511e-17
9.206000e+01 4.306706e-17 4.306706e-17
9.216000e+01 4.298900e-17 4.298900e-17
9.226000e+01 4.291094e-17 4.291094e-17
9.236000e+01 4.283289e-17 4.283289e-17
9.246000e+01 4.275483e-17 4.275483e-17
9.256000e+01 4.267678e-17 4.267678e-17
9.266000e+01 4.259872e-17 4.259872e-17
9.276000e+01 4.252067e-17 4.252067e-17
9.286000e+01 4.244261e-17 4.244261e-17
9.296000e+01 4.236456e-17 4.236456e-17
9.306000e+01 4.228650e-17 4.228650e-17
9.316000e+01 4.220844e-17 4.220844e-17
9.326000e+01 4.213039e-17 4.213039e-17
9.336000e+01 4.205233e-17 4.205233e-17
9.346000e+01 4.197428e-17 4.197428e-17
9.356000e+01 4.189622e-17 4.189622e-17
9.366000e+01 4.181817e-17 4.181817e-17
9.376000e+01 4.174011e-17 4.174011e-17
9.386000e+01 4.166206e-17 4.166206e-17
9.396000e+01 4.158400e-17 4.158400e-17
9.406000e+01 4.150594e-17 4.150594e-17
9.416000e+01 4.142789e-17 4.142789e-17
9.426000e+01 4.134983e-17 4.134983e-17
9.436000e+01 4.127178e-17 4.127178e-17
9.446000e+01 4.119372e-17 4.119372e-17
9.456000e+01 4.111567e-17 4.111567e-17
9.466000e+01 4.103761e-17 4.103761e-17
9.476000e+01 4.095956e-17 4.095956e-17
9.486000e+01 4.088150e-17 4.088150e-17
9.496000e+01 4.080344e-17 4.080344e-17
9.506000e+01 4.072539e-17 4.072539e-17
9.516000e+01 4.064733e-17 4.064733e-17
9.526000e+01 4.056928e-17 4.056928e-17
9.536000e+01 4.049122e-17 4.049122e-17
9.546000e+01 4.036889e-17 4.036889e-17
9.556000e+01 4.021705e-17 4.021705e-17
9.566000e+01 4.006521e-17 4.006521e-17
9.576000e+01 3.991337e-17 3.991337e-17
9.586000e+01 3.976153e-17 3.976153e-17
9.596000e+01 3.960968e-17 3.960968e-17
9.606000e+01 3.945784e-17 3.945784e-17
9.616000e+01 3.930600e-17 3.930600e-17
9.626000e+01 3.915416e-17 3.915416e-17
9.636000e+01 3.900232e-17 3.900232e-17
9.646000e+01 3.885047e-17 3.885047e-17
9.656000e+01 3.869863e-17 3.869863e-17
9.666000e+01 3.854679e-17 3.854679e-17
9.676000e+01 3.839495e-17 3.839495e-17
9.686000e+01 3.824311e-17 3.824311e-17
9.696000e+01 3.809126e-17 3.809126e-17
9.706000e+01 3.793942e-17 3.793942e-17
9.716000e+01 3.778758e-17 3.778758e-17
9.726000e+01 3.763574e-17 3.763574e-17
9.736000e+01 3.748389e-17 3.748389e-17
9.746000e+01 3.733205e-17 3.733205e-17
9.756000e+01 3.718021e-17 3.718021e-17
9.766000e+01 3.702837e-17 3.702837e-17
9.776000e+01 3.687653e-17 3.687653e-17
9.786000e+01 3.672468e-17 3.672468e-17
9.796000e+01 3.657284e-17 3.657284e-17
9.806000e+01 3.642100e-17 3.642100e-17
9.816000e+01 3.626916e-17 3.626916e-17
9.826000e+01 3.611732e-17 3.611732e-17
9.836000e+01 3.596547e-17 3.596547e-17
9.846000e+01 3.581363e-17 3.581363e-17
9.856000e+01 3.566179e-17 3.566179e-17
9.866000e+01 3.550995e-17 3.550995e-17
9.876000e+01 3.535811e-17 3.535811e-17
9.886000e+01 3.520626e-17 3.520626e-17
9.896000e+01 3.505442e-17 3.505442e-17
9.906000e+01 3.490258e-17 3.490258e-17
9.916000e+01 3.475074e-17 3.475074e-17
9.926000e+01 3.464658e-17 3.464658e-17
9.936000e+01 3.457421e-17 3.457421e-17
9.946000e+01 3.450184e-17 3.450184e-17
9.956000e+01 3.442947e-17 3.442947e-17
9.966000e+01 3.435711e-17 3.435711e-17
9.976000e+01 3.428474e-17 3.428474e-17
9.986000e+01 3.421237e-17 3.421237e-17
9.996000e+01 3.414000e-17 3.414000e-17
1.000600e+02 3.406763e-17 3.406763e-17
1.001600e+02 3.399526e-17 3.399526e-17
1.002600e+02 3.392289e-17 3.392289e-17
1.003600e+02 3.385053e-17 3.385053e-17
1.004600e+02 3.377816e-17 3.377816e-17
1.005600e+02 3.370579e-17 3.370579e-17
1.006600e+02 3.363342e-17 3.363342e-17
1.007600e+02 3.356105e-17 3.356105e-17
1.008600e+02 3.348868e-17 3.348868e-17
1.009600e+02 3.341632e-17 3.341632e-17
1.010600e+02 3.334395e-17 3.334395e-17
1.011600e+02 3.327158e-17 3.327158e-17
1.012600e+02 3.319921e-17 3.319921e-17
1.013600e+02 3.312684e-17 3.312684e-17
1.014600e+02 3.305447e-17 3.305447e-17
1.015600e+02 3.298211e-17 3.298211e-17
1.016600e+02 3.290974e-17 3.290974e-17
1.017600e+02 3.283737e-17 3.283737e-17
1.018600e+02 3.276500e-17 3.276500e-17
1.019600e+02 3.269263e-17 3.269263e-17
1.020600e+02 3.262026e-17 3.262026e-17
1.021600e+02 3.254789e-17 3.254789e-17
1.022600e+02 3.247553e-17 3.247553e-17
1.023600e+02 3.240316e-17 3.240316e-17
1.024600e+02 3.233079e-17 3.233079e-17
1.025600e+02 3.225842e-17 3.225842e-17
1.026600e+02 3.218605e-17 3.218605e-17
1.027600e+02 3.211368e-17 3.211368e-17
1.028600e+02 3.204132e-17 3.204132e-17
1.029600e+02 3.196895e-17 3.196895e-17
1.030600e+02 3.185240e-17 3.176616e-17
1.031600e+02 3.170640e-17 3.147641e-17
1.032600e+02 3.156040e-17 3.118667e-17
1.033600e+02 3.141441e-17 3.089693e-17
1.034600e+02 3.126841e-17 3.060719e-17
1.035600e+02 3.112241e-17 3.031745e-17
1.036600e+02 3.097641e-17 3.002771e-17
1.037600e+02 3.083041e-17 2.973796e-17
1.038600e+02 3.068441e-17 2.944822e-17
1.039600e+02 3.053842e-17 2.915848e-17
1.040600e+02 3.039242e-17 2.886874e-17
1.041600e+02 3.024642e-17 2.857900e-17
1.042600e+02 3.010042e-17 2.828926e-17
1.043600e+02 2.995442e-17 2.799952e-17
1.044600e+02 2.980842e-17 2.770977e-17
1.045600e+02 2.966243e-17 2.742003e-17
1.046600e+02 2.951643e-17 2.713029e-17
1.047600e+02 2.937043e-17 2.684055e-17
1.048600e+02 2.922443e-17 2.655081e-17
1.049600e+02 2.907843e-17 2.626107e-17
1.050600e+02 2.893243e-17 2.597133e-17
1.051600e+02 2.878644e-17 2.568158e-17
1.052600e+02 2.864044e-17 2.539184e-17
1.053600e+02 2.849444e-17 2.510210e-17
1.054600e+02 2.834844e-17 2.481236e-17
1.055600e+02 2.820244e-17 2.452262e-17
1.056600e+02 2.805644e-17 2.423288e-17
1.057600e+02 2.791045e-17 2.394314e-17
1.058600e+02 2.776445e-17 2.365339e-17
1.059600e+02 3.056543e-17 2.921189e-17
1.060600e+02 2.755597e-17 2.323906e-17
1.061600e+02 2.814028e-17 2.385036e-17
1.062600e+02 2.750439e-17 2.342362e-17
1.063600e+02 2.686275e-17 2.318914e-17
1.064600e+02 2.837026e-17 2.355253e-17
1.065600e+02 2.916907e-17 2.287976e-17
1.066600e+02 2.870315e-17 2.141462e-17
1.067600e+02 2.766501e-17 1.945386e-17
1.068600e+02 2.612056e-17 1.802115e-17
1.069600e+02 2.638543e-17 1.764638e-17
1.070600e+02 2.758560e-17 1.765099e-17
1.071600e+02 2.728432e-17 1.761541e-17
1.072600e+02 2.733837e-17 1.780793e-17
1.073600e+02 2.894420e-17 1.778826e-17
1.074600e+02 2.925406e-17 1.708986e-17
1.075600e+02 2.782600e-17 1.674884e-17
1.076600e+02 2.589416e-17 1.686147e-17
1.077600e+02 2.537639e-17 1.685328e-17
1.078600e+02 2.692935e-17 1.700811e-17
1.079600e+02 2.825639e-17 1.657447e-17
1.080600e+02 2.714339e-17 1.615779e-17
1.081600e+02 2.691235e-17 1.652881e-17
1.082600e+02 2.922568e-17 1.662380e-17
1.083600e+02 2.760328e-17 1.567595e-17
1.084600e+02 2.633450e-17 1.508651e-17
1.085600e+02 3.246624e-17 1.533590e-17
1.086600e+02 3.292106e-17 1.440017e-17
1.087600e+02 2.949685e-17 1.076939e-17
1.088600e+02 2.852286e-17 5.615615e-18
1.089600e+02 2.452302e-17 2.583413e-18
1.090600e+02 2.389745e-17 1.272226e-18
1.091600e+02 2.830783e-17 9.626045e-19
1.092600e+02 2.732830e-17 9.452873e-19
1.093600e+02 2.454254e-17 9.494778e-19
1.094600e+02 2.832338e-17 9.508582e-19
1.095600e+02 3.597108e-17 8.229545e-19
1.096600e+02 3.479205e-17 6.630356e-19
1.097600e+02 2.730410e-17 3.053656e-19
1.098600e+02 1.658684e-17 6.836894e-20
