# C3 cross sections
# From the Leiden database for photodissociation and photoionization of astrophysically relevant molecules, http://home.strw.leidenuniv.nl/~ewine/photo/
# File last modified by Alan Heays 2017-03-01
# references: van_hemert2008 10.1016/j.chemphys.2007.08.011, monninger2002 10.1021/jp0142536, nicolas2006 10.1021/ja055430+,
# no info on lines
# wavelength: (nm)
# photoabsorption   -- Photoabsorption cross section (cm2)
# photodissociation -- Photodissociation cross section (cm2)
# This version has been resampled to a uniform 0.1nm grid while maintaining a constant integrated cross section (using trapezoidal integration).
# wavelength photoabsorption photodissociation
9.000000e+01 2.000175e-17 1.745421e-21
9.010000e+01 2.000184e-17 1.844752e-21
9.020000e+01 2.000195e-17 1.949403e-21
9.030000e+01 2.000206e-17 2.059637e-21
9.040000e+01 2.000218e-17 2.175733e-21
9.050000e+01 2.000230e-17 2.297979e-21
9.060000e+01 2.000243e-17 2.426678e-21
9.070000e+01 2.000256e-17 2.562147e-21
9.080000e+01 2.000270e-17 2.704715e-21
9.090000e+01 2.000285e-17 2.854728e-21
9.100000e+01 2.000301e-17 3.012545e-21
9.110000e+01 2.000318e-17 3.178543e-21
9.120000e+01 2.000335e-17 3.353113e-21
9.130000e+01 2.000354e-17 3.536666e-21
9.140000e+01 2.000373e-17 3.729629e-21
9.150000e+01 2.000393e-17 3.932447e-21
9.160000e+01 2.000415e-17 4.145584e-21
9.170000e+01 2.000437e-17 4.369525e-21
9.180000e+01 2.000460e-17 4.604776e-21
9.190000e+01 1.986170e-17 4.851861e-21
9.200000e+01 1.953972e-17 5.111330e-21
9.210000e+01 1.921959e-17 5.383754e-21
9.220000e+01 1.933515e-17 5.669726e-21
9.230000e+01 1.964429e-17 5.969867e-21
9.240000e+01 2.040221e-17 6.284821e-21
9.250000e+01 2.064796e-17 6.615259e-21
9.260000e+01 2.072042e-17 6.961878e-21
9.270000e+01 2.054235e-17 7.325406e-21
9.280000e+01 2.031109e-17 7.706597e-21
9.290000e+01 2.000629e-17 8.106236e-21
9.300000e+01 1.969342e-17 8.525140e-21
9.310000e+01 1.932729e-17 8.964157e-21
9.320000e+01 1.897672e-17 9.424169e-21
9.330000e+01 1.867876e-17 9.906093e-21
9.340000e+01 1.837337e-17 1.041088e-20
9.350000e+01 1.806159e-17 1.093951e-20
9.360000e+01 1.797138e-17 1.149302e-20
9.370000e+01 1.798935e-17 1.207247e-20
9.380000e+01 1.805743e-17 1.267897e-20
9.390000e+01 1.813467e-17 1.331365e-20
9.400000e+01 1.804105e-17 1.397772e-20
9.410000e+01 1.786861e-17 1.467239e-20
9.420000e+01 1.769660e-17 1.539896e-20
9.430000e+01 1.772821e-17 1.615873e-20
9.440000e+01 1.791714e-17 1.695309e-20
9.450000e+01 1.814626e-17 1.778346e-20
9.460000e+01 1.837134e-17 1.865131e-20
9.470000e+01 1.836682e-17 1.955816e-20
9.480000e+01 1.822557e-17 2.050560e-20
9.490000e+01 1.806416e-17 2.149525e-20
9.500000e+01 1.801087e-17 2.252880e-20
9.510000e+01 1.813454e-17 2.360802e-20
9.520000e+01 1.835939e-17 2.473470e-20
9.530000e+01 1.858510e-17 2.591071e-20
9.540000e+01 1.841337e-17 2.713799e-20
9.550000e+01 1.802195e-17 2.841854e-20
9.560000e+01 1.736629e-17 2.975442e-20
9.570000e+01 1.677586e-17 3.114777e-20
9.580000e+01 1.643717e-17 3.260078e-20
9.590000e+01 1.606646e-17 3.411574e-20
9.600000e+01 1.566184e-17 3.569498e-20
9.610000e+01 1.525748e-17 3.734094e-20
9.620000e+01 1.498486e-17 3.905612e-20
9.630000e+01 1.473434e-17 4.084308e-20
9.640000e+01 1.451237e-17 4.270450e-20
9.650000e+01 1.432072e-17 4.464311e-20
9.660000e+01 1.417150e-17 4.666173e-20
9.670000e+01 1.402813e-17 4.876329e-20
9.680000e+01 1.386665e-17 5.095078e-20
9.690000e+01 1.355054e-17 5.322728e-20
9.700000e+01 1.326144e-17 5.559598e-20
9.710000e+01 1.292945e-17 5.806016e-20
9.720000e+01 1.261559e-17 6.062318e-20
9.730000e+01 1.230021e-17 6.328851e-20
9.740000e+01 1.197618e-17 6.605972e-20
9.750000e+01 1.164923e-17 6.894046e-20
9.760000e+01 1.138120e-17 7.193453e-20
9.770000e+01 1.117109e-17 7.504577e-20
9.780000e+01 1.098688e-17 7.827818e-20
9.790000e+01 1.080563e-17 8.163585e-20
9.800000e+01 1.056449e-17 8.512297e-20
9.810000e+01 1.021405e-17 8.874386e-20
9.820000e+01 9.857684e-18 9.250294e-20
9.830000e+01 9.510705e-18 9.640474e-20
9.840000e+01 9.209174e-18 1.004539e-19
9.850000e+01 9.056478e-18 1.046553e-19
9.860000e+01 8.948461e-18 1.090137e-19
9.870000e+01 8.859298e-18 1.135342e-19
9.880000e+01 8.776537e-18 1.182219e-19
9.890000e+01 8.665037e-18 1.230821e-19
9.900000e+01 8.549768e-18 1.281201e-19
9.910000e+01 8.462046e-18 1.333416e-19
9.920000e+01 8.264692e-18 1.387521e-19
9.930000e+01 8.168514e-18 1.443574e-19
9.940000e+01 8.074532e-18 1.501635e-19
9.950000e+01 7.965967e-18 1.561764e-19
9.960000e+01 7.901749e-18 1.624022e-19
9.970000e+01 7.856429e-18 1.688473e-19
9.980000e+01 7.827851e-18 1.755182e-19
9.990000e+01 7.813997e-18 1.824214e-19
1.000000e+02 7.711702e-18 1.895636e-19
1.001000e+02 7.573028e-18 1.969518e-19
1.002000e+02 7.433626e-18 2.045929e-19
1.003000e+02 7.289182e-18 2.124941e-19
1.004000e+02 7.374459e-18 2.206627e-19
1.005000e+02 7.563723e-18 2.291061e-19
1.006000e+02 7.828123e-18 2.378318e-19
1.007000e+02 8.104897e-18 2.468476e-19
1.008000e+02 8.228821e-18 2.561613e-19
1.009000e+02 8.234067e-18 2.657810e-19
1.010000e+02 8.068751e-18 2.757147e-19
1.011000e+02 7.906159e-18 2.859708e-19
1.012000e+02 7.773490e-18 2.965575e-19
1.013000e+02 7.692681e-18 3.074836e-19
1.014000e+02 7.612220e-18 3.187577e-19
1.015000e+02 7.535047e-18 3.303886e-19
1.016000e+02 7.474839e-18 3.423853e-19
1.017000e+02 7.470477e-18 3.547569e-19
1.018000e+02 7.466499e-18 3.675126e-19
1.019000e+02 7.459769e-18 3.806618e-19
1.020000e+02 7.449434e-18 3.942140e-19
1.021000e+02 7.383766e-18 4.081788e-19
1.022000e+02 7.311230e-18 4.225659e-19
1.023000e+02 7.230413e-18 4.373853e-19
1.024000e+02 7.136936e-18 4.526470e-19
1.025000e+02 7.212484e-18 4.683610e-19
1.026000e+02 7.375771e-18 4.845376e-19
1.027000e+02 7.558253e-18 5.011871e-19
1.028000e+02 7.719776e-18 5.183201e-19
1.029000e+02 7.837895e-18 5.359469e-19
1.030000e+02 7.813408e-18 5.540784e-19
1.031000e+02 7.746131e-18 5.727253e-19
1.032000e+02 7.680046e-18 5.918984e-19
1.033000e+02 7.636239e-18 6.116086e-19
1.034000e+02 7.690658e-18 6.318671e-19
1.035000e+02 7.853810e-18 6.526849e-19
1.036000e+02 8.006442e-18 6.740732e-19
1.037000e+02 8.146626e-18 6.960432e-19
1.038000e+02 8.181668e-18 7.186063e-19
1.039000e+02 8.204506e-18 7.417738e-19
1.040000e+02 8.208100e-18 7.655573e-19
1.041000e+02 8.194492e-18 7.899680e-19
1.042000e+02 8.162465e-18 8.150177e-19
1.043000e+02 8.115722e-18 8.407178e-19
1.044000e+02 8.069641e-18 8.670798e-19
1.045000e+02 8.013831e-18 8.941155e-19
1.046000e+02 7.901802e-18 9.218363e-19
1.047000e+02 7.659208e-18 9.502540e-19
1.048000e+02 7.187967e-18 9.793800e-19
1.049000e+02 6.448453e-18 1.009226e-18
1.050000e+02 6.082813e-18 1.039804e-18
1.051000e+02 5.460260e-18 1.071124e-18
1.052000e+02 5.151801e-18 1.103200e-18
1.053000e+02 4.939548e-18 1.136041e-18
1.054000e+02 4.725533e-18 1.169660e-18
1.055000e+02 4.493510e-18 1.204068e-18
1.056000e+02 4.262286e-18 1.239275e-18
1.057000e+02 4.148085e-18 1.275294e-18
1.058000e+02 4.047934e-18 1.312136e-18
1.059000e+02 3.948926e-18 1.349810e-18
1.060000e+02 3.805691e-18 1.388329e-18
1.061000e+02 3.646964e-18 1.427702e-18
1.062000e+02 3.528717e-18 1.467941e-18
1.063000e+02 3.413724e-18 1.509055e-18
1.064000e+02 3.308244e-18 1.551056e-18
1.065000e+02 3.260899e-18 1.593953e-18
1.066000e+02 3.217183e-18 1.637756e-18
1.067000e+02 3.243664e-18 1.682475e-18
1.068000e+02 3.271070e-18 1.728119e-18
1.069000e+02 3.236579e-18 1.774697e-18
1.070000e+02 3.200588e-18 1.822219e-18
1.071000e+02 3.165549e-18 1.870693e-18
1.072000e+02 3.151687e-18 1.920129e-18
1.073000e+02 3.142802e-18 1.970533e-18
1.074000e+02 3.140495e-18 2.021914e-18
1.075000e+02 3.139510e-18 2.074280e-18
1.076000e+02 3.167685e-18 2.127639e-18
1.077000e+02 3.202213e-18 2.181996e-18
1.078000e+02 3.173971e-18 2.237359e-18
1.079000e+02 3.142302e-18 2.293735e-18
1.080000e+02 3.165433e-18 2.351128e-18
1.081000e+02 3.202202e-18 2.409545e-18
1.082000e+02 3.243912e-18 2.468991e-18
1.083000e+02 3.286657e-18 2.529471e-18
1.084000e+02 3.291003e-18 2.590988e-18
1.085000e+02 3.298223e-18 2.653548e-18
1.086000e+02 3.361515e-18 2.717153e-18
1.087000e+02 3.425856e-18 2.781807e-18
1.088000e+02 3.435226e-18 2.847512e-18
1.089000e+02 3.439158e-18 2.914270e-18
1.090000e+02 3.467624e-18 2.982082e-18
1.091000e+02 3.519034e-18 3.050950e-18
1.092000e+02 3.574290e-18 3.120875e-18
1.093000e+02 3.635790e-18 3.191856e-18
1.094000e+02 3.698346e-18 3.263893e-18
1.095000e+02 3.761957e-18 3.336985e-18
1.096000e+02 3.826621e-18 3.411129e-18
1.097000e+02 3.892335e-18 3.486324e-18
1.098000e+02 3.959098e-18 3.562568e-18
1.099000e+02 4.026904e-18 3.639855e-18
1.100000e+02 4.093896e-18 3.718184e-18
1.101000e+02 4.156203e-18 3.797547e-18
1.102000e+02 4.220462e-18 3.877942e-18
1.103000e+02 4.320240e-18 3.959360e-18
1.104000e+02 4.421535e-18 4.041796e-18
1.105000e+02 4.537933e-18 4.125243e-18
1.106000e+02 4.655334e-18 4.209692e-18
1.107000e+02 4.732397e-18 4.295135e-18
1.108000e+02 4.800001e-18 4.381562e-18
1.109000e+02 4.854179e-18 4.468964e-18
1.110000e+02 4.905520e-18 4.557329e-18
1.111000e+02 4.962035e-18 4.646647e-18
1.112000e+02 5.020775e-18 4.736904e-18
1.113000e+02 5.080442e-18 4.828089e-18
1.114000e+02 5.141023e-18 4.920187e-18
1.115000e+02 5.202502e-18 5.013183e-18
1.116000e+02 5.264865e-18 5.107064e-18
1.117000e+02 5.328097e-18 5.201813e-18
1.118000e+02 5.392180e-18 5.297413e-18
1.119000e+02 5.457096e-18 5.393848e-18
1.120000e+02 5.526443e-18 5.491098e-18
1.121000e+02 5.607965e-18 5.589145e-18
1.122000e+02 5.690264e-18 5.687971e-18
1.123000e+02 5.788756e-18 5.787553e-18
1.124000e+02 5.888783e-18 5.887871e-18
1.125000e+02 6.015306e-18 5.988904e-18
1.126000e+02 6.156959e-18 6.090629e-18
1.127000e+02 6.420153e-18 6.193022e-18
1.128000e+02 6.296059e-18 6.296059e-18
1.129000e+02 6.399717e-18 6.399717e-18
1.130000e+02 6.503968e-18 6.503968e-18
1.131000e+02 6.608787e-18 6.608787e-18
1.132000e+02 6.714147e-18 6.714147e-18
1.133000e+02 6.820020e-18 6.820020e-18
1.134000e+02 6.926378e-18 6.926378e-18
1.135000e+02 7.033193e-18 7.033193e-18
1.136000e+02 7.140433e-18 7.140433e-18
1.137000e+02 7.248069e-18 7.248069e-18
1.138000e+02 7.356070e-18 7.356070e-18
1.139000e+02 7.464403e-18 7.464403e-18
1.140000e+02 7.573038e-18 7.573038e-18
1.141000e+02 7.681940e-18 7.681940e-18
1.142000e+02 7.791076e-18 7.791076e-18
1.143000e+02 7.900413e-18 7.900413e-18
1.144000e+02 8.009914e-18 8.009914e-18
1.145000e+02 8.119546e-18 8.119546e-18
1.146000e+02 8.229271e-18 8.229271e-18
1.147000e+02 8.339054e-18 8.339054e-18
1.148000e+02 8.448859e-18 8.448859e-18
1.149000e+02 8.558646e-18 8.558646e-18
1.150000e+02 8.668379e-18 8.668379e-18
1.151000e+02 8.778020e-18 8.778020e-18
1.152000e+02 8.887529e-18 8.887529e-18
1.153000e+02 8.996868e-18 8.996868e-18
1.154000e+02 9.105997e-18 9.105997e-18
1.155000e+02 9.214876e-18 9.214876e-18
1.156000e+02 9.323465e-18 9.323465e-18
1.157000e+02 9.431723e-18 9.431723e-18
1.158000e+02 9.539610e-18 9.539610e-18
1.159000e+02 9.647085e-18 9.647085e-18
1.160000e+02 9.754106e-18 9.754106e-18
1.161000e+02 9.860632e-18 9.860632e-18
1.162000e+02 9.966621e-18 9.966621e-18
1.163000e+02 1.007203e-17 1.007203e-17
1.164000e+02 1.017682e-17 1.017682e-17
1.165000e+02 1.028095e-17 1.028095e-17
1.166000e+02 1.038437e-17 1.038437e-17
1.167000e+02 1.048705e-17 1.048705e-17
1.168000e+02 1.058893e-17 1.058893e-17
1.169000e+02 1.068999e-17 1.068999e-17
1.170000e+02 1.079017e-17 1.079017e-17
1.171000e+02 1.088944e-17 1.088944e-17
1.172000e+02 1.098775e-17 1.098775e-17
1.173000e+02 1.108506e-17 1.108506e-17
1.174000e+02 1.118133e-17 1.118133e-17
1.175000e+02 1.127652e-17 1.127652e-17
1.176000e+02 1.137058e-17 1.137058e-17
1.177000e+02 1.146348e-17 1.146348e-17
1.178000e+02 1.155518e-17 1.155518e-17
1.179000e+02 1.164564e-17 1.164564e-17
1.180000e+02 1.173481e-17 1.173481e-17
1.181000e+02 1.182265e-17 1.182265e-17
1.182000e+02 1.190914e-17 1.190914e-17
1.183000e+02 1.199422e-17 1.199422e-17
1.184000e+02 1.207787e-17 1.207787e-17
1.185000e+02 1.216004e-17 1.216004e-17
1.186000e+02 1.224069e-17 1.224069e-17
1.187000e+02 1.231980e-17 1.231980e-17
1.188000e+02 1.239732e-17 1.239732e-17
1.189000e+02 1.247322e-17 1.247322e-17
1.190000e+02 1.254747e-17 1.254747e-17
1.191000e+02 1.262003e-17 1.262003e-17
1.192000e+02 1.269088e-17 1.269088e-17
1.193000e+02 1.275996e-17 1.275996e-17
1.194000e+02 1.282727e-17 1.282727e-17
1.195000e+02 1.289276e-17 1.289276e-17
1.196000e+02 1.295641e-17 1.295641e-17
1.197000e+02 1.301819e-17 1.301819e-17
1.198000e+02 1.307807e-17 1.307807e-17
1.199000e+02 1.313603e-17 1.313603e-17
1.200000e+02 1.319203e-17 1.319203e-17
1.201000e+02 1.324606e-17 1.324606e-17
1.202000e+02 1.329809e-17 1.329809e-17
1.203000e+02 1.334810e-17 1.334810e-17
1.204000e+02 1.339607e-17 1.339607e-17
1.205000e+02 1.344197e-17 1.344197e-17
1.206000e+02 1.348580e-17 1.348580e-17
1.207000e+02 1.352752e-17 1.352752e-17
1.208000e+02 1.356713e-17 1.356713e-17
1.209000e+02 1.360460e-17 1.360460e-17
1.210000e+02 1.363994e-17 1.363994e-17
1.211000e+02 1.367311e-17 1.367311e-17
1.212000e+02 1.370411e-17 1.370411e-17
1.213000e+02 1.373294e-17 1.373294e-17
1.214000e+02 1.375957e-17 1.375957e-17
1.215000e+02 1.378401e-17 1.378401e-17
1.216000e+02 1.380625e-17 1.380625e-17
1.217000e+02 1.382628e-17 1.382628e-17
1.218000e+02 1.384410e-17 1.384410e-17
1.219000e+02 1.385970e-17 1.385970e-17
1.220000e+02 1.387310e-17 1.387310e-17
1.221000e+02 1.388428e-17 1.388428e-17
1.222000e+02 1.389325e-17 1.389325e-17
1.223000e+02 1.390001e-17 1.390001e-17
1.224000e+02 1.390458e-17 1.390458e-17
1.225000e+02 1.390695e-17 1.390695e-17
1.226000e+02 1.390713e-17 1.390713e-17
1.227000e+02 1.390514e-17 1.390514e-17
1.228000e+02 1.390099e-17 1.390099e-17
1.229000e+02 1.389468e-17 1.389468e-17
1.230000e+02 1.388623e-17 1.388623e-17
1.231000e+02 1.387566e-17 1.387566e-17
1.232000e+02 1.386299e-17 1.386299e-17
1.233000e+02 1.384824e-17 1.384824e-17
1.234000e+02 1.383142e-17 1.383142e-17
1.235000e+02 1.381255e-17 1.381255e-17
1.236000e+02 1.379167e-17 1.379167e-17
1.237000e+02 1.376879e-17 1.376879e-17
1.238000e+02 1.374395e-17 1.374395e-17
1.239000e+02 1.371717e-17 1.371717e-17
1.240000e+02 1.368847e-17 1.368847e-17
1.241000e+02 1.365790e-17 1.365790e-17
1.242000e+02 1.362549e-17 1.362549e-17
1.243000e+02 1.359127e-17 1.359127e-17
1.244000e+02 1.355527e-17 1.355527e-17
1.245000e+02 1.351753e-17 1.351753e-17
1.246000e+02 1.347810e-17 1.347810e-17
1.247000e+02 1.343701e-17 1.343701e-17
1.248000e+02 1.339430e-17 1.339430e-17
1.249000e+02 1.335002e-17 1.335002e-17
1.250000e+02 1.330422e-17 1.330422e-17
1.251000e+02 1.325693e-17 1.325693e-17
1.252000e+02 1.320821e-17 1.320821e-17
1.253000e+02 1.315811e-17 1.315811e-17
1.254000e+02 1.310668e-17 1.310668e-17
1.255000e+02 1.305397e-17 1.305397e-17
1.256000e+02 1.300003e-17 1.300003e-17
1.257000e+02 1.294493e-17 1.294493e-17
1.258000e+02 1.288871e-17 1.288871e-17
1.259000e+02 1.283143e-17 1.283143e-17
1.260000e+02 1.277316e-17 1.277316e-17
1.261000e+02 1.271395e-17 1.271395e-17
1.262000e+02 1.265387e-17 1.265387e-17
1.263000e+02 1.259298e-17 1.259298e-17
1.264000e+02 1.253135e-17 1.253135e-17
1.265000e+02 1.246904e-17 1.246904e-17
1.266000e+02 1.240612e-17 1.240612e-17
1.267000e+02 1.234265e-17 1.234265e-17
1.268000e+02 1.227872e-17 1.227872e-17
1.269000e+02 1.221438e-17 1.221438e-17
1.270000e+02 1.214972e-17 1.214972e-17
1.271000e+02 1.208480e-17 1.208480e-17
1.272000e+02 1.201971e-17 1.201971e-17
1.273000e+02 1.195451e-17 1.195451e-17
1.274000e+02 1.188929e-17 1.188929e-17
1.275000e+02 1.182412e-17 1.182412e-17
1.276000e+02 1.175909e-17 1.175909e-17
1.277000e+02 1.169427e-17 1.169427e-17
1.278000e+02 1.162975e-17 1.162975e-17
1.279000e+02 1.156561e-17 1.156561e-17
1.280000e+02 1.150194e-17 1.150194e-17
1.281000e+02 1.143881e-17 1.143881e-17
1.282000e+02 1.137633e-17 1.137633e-17
1.283000e+02 1.131456e-17 1.131456e-17
1.284000e+02 1.125361e-17 1.125361e-17
1.285000e+02 1.119357e-17 1.119357e-17
1.286000e+02 1.113451e-17 1.113451e-17
1.287000e+02 1.107655e-17 1.107655e-17
1.288000e+02 1.101976e-17 1.101976e-17
1.289000e+02 1.096424e-17 1.096424e-17
1.290000e+02 1.091008e-17 1.091008e-17
1.291000e+02 1.085739e-17 1.085739e-17
1.292000e+02 1.080625e-17 1.080625e-17
1.293000e+02 1.075677e-17 1.075677e-17
1.294000e+02 1.070904e-17 1.070904e-17
1.295000e+02 1.066317e-17 1.066317e-17
1.296000e+02 1.061924e-17 1.061924e-17
1.297000e+02 1.057737e-17 1.057737e-17
1.298000e+02 1.053765e-17 1.053765e-17
1.299000e+02 1.050018e-17 1.050018e-17
1.300000e+02 1.046507e-17 1.046507e-17
1.301000e+02 1.043242e-17 1.043242e-17
1.302000e+02 1.040234e-17 1.040234e-17
1.303000e+02 1.037493e-17 1.037493e-17
1.304000e+02 1.035029e-17 1.035029e-17
1.305000e+02 1.032854e-17 1.032854e-17
1.306000e+02 1.030977e-17 1.030977e-17
1.307000e+02 1.029410e-17 1.029410e-17
1.308000e+02 1.028164e-17 1.028164e-17
1.309000e+02 1.027249e-17 1.027249e-17
1.310000e+02 1.026676e-17 1.026676e-17
1.311000e+02 1.026456e-17 1.026456e-17
1.312000e+02 1.026600e-17 1.026600e-17
1.313000e+02 1.027120e-17 1.027120e-17
1.314000e+02 1.028026e-17 1.028026e-17
1.315000e+02 1.029330e-17 1.029330e-17
1.316000e+02 1.031042e-17 1.031042e-17
1.317000e+02 1.033174e-17 1.033174e-17
1.318000e+02 1.035738e-17 1.035738e-17
1.319000e+02 1.038743e-17 1.038743e-17
1.320000e+02 1.042203e-17 1.042203e-17
1.321000e+02 1.046127e-17 1.046127e-17
1.322000e+02 1.050528e-17 1.050528e-17
1.323000e+02 1.055416e-17 1.055416e-17
1.324000e+02 1.060804e-17 1.060804e-17
1.325000e+02 1.066702e-17 1.066702e-17
1.326000e+02 1.073121e-17 1.073121e-17
1.327000e+02 1.080074e-17 1.080074e-17
1.328000e+02 1.087572e-17 1.087572e-17
1.329000e+02 1.095625e-17 1.095625e-17
1.330000e+02 1.104246e-17 1.104246e-17
1.331000e+02 1.113445e-17 1.113445e-17
1.332000e+02 1.123234e-17 1.123234e-17
1.333000e+02 1.133625e-17 1.133625e-17
1.334000e+02 1.144627e-17 1.144627e-17
1.335000e+02 1.156254e-17 1.156254e-17
1.336000e+02 1.168515e-17 1.168515e-17
1.337000e+02 1.181422e-17 1.181422e-17
1.338000e+02 1.194987e-17 1.194987e-17
1.339000e+02 1.209219e-17 1.209219e-17
1.340000e+02 1.224130e-17 1.224130e-17
1.341000e+02 1.239731e-17 1.239731e-17
1.342000e+02 1.256033e-17 1.256033e-17
1.343000e+02 1.273046e-17 1.273046e-17
1.344000e+02 1.290781e-17 1.290781e-17
1.345000e+02 1.309248e-17 1.309248e-17
1.346000e+02 1.328459e-17 1.328459e-17
1.347000e+02 1.348423e-17 1.348423e-17
1.348000e+02 1.369150e-17 1.369150e-17
1.349000e+02 1.390651e-17 1.390651e-17
1.350000e+02 1.412936e-17 1.412936e-17
1.351000e+02 1.436014e-17 1.436014e-17
1.352000e+02 1.459894e-17 1.459894e-17
1.353000e+02 1.484588e-17 1.484588e-17
1.354000e+02 1.510103e-17 1.510103e-17
1.355000e+02 1.536449e-17 1.536449e-17
1.356000e+02 1.563636e-17 1.563636e-17
1.357000e+02 1.591671e-17 1.591671e-17
1.358000e+02 1.620564e-17 1.620564e-17
1.359000e+02 1.650322e-17 1.650322e-17
1.360000e+02 1.680955e-17 1.680955e-17
1.361000e+02 1.712470e-17 1.712470e-17
1.362000e+02 1.744875e-17 1.744875e-17
1.363000e+02 1.778177e-17 1.778177e-17
1.364000e+02 1.812384e-17 1.812384e-17
1.365000e+02 1.847502e-17 1.847502e-17
1.366000e+02 1.883539e-17 1.883539e-17
1.367000e+02 1.920500e-17 1.920500e-17
1.368000e+02 1.958393e-17 1.958393e-17
1.369000e+02 1.997222e-17 1.997222e-17
1.370000e+02 2.036994e-17 2.036994e-17
1.371000e+02 2.077714e-17 2.077714e-17
1.372000e+02 2.119386e-17 2.119386e-17
1.373000e+02 2.162015e-17 2.162015e-17
1.374000e+02 2.205606e-17 2.205606e-17
1.375000e+02 2.250162e-17 2.250162e-17
1.376000e+02 2.295686e-17 2.295686e-17
1.377000e+02 2.342183e-17 2.342183e-17
1.378000e+02 2.389654e-17 2.389654e-17
1.379000e+02 2.438103e-17 2.438103e-17
1.380000e+02 2.487530e-17 2.487530e-17
1.381000e+02 2.537938e-17 2.537938e-17
1.382000e+02 2.589328e-17 2.589328e-17
1.383000e+02 2.641700e-17 2.641700e-17
1.384000e+02 2.695055e-17 2.695055e-17
1.385000e+02 2.749391e-17 2.749391e-17
1.386000e+02 2.804710e-17 2.804710e-17
1.387000e+02 2.861009e-17 2.861009e-17
1.388000e+02 2.918286e-17 2.918286e-17
1.389000e+02 2.976541e-17 2.976541e-17
1.390000e+02 3.035769e-17 3.035769e-17
1.391000e+02 3.095968e-17 3.095968e-17
1.392000e+02 3.157135e-17 3.157135e-17
1.393000e+02 3.219264e-17 3.219264e-17
1.394000e+02 3.282352e-17 3.282352e-17
1.395000e+02 3.346392e-17 3.346392e-17
1.396000e+02 3.411380e-17 3.411380e-17
1.397000e+02 3.477309e-17 3.477309e-17
1.398000e+02 3.544171e-17 3.544171e-17
1.399000e+02 3.611960e-17 3.611960e-17
1.400000e+02 3.680667e-17 3.680667e-17
1.401000e+02 3.750283e-17 3.750283e-17
1.402000e+02 3.820800e-17 3.820800e-17
1.403000e+02 3.892207e-17 3.892207e-17
1.404000e+02 3.964494e-17 3.964494e-17
1.405000e+02 4.037650e-17 4.037650e-17
1.406000e+02 4.111664e-17 4.111664e-17
1.407000e+02 4.186522e-17 4.186522e-17
1.408000e+02 4.262212e-17 4.262212e-17
1.409000e+02 4.338721e-17 4.338721e-17
1.410000e+02 4.416035e-17 4.416035e-17
1.411000e+02 4.494137e-17 4.494137e-17
1.412000e+02 4.573015e-17 4.573015e-17
1.413000e+02 4.652650e-17 4.652650e-17
1.414000e+02 4.733027e-17 4.733027e-17
1.415000e+02 4.814128e-17 4.814128e-17
1.416000e+02 4.895935e-17 4.895935e-17
1.417000e+02 4.978431e-17 4.978431e-17
1.418000e+02 5.061595e-17 5.061595e-17
1.419000e+02 5.145408e-17 5.145408e-17
1.420000e+02 5.229849e-17 5.229849e-17
1.421000e+02 5.314898e-17 5.314898e-17
1.422000e+02 5.400533e-17 5.400533e-17
1.423000e+02 5.486732e-17 5.486732e-17
1.424000e+02 5.573471e-17 5.573471e-17
1.425000e+02 5.660727e-17 5.660727e-17
1.426000e+02 5.748477e-17 5.748477e-17
1.427000e+02 5.836696e-17 5.836696e-17
1.428000e+02 5.925357e-17 5.925357e-17
1.429000e+02 6.014437e-17 6.014437e-17
1.430000e+02 6.103908e-17 6.103908e-17
1.431000e+02 6.193743e-17 6.193743e-17
1.432000e+02 6.283915e-17 6.283915e-17
1.433000e+02 6.374395e-17 6.374395e-17
1.434000e+02 6.465157e-17 6.465157e-17
1.435000e+02 6.556169e-17 6.556169e-17
1.436000e+02 6.647404e-17 6.647404e-17
1.437000e+02 6.738830e-17 6.738830e-17
1.438000e+02 6.830417e-17 6.830417e-17
1.439000e+02 6.922134e-17 6.922134e-17
1.440000e+02 7.013951e-17 7.013951e-17
1.441000e+02 7.105834e-17 7.105834e-17
1.442000e+02 7.197752e-17 7.197752e-17
1.443000e+02 7.289672e-17 7.289672e-17
1.444000e+02 7.381561e-17 7.381561e-17
1.445000e+02 7.473386e-17 7.473386e-17
1.446000e+02 7.565112e-17 7.565112e-17
1.447000e+02 7.656705e-17 7.656705e-17
1.448000e+02 7.748132e-17 7.748132e-17
1.449000e+02 7.839357e-17 7.839357e-17
1.450000e+02 7.930345e-17 7.930345e-17
1.451000e+02 8.021062e-17 8.021062e-17
1.452000e+02 8.111471e-17 8.111471e-17
1.453000e+02 8.201536e-17 8.201536e-17
1.454000e+02 8.291223e-17 8.291223e-17
1.455000e+02 8.380494e-17 8.380494e-17
1.456000e+02 8.469314e-17 8.469314e-17
1.457000e+02 8.557646e-17 8.557646e-17
1.458000e+02 8.645453e-17 8.645453e-17
1.459000e+02 8.732700e-17 8.732700e-17
1.460000e+02 8.819349e-17 8.819349e-17
1.461000e+02 8.905364e-17 8.905364e-17
1.462000e+02 8.990708e-17 8.990708e-17
1.463000e+02 9.075345e-17 9.075345e-17
1.464000e+02 9.159237e-17 9.159237e-17
1.465000e+02 9.242349e-17 9.242349e-17
1.466000e+02 9.324644e-17 9.324644e-17
1.467000e+02 9.406085e-17 9.406085e-17
1.468000e+02 9.486637e-17 9.486637e-17
1.469000e+02 9.566263e-17 9.566263e-17
1.470000e+02 9.644927e-17 9.644927e-17
1.471000e+02 9.722595e-17 9.722595e-17
1.472000e+02 9.799229e-17 9.799229e-17
1.473000e+02 9.874797e-17 9.874797e-17
1.474000e+02 9.949261e-17 9.949261e-17
1.475000e+02 1.002259e-16 1.002259e-16
1.476000e+02 1.009475e-16 1.009475e-16
1.477000e+02 1.016570e-16 1.016570e-16
1.478000e+02 1.023541e-16 1.023541e-16
1.479000e+02 1.030385e-16 1.030385e-16
1.480000e+02 1.037099e-16 1.037099e-16
1.481000e+02 1.043680e-16 1.043680e-16
1.482000e+02 1.050123e-16 1.050123e-16
1.483000e+02 1.056427e-16 1.056427e-16
1.484000e+02 1.062588e-16 1.062588e-16
1.485000e+02 1.068603e-16 1.068603e-16
1.486000e+02 1.074469e-16 1.074469e-16
1.487000e+02 1.080184e-16 1.080184e-16
1.488000e+02 1.085744e-16 1.085744e-16
1.489000e+02 1.091147e-16 1.091147e-16
1.490000e+02 1.096389e-16 1.096389e-16
1.491000e+02 1.101470e-16 1.101470e-16
1.492000e+02 1.106385e-16 1.106385e-16
1.493000e+02 1.111133e-16 1.111133e-16
1.494000e+02 1.115712e-16 1.115712e-16
1.495000e+02 1.120118e-16 1.120118e-16
1.496000e+02 1.124349e-16 1.124349e-16
1.497000e+02 1.128404e-16 1.128404e-16
1.498000e+02 1.132281e-16 1.132281e-16
1.499000e+02 1.135977e-16 1.135977e-16
1.500000e+02 1.139491e-16 1.139491e-16
1.501000e+02 1.142820e-16 1.142820e-16
1.502000e+02 1.145964e-16 1.145964e-16
1.503000e+02 1.148920e-16 1.148920e-16
1.504000e+02 1.151687e-16 1.151687e-16
1.505000e+02 1.154263e-16 1.154263e-16
1.506000e+02 1.156648e-16 1.156648e-16
1.507000e+02 1.158840e-16 1.158840e-16
1.508000e+02 1.160837e-16 1.160837e-16
1.509000e+02 1.162640e-16 1.162640e-16
1.510000e+02 1.164246e-16 1.164246e-16
1.511000e+02 1.165656e-16 1.165656e-16
1.512000e+02 1.166867e-16 1.166867e-16
1.513000e+02 1.167881e-16 1.167881e-16
1.514000e+02 1.168695e-16 1.168695e-16
1.515000e+02 1.169310e-16 1.169310e-16
1.516000e+02 1.169726e-16 1.169726e-16
1.517000e+02 1.169942e-16 1.169942e-16
1.518000e+02 1.169957e-16 1.169957e-16
1.519000e+02 1.169773e-16 1.169773e-16
1.520000e+02 1.169389e-16 1.169389e-16
1.521000e+02 1.168805e-16 1.168805e-16
1.522000e+02 1.168022e-16 1.168022e-16
1.523000e+02 1.167040e-16 1.167040e-16
1.524000e+02 1.165859e-16 1.165859e-16
1.525000e+02 1.164480e-16 1.164480e-16
1.526000e+02 1.162904e-16 1.162904e-16
1.527000e+02 1.161131e-16 1.161131e-16
1.528000e+02 1.159163e-16 1.159163e-16
1.529000e+02 1.157001e-16 1.157001e-16
1.530000e+02 1.154645e-16 1.154645e-16
1.531000e+02 1.152097e-16 1.152097e-16
1.532000e+02 1.149357e-16 1.149357e-16
1.533000e+02 1.146428e-16 1.146428e-16
1.534000e+02 1.143311e-16 1.143311e-16
1.535000e+02 1.140008e-16 1.140008e-16
1.536000e+02 1.136519e-16 1.136519e-16
1.537000e+02 1.132848e-16 1.132848e-16
1.538000e+02 1.128995e-16 1.128995e-16
1.539000e+02 1.124963e-16 1.124963e-16
1.540000e+02 1.120753e-16 1.120753e-16
1.541000e+02 1.116368e-16 1.116368e-16
1.542000e+02 1.111811e-16 1.111811e-16
1.543000e+02 1.107082e-16 1.107082e-16
1.544000e+02 1.102185e-16 1.102185e-16
1.545000e+02 1.097122e-16 1.097122e-16
1.546000e+02 1.091895e-16 1.091895e-16
1.547000e+02 1.086507e-16 1.086507e-16
1.548000e+02 1.080961e-16 1.080961e-16
1.549000e+02 1.075259e-16 1.075259e-16
1.550000e+02 1.069404e-16 1.069404e-16
1.551000e+02 1.063400e-16 1.063400e-16
1.552000e+02 1.057248e-16 1.057248e-16
1.553000e+02 1.050951e-16 1.050951e-16
1.554000e+02 1.044514e-16 1.044514e-16
1.555000e+02 1.037938e-16 1.037938e-16
1.556000e+02 1.031228e-16 1.031228e-16
1.557000e+02 1.024385e-16 1.024385e-16
1.558000e+02 1.017413e-16 1.017413e-16
1.559000e+02 1.010317e-16 1.010317e-16
1.560000e+02 1.003098e-16 1.003098e-16
1.561000e+02 9.957599e-17 9.957599e-17
1.562000e+02 9.883067e-17 9.883067e-17
1.563000e+02 9.807414e-17 9.807414e-17
1.564000e+02 9.730675e-17 9.730675e-17
1.565000e+02 9.652884e-17 9.652884e-17
1.566000e+02 9.574077e-17 9.574077e-17
1.567000e+02 9.494288e-17 9.494288e-17
1.568000e+02 9.413554e-17 9.413554e-17
1.569000e+02 9.331909e-17 9.331909e-17
1.570000e+02 9.249389e-17 9.249389e-17
1.571000e+02 9.166030e-17 9.166030e-17
1.572000e+02 9.081868e-17 9.081868e-17
1.573000e+02 8.996939e-17 8.996939e-17
1.574000e+02 8.911279e-17 8.911279e-17
1.575000e+02 8.824924e-17 8.824924e-17
1.576000e+02 8.737911e-17 8.737911e-17
1.577000e+02 8.650275e-17 8.650275e-17
1.578000e+02 8.562053e-17 8.562053e-17
1.579000e+02 8.473280e-17 8.473280e-17
1.580000e+02 8.383993e-17 8.383993e-17
1.581000e+02 8.294227e-17 8.294227e-17
1.582000e+02 8.204019e-17 8.204019e-17
1.583000e+02 8.113402e-17 8.113402e-17
1.584000e+02 8.022414e-17 8.022414e-17
1.585000e+02 7.931089e-17 7.931089e-17
1.586000e+02 7.839461e-17 7.839461e-17
1.587000e+02 7.747567e-17 7.747567e-17
1.588000e+02 7.655439e-17 7.655439e-17
1.589000e+02 7.563112e-17 7.563112e-17
1.590000e+02 7.470620e-17 7.470620e-17
1.591000e+02 7.377996e-17 7.377996e-17
1.592000e+02 7.285274e-17 7.285274e-17
1.593000e+02 7.192487e-17 7.192487e-17
1.594000e+02 7.099665e-17 7.099665e-17
1.595000e+02 7.006843e-17 7.006843e-17
1.596000e+02 6.914051e-17 6.914051e-17
1.597000e+02 6.821320e-17 6.821320e-17
1.598000e+02 6.728681e-17 6.728681e-17
1.599000e+02 6.636164e-17 6.636164e-17
1.600000e+02 6.543800e-17 6.543800e-17
1.601000e+02 6.451617e-17 6.451617e-17
1.602000e+02 6.359644e-17 6.359644e-17
1.603000e+02 6.267909e-17 6.267909e-17
1.604000e+02 6.176441e-17 6.176441e-17
1.605000e+02 6.085266e-17 6.085266e-17
1.606000e+02 5.994410e-17 5.994410e-17
1.607000e+02 5.903901e-17 5.903901e-17
1.608000e+02 5.813763e-17 5.813763e-17
1.609000e+02 5.724022e-17 5.724022e-17
1.610000e+02 5.634702e-17 5.634702e-17
1.611000e+02 5.545826e-17 5.545826e-17
1.612000e+02 5.457418e-17 5.457418e-17
1.613000e+02 5.369500e-17 5.369500e-17
1.614000e+02 5.282095e-17 5.282095e-17
1.615000e+02 5.195223e-17 5.195223e-17
1.616000e+02 5.108905e-17 5.108905e-17
1.617000e+02 5.023162e-17 5.023162e-17
1.618000e+02 4.938013e-17 4.938013e-17
1.619000e+02 4.853477e-17 4.853477e-17
1.620000e+02 4.769571e-17 4.769571e-17
1.621000e+02 4.686314e-17 4.686314e-17
1.622000e+02 4.603722e-17 4.603722e-17
1.623000e+02 4.521812e-17 4.521812e-17
1.624000e+02 4.440599e-17 4.440599e-17
1.625000e+02 4.360098e-17 4.360098e-17
1.626000e+02 4.280325e-17 4.280325e-17
1.627000e+02 4.201291e-17 4.201291e-17
1.628000e+02 4.123012e-17 4.123012e-17
1.629000e+02 4.045498e-17 4.045498e-17
1.630000e+02 3.968762e-17 3.968762e-17
1.631000e+02 3.892816e-17 3.892816e-17
1.632000e+02 3.817670e-17 3.817670e-17
1.633000e+02 3.743333e-17 3.743333e-17
1.634000e+02 3.669816e-17 3.669816e-17
1.635000e+02 3.597127e-17 3.597127e-17
1.636000e+02 3.525274e-17 3.525274e-17
1.637000e+02 3.454266e-17 3.454266e-17
1.638000e+02 3.384108e-17 3.384108e-17
1.639000e+02 3.314808e-17 3.314808e-17
1.640000e+02 3.246372e-17 3.246372e-17
1.641000e+02 3.178804e-17 3.178804e-17
1.642000e+02 3.112110e-17 3.112110e-17
1.643000e+02 3.046294e-17 3.046294e-17
1.644000e+02 2.981360e-17 2.981360e-17
1.645000e+02 2.917310e-17 2.917310e-17
1.646000e+02 2.854148e-17 2.854148e-17
1.647000e+02 2.791876e-17 2.791876e-17
1.648000e+02 2.730494e-17 2.730494e-17
1.649000e+02 2.670006e-17 2.670006e-17
1.650000e+02 2.610410e-17 2.610410e-17
1.651000e+02 2.551708e-17 2.551708e-17
1.652000e+02 2.493900e-17 2.493900e-17
1.653000e+02 2.436983e-17 2.436983e-17
1.654000e+02 2.380959e-17 2.380959e-17
1.655000e+02 2.325824e-17 2.325824e-17
1.656000e+02 2.271577e-17 2.271577e-17
1.657000e+02 2.218215e-17 2.218215e-17
1.658000e+02 2.165737e-17 2.165737e-17
1.659000e+02 2.114138e-17 2.114138e-17
1.660000e+02 2.063415e-17 2.063415e-17
1.661000e+02 2.013565e-17 2.013565e-17
1.662000e+02 1.964582e-17 1.964582e-17
1.663000e+02 1.916464e-17 1.916464e-17
1.664000e+02 1.869204e-17 1.869204e-17
1.665000e+02 1.822797e-17 1.822797e-17
1.666000e+02 1.777238e-17 1.777238e-17
1.667000e+02 1.732522e-17 1.732522e-17
1.668000e+02 1.688641e-17 1.688641e-17
1.669000e+02 1.645590e-17 1.645590e-17
1.670000e+02 1.603363e-17 1.603363e-17
1.671000e+02 1.561951e-17 1.561951e-17
1.672000e+02 1.521349e-17 1.521349e-17
1.673000e+02 1.481549e-17 1.481549e-17
1.674000e+02 1.442543e-17 1.442543e-17
1.675000e+02 1.404323e-17 1.404323e-17
1.676000e+02 1.366882e-17 1.366882e-17
1.677000e+02 1.330212e-17 1.330212e-17
1.678000e+02 1.294304e-17 1.294304e-17
1.679000e+02 1.259150e-17 1.259150e-17
1.680000e+02 1.224741e-17 1.224741e-17
1.681000e+02 1.191068e-17 1.191068e-17
1.682000e+02 1.158123e-17 1.158123e-17
1.683000e+02 1.125897e-17 1.125897e-17
1.684000e+02 1.094380e-17 1.094380e-17
1.685000e+02 1.063563e-17 1.063563e-17
1.686000e+02 1.033437e-17 1.033437e-17
1.687000e+02 1.003993e-17 1.003993e-17
1.688000e+02 9.752201e-18 9.752201e-18
1.689000e+02 9.471101e-18 9.471101e-18
1.690000e+02 9.196530e-18 9.196530e-18
1.691000e+02 8.928390e-18 8.928390e-18
1.692000e+02 8.666585e-18 8.666585e-18
1.693000e+02 8.411018e-18 8.411018e-18
1.694000e+02 8.161589e-18 8.161589e-18
1.695000e+02 7.918203e-18 7.918203e-18
1.696000e+02 7.680759e-18 7.680759e-18
1.697000e+02 7.449161e-18 7.449161e-18
1.698000e+02 7.223310e-18 7.223310e-18
1.699000e+02 7.003108e-18 7.003108e-18
1.700000e+02 6.788457e-18 6.788457e-18
1.701000e+02 6.579259e-18 6.579259e-18
1.702000e+02 6.375416e-18 6.375416e-18
1.703000e+02 6.176832e-18 6.176832e-18
1.704000e+02 5.983409e-18 5.983409e-18
1.705000e+02 5.795052e-18 5.795052e-18
1.706000e+02 5.611663e-18 5.611663e-18
1.707000e+02 5.433148e-18 5.433148e-18
1.708000e+02 5.259411e-18 5.259411e-18
1.709000e+02 5.090359e-18 5.090359e-18
1.710000e+02 4.925898e-18 4.925898e-18
1.711000e+02 4.765934e-18 4.765934e-18
1.712000e+02 4.610376e-18 4.610376e-18
1.713000e+02 4.459132e-18 4.459132e-18
1.714000e+02 4.312111e-18 4.312111e-18
1.715000e+02 4.169225e-18 4.169225e-18
1.716000e+02 4.030383e-18 4.030383e-18
1.717000e+02 3.895498e-18 3.895498e-18
1.718000e+02 3.764483e-18 3.764483e-18
1.719000e+02 3.637251e-18 3.637251e-18
1.720000e+02 3.513719e-18 3.513719e-18
1.721000e+02 3.393801e-18 3.393801e-18
1.722000e+02 3.277415e-18 3.277415e-18
1.723000e+02 3.164478e-18 3.164478e-18
1.724000e+02 3.054911e-18 3.054911e-18
1.725000e+02 2.948632e-18 2.948632e-18
1.726000e+02 2.845563e-18 2.845563e-18
1.727000e+02 2.745628e-18 2.745628e-18
1.728000e+02 2.648749e-18 2.648749e-18
1.729000e+02 2.554851e-18 2.554851e-18
1.730000e+02 2.463859e-18 2.463859e-18
1.731000e+02 2.375702e-18 2.375702e-18
1.732000e+02 2.290307e-18 2.290307e-18
1.733000e+02 2.207604e-18 2.207604e-18
1.734000e+02 2.127523e-18 2.127523e-18
1.735000e+02 2.049996e-18 2.049996e-18
1.736000e+02 1.974957e-18 1.974957e-18
1.737000e+02 1.902338e-18 1.902338e-18
1.738000e+02 1.832076e-18 1.832076e-18
1.739000e+02 1.764107e-18 1.764107e-18
1.740000e+02 1.698369e-18 1.698369e-18
1.741000e+02 1.634801e-18 1.634801e-18
1.742000e+02 1.573343e-18 1.573343e-18
1.743000e+02 1.513936e-18 1.513936e-18
1.744000e+02 1.456523e-18 1.456523e-18
1.745000e+02 1.401048e-18 1.401048e-18
1.746000e+02 1.347454e-18 1.347454e-18
1.747000e+02 1.295690e-18 1.295690e-18
1.748000e+02 1.245700e-18 1.245700e-18
1.749000e+02 1.197434e-18 1.197434e-18
1.750000e+02 1.150842e-18 1.150842e-18
1.751000e+02 1.105873e-18 1.105873e-18
1.752000e+02 1.062479e-18 1.062479e-18
1.753000e+02 1.020613e-18 1.020613e-18
1.754000e+02 9.802295e-19 9.802295e-19
1.755000e+02 9.412826e-19 9.412826e-19
1.756000e+02 9.037284e-19 9.037284e-19
1.757000e+02 8.675240e-19 8.675240e-19
1.758000e+02 8.326275e-19 8.326275e-19
1.759000e+02 7.989980e-19 7.989980e-19
1.760000e+02 7.665955e-19 7.665955e-19
1.761000e+02 7.353813e-19 7.353813e-19
1.762000e+02 7.053173e-19 7.053173e-19
1.763000e+02 6.763666e-19 6.763666e-19
1.764000e+02 6.484932e-19 6.484932e-19
1.765000e+02 6.216621e-19 6.216621e-19
1.766000e+02 5.958391e-19 5.958391e-19
1.767000e+02 5.709911e-19 5.709911e-19
1.768000e+02 5.470856e-19 5.470856e-19
1.769000e+02 5.240913e-19 5.240913e-19
1.770000e+02 5.019776e-19 5.019776e-19
1.771000e+02 4.807146e-19 4.807146e-19
1.772000e+02 4.602735e-19 4.602735e-19
1.773000e+02 4.406262e-19 4.406262e-19
1.774000e+02 4.217454e-19 4.217454e-19
1.775000e+02 4.036045e-19 4.036045e-19
1.776000e+02 3.861779e-19 3.861779e-19
1.777000e+02 3.694404e-19 3.694404e-19
1.778000e+02 3.533679e-19 3.533679e-19
1.779000e+02 3.379368e-19 3.379368e-19
1.780000e+02 3.231243e-19 3.231243e-19
1.781000e+02 3.089081e-19 3.089081e-19
1.782000e+02 2.952669e-19 2.952669e-19
1.783000e+02 2.821797e-19 2.821797e-19
1.784000e+02 2.696265e-19 2.696265e-19
1.785000e+02 2.575876e-19 2.575876e-19
1.786000e+02 2.460442e-19 2.460442e-19
1.787000e+02 2.349778e-19 2.349778e-19
1.788000e+02 2.243708e-19 2.243708e-19
1.789000e+02 2.142059e-19 2.142059e-19
1.790000e+02 2.044665e-19 2.044665e-19
1.791000e+02 1.951365e-19 1.951365e-19
1.792000e+02 1.862005e-19 1.862005e-19
1.793000e+02 1.776432e-19 1.776432e-19
1.794000e+02 1.694502e-19 1.694502e-19
1.795000e+02 1.616074e-19 1.616074e-19
1.796000e+02 1.541012e-19 1.541012e-19
1.797000e+02 1.469185e-19 1.469185e-19
1.798000e+02 1.400466e-19 1.400466e-19
1.799000e+02 1.334733e-19 1.334733e-19
1.800000e+02 1.271868e-19 1.271868e-19
1.801000e+02 1.211756e-19 1.211756e-19
1.802000e+02 1.154288e-19 1.154288e-19
1.803000e+02 1.099357e-19 1.099357e-19
1.804000e+02 1.046860e-19 1.046860e-19
1.805000e+02 9.967004e-20 9.967004e-20
1.806000e+02 9.487815e-20 9.487815e-20
1.807000e+02 9.030118e-20 9.030118e-20
1.808000e+02 8.593030e-20 8.593030e-20
1.809000e+02 8.175699e-20 8.175699e-20
1.810000e+02 7.777305e-20 7.777305e-20
1.811000e+02 7.397058e-20 7.397058e-20
1.812000e+02 7.034198e-20 7.034198e-20
1.813000e+02 6.687994e-20 6.687994e-20
1.814000e+02 6.357740e-20 6.357740e-20
1.815000e+02 6.042761e-20 6.042761e-20
1.816000e+02 5.742403e-20 5.742403e-20
1.817000e+02 5.456041e-20 5.456041e-20
1.818000e+02 5.183072e-20 5.183072e-20
1.819000e+02 4.922917e-20 4.922917e-20
1.820000e+02 4.675020e-20 4.675020e-20
1.821000e+02 4.438847e-20 4.438847e-20
1.822000e+02 4.213883e-20 4.213883e-20
1.823000e+02 3.999636e-20 3.999636e-20
1.824000e+02 3.795632e-20 3.795632e-20
1.825000e+02 3.601417e-20 3.601417e-20
1.826000e+02 3.416555e-20 3.416555e-20
1.827000e+02 3.240628e-20 3.240628e-20
1.828000e+02 3.073233e-20 3.073233e-20
1.829000e+02 2.913986e-20 2.913986e-20
1.830000e+02 2.762518e-20 2.762518e-20
1.831000e+02 2.618476e-20 2.618476e-20
1.832000e+02 2.481519e-20 2.481519e-20
1.833000e+02 2.351323e-20 2.351323e-20
1.834000e+02 2.227577e-20 2.227577e-20
1.835000e+02 2.109982e-20 2.109982e-20
1.836000e+02 1.998253e-20 1.998253e-20
1.837000e+02 1.892117e-20 1.892117e-20
1.838000e+02 1.791311e-20 1.791311e-20
1.839000e+02 1.695586e-20 1.695586e-20
1.840000e+02 1.604701e-20 1.604701e-20
1.841000e+02 1.518428e-20 1.518428e-20
1.842000e+02 1.436548e-20 1.436548e-20
1.843000e+02 1.358850e-20 1.358850e-20
1.844000e+02 1.285134e-20 1.285134e-20
1.845000e+02 1.215210e-20 1.215210e-20
1.846000e+02 1.148894e-20 1.148894e-20
1.847000e+02 1.086010e-20 1.086010e-20
1.848000e+02 1.026393e-20 1.026393e-20
1.849000e+02 9.698827e-21 9.698827e-21
1.850000e+02 9.163268e-21 9.163268e-21
1.851000e+02 8.655800e-21 8.655800e-21
1.852000e+02 8.175036e-21 8.175036e-21
1.853000e+02 7.719654e-21 7.719654e-21
1.854000e+02 7.288392e-21 7.288392e-21
1.855000e+02 6.880044e-21 6.880044e-21
1.856000e+02 6.493464e-21 6.493464e-21
1.857000e+02 6.127556e-21 6.127556e-21
1.858000e+02 5.781277e-21 5.781277e-21
1.859000e+02 5.453634e-21 5.453634e-21
1.860000e+02 5.143679e-21 5.143679e-21
1.861000e+02 4.850510e-21 4.850510e-21
1.862000e+02 4.573268e-21 4.573268e-21
1.863000e+02 4.311134e-21 4.311134e-21
1.864000e+02 4.063330e-21 4.063330e-21
1.865000e+02 3.829115e-21 3.829115e-21
1.866000e+02 3.607782e-21 3.607782e-21
1.867000e+02 3.398661e-21 3.398661e-21
1.868000e+02 3.201114e-21 3.201114e-21
1.869000e+02 3.014533e-21 3.014533e-21
1.870000e+02 2.838342e-21 2.838342e-21
1.871000e+02 2.671991e-21 2.671991e-21
1.872000e+02 2.514959e-21 2.514959e-21
1.873000e+02 2.366751e-21 2.366751e-21
1.874000e+02 2.226896e-21 2.226896e-21
1.875000e+02 2.094946e-21 2.094946e-21
1.876000e+02 1.970477e-21 1.970477e-21
1.877000e+02 1.853087e-21 1.853087e-21
1.878000e+02 1.742392e-21 1.742392e-21
1.879000e+02 1.638028e-21 1.638028e-21
1.880000e+02 1.539653e-21 1.539653e-21
1.881000e+02 1.446938e-21 1.446938e-21
1.882000e+02 1.359573e-21 1.359573e-21
1.883000e+02 1.277264e-21 1.277264e-21
1.884000e+02 1.199734e-21 1.199734e-21
1.885000e+02 1.126716e-21 1.126716e-21
1.886000e+02 1.057962e-21 1.057962e-21
1.887000e+02 9.932326e-22 9.932326e-22
1.888000e+02 9.323043e-22 9.323043e-22
1.889000e+02 8.749638e-22 8.749638e-22
1.890000e+02 8.210094e-22 8.210094e-22
1.891000e+02 7.702503e-22 7.702503e-22
1.892000e+02 7.225057e-22 7.225057e-22
1.893000e+02 6.776047e-22 6.776047e-22
1.894000e+02 6.353853e-22 6.353853e-22
1.895000e+02 5.956945e-22 5.956945e-22
1.896000e+02 5.583875e-22 5.583875e-22
1.897000e+02 5.233274e-22 5.233274e-22
1.898000e+02 4.903847e-22 4.903847e-22
1.899000e+02 4.594371e-22 4.594371e-22
1.900000e+02 4.303688e-22 4.303688e-22
1.901000e+02 4.030708e-22 4.030708e-22
1.902000e+02 3.774396e-22 3.774396e-22
1.903000e+02 3.533778e-22 3.533778e-22
1.904000e+02 3.307933e-22 3.307933e-22
1.905000e+02 3.095992e-22 3.095992e-22
1.906000e+02 2.897135e-22 2.897135e-22
1.907000e+02 2.710586e-22 2.710586e-22
1.908000e+02 2.535616e-22 2.535616e-22
1.909000e+02 2.371533e-22 2.371533e-22
1.910000e+02 2.217690e-22 2.217690e-22
1.911000e+02 2.073471e-22 2.073471e-22
1.912000e+02 1.938299e-22 1.938299e-22
1.913000e+02 1.811629e-22 1.811629e-22
1.914000e+02 1.692948e-22 1.692948e-22
1.915000e+02 1.581771e-22 1.581771e-22
1.916000e+02 1.477641e-22 1.477641e-22
1.917000e+02 1.380131e-22 1.380131e-22
1.918000e+02 1.288835e-22 1.288835e-22
1.919000e+02 1.203372e-22 1.203372e-22
1.920000e+02 1.123383e-22 1.123383e-22
1.921000e+02 1.048533e-22 1.048533e-22
1.922000e+02 9.785016e-23 9.785016e-23
1.923000e+02 9.129917e-23 9.129917e-23
1.924000e+02 8.517218e-23 8.517218e-23
1.925000e+02 7.944277e-23 7.944277e-23
1.926000e+02 7.408609e-23 7.408609e-23
1.927000e+02 6.907878e-23 6.907878e-23
1.928000e+02 6.439887e-23 6.439887e-23
1.929000e+02 6.002575e-23 6.002575e-23
1.930000e+02 5.594001e-23 5.594001e-23
1.931000e+02 5.212346e-23 5.212346e-23
1.932000e+02 4.855898e-23 4.855898e-23
1.933000e+02 4.523052e-23 4.523052e-23
1.934000e+02 4.212299e-23 4.212299e-23
1.935000e+02 3.922226e-23 3.922226e-23
1.936000e+02 3.651502e-23 3.651502e-23
1.937000e+02 3.398884e-23 3.398884e-23
1.938000e+02 3.163200e-23 3.163200e-23
1.939000e+02 2.943355e-23 2.943355e-23
1.940000e+02 2.738321e-23 2.738321e-23
1.941000e+02 2.547134e-23 2.547134e-23
1.942000e+02 2.368890e-23 2.368890e-23
1.943000e+02 2.202742e-23 2.202742e-23
1.944000e+02 2.047896e-23 2.047896e-23
1.945000e+02 1.903610e-23 1.903610e-23
1.946000e+02 1.769187e-23 1.769187e-23
1.947000e+02 1.643975e-23 1.643975e-23
1.948000e+02 1.527363e-23 1.527363e-23
1.949000e+02 1.418780e-23 1.418780e-23
1.950000e+02 1.317691e-23 1.317691e-23
1.951000e+02 1.223595e-23 1.223595e-23
1.952000e+02 1.136024e-23 1.136024e-23
1.953000e+02 1.054540e-23 1.054540e-23
1.954000e+02 9.787326e-24 9.787326e-24
1.955000e+02 9.082196e-24 9.082196e-24
1.956000e+02 8.426424e-24 8.426424e-24
1.957000e+02 7.816665e-24 7.816665e-24
1.958000e+02 7.249788e-24 7.249788e-24
1.959000e+02 6.722871e-24 6.722871e-24
1.960000e+02 6.233184e-24 6.233184e-24
1.961000e+02 5.778177e-24 5.778177e-24
1.962000e+02 5.355467e-24 5.355467e-24
1.963000e+02 4.962832e-24 4.962832e-24
1.964000e+02 4.598195e-24 4.598195e-24
1.965000e+02 4.259621e-24 4.259621e-24
1.966000e+02 3.945301e-24 3.945301e-24
1.967000e+02 3.653550e-24 3.653550e-24
1.968000e+02 3.382794e-24 3.382794e-24
1.969000e+02 3.131568e-24 3.131568e-24
1.970000e+02 2.898503e-24 2.898503e-24
1.971000e+02 2.682324e-24 2.682324e-24
1.972000e+02 2.481844e-24 2.481844e-24
1.973000e+02 2.295955e-24 2.295955e-24
1.974000e+02 2.123626e-24 2.123626e-24
1.975000e+02 1.963895e-24 1.963895e-24
1.976000e+02 1.815868e-24 1.815868e-24
1.977000e+02 1.678711e-24 1.678711e-24
1.978000e+02 1.551648e-24 1.551648e-24
1.979000e+02 1.433957e-24 1.433957e-24
1.980000e+02 1.324966e-24 1.324966e-24
1.981000e+02 1.224050e-24 1.224050e-24
1.982000e+02 1.130626e-24 1.130626e-24
1.983000e+02 1.044154e-24 1.044154e-24
1.984000e+02 9.641310e-25 9.641310e-25
1.985000e+02 8.900882e-25 8.900882e-25
1.986000e+02 8.215911e-25 8.215911e-25
1.987000e+02 7.582354e-25 7.582354e-25
1.988000e+02 6.996455e-25 6.996455e-25
1.989000e+02 6.454725e-25 6.454725e-25
1.990000e+02 5.953922e-25 5.953922e-25
1.991000e+02 5.491034e-25 5.491034e-25
1.992000e+02 5.063267e-25 5.063267e-25
1.993000e+02 4.668026e-25 4.668026e-25
1.994000e+02 4.302901e-25 4.302901e-25
1.995000e+02 3.965656e-25 3.965656e-25
1.996000e+02 3.654218e-25 3.654218e-25
1.997000e+02 3.366662e-25 3.366662e-25
1.998000e+02 3.101203e-25 3.101203e-25
