# Cross sections for CH+
# From the Leiden database for photodissociation and photoionization of astrophysically relevant molecules, http://home.strw.leidenuniv.nl/~ewine/photo/
# Converted from earlier Leiden database cross sections by Alan Heays 2016-10-25
# Photodissociation source: CH+ PHOTODISSOCIATION CF KIRBY ET AL. (1980)
# Lines represented with gaussian of width 1.0 nm FWHM
# wavelength: (nm)
# photoabsorption:    cross section (cm2)
# photodissociation:  cross section (cm2)
# This version has been resampled to a uniform 0.1nm grid while maintaining a constant integrated cross section (using trapezoidal integration).
# wavelength photoabsorption photodissociation
9.120000e+01 1.850000e-17 1.850000e-17
9.130000e+01 1.881250e-17 1.881250e-17
9.140000e+01 1.912500e-17 1.912500e-17
9.150000e+01 1.943750e-17 1.943750e-17
9.160000e+01 1.975000e-17 1.975000e-17
9.170000e+01 2.006250e-17 2.006250e-17
9.180000e+01 2.037500e-17 2.037500e-17
9.190000e+01 2.068750e-17 2.068750e-17
9.200000e+01 2.100000e-17 2.100000e-17
9.210000e+01 2.124000e-17 2.124000e-17
9.220000e+01 2.148000e-17 2.148000e-17
9.230000e+01 2.172000e-17 2.172000e-17
9.240000e+01 2.196000e-17 2.196000e-17
9.250000e+01 2.220000e-17 2.220000e-17
9.260000e+01 2.244000e-17 2.244000e-17
9.270000e+01 2.268000e-17 2.268000e-17
9.280000e+01 2.292000e-17 2.292000e-17
9.290000e+01 2.316000e-17 2.316000e-17
9.300000e+01 2.340000e-17 2.340000e-17
9.310000e+01 2.364000e-17 2.364000e-17
9.320000e+01 2.388000e-17 2.388000e-17
9.330000e+01 2.412000e-17 2.412000e-17
9.340000e+01 2.436000e-17 2.436000e-17
9.350000e+01 2.460000e-17 2.460000e-17
9.360000e+01 2.484000e-17 2.484000e-17
9.370000e+01 2.508000e-17 2.508000e-17
9.380000e+01 2.532000e-17 2.532000e-17
9.390000e+01 2.556000e-17 2.556000e-17
9.400000e+01 2.580000e-17 2.580000e-17
9.410000e+01 2.603500e-17 2.603500e-17
9.420000e+01 2.627000e-17 2.627000e-17
9.430000e+01 2.650500e-17 2.650500e-17
9.440000e+01 2.674000e-17 2.674000e-17
9.450000e+01 2.697500e-17 2.697500e-17
9.460000e+01 2.721000e-17 2.721000e-17
9.470000e+01 2.744500e-17 2.744500e-17
9.480000e+01 2.768000e-17 2.768000e-17
9.490000e+01 2.791500e-17 2.791500e-17
9.500000e+01 2.815000e-17 2.815000e-17
9.510000e+01 2.838500e-17 2.838500e-17
9.520000e+01 2.862000e-17 2.862000e-17
9.530000e+01 2.885500e-17 2.885500e-17
9.540000e+01 2.909000e-17 2.909000e-17
9.550000e+01 2.932500e-17 2.932500e-17
9.560000e+01 2.956000e-17 2.956000e-17
9.570000e+01 2.979500e-17 2.979500e-17
9.580000e+01 3.003000e-17 3.003000e-17
9.590000e+01 3.026500e-17 3.026500e-17
9.600000e+01 3.050000e-17 3.050000e-17
9.610000e+01 3.072000e-17 3.072000e-17
9.620000e+01 3.094000e-17 3.094000e-17
9.630000e+01 3.116000e-17 3.116000e-17
9.640000e+01 3.138000e-17 3.138000e-17
9.650000e+01 3.160000e-17 3.160000e-17
9.660000e+01 3.182000e-17 3.182000e-17
9.670000e+01 3.204000e-17 3.204000e-17
9.680000e+01 3.226000e-17 3.226000e-17
9.690000e+01 3.248000e-17 3.248000e-17
9.700000e+01 3.270000e-17 3.270000e-17
9.710000e+01 3.292000e-17 3.292000e-17
9.720000e+01 3.314000e-17 3.314000e-17
9.730000e+01 3.336000e-17 3.336000e-17
9.740000e+01 3.358000e-17 3.358000e-17
9.750000e+01 3.380000e-17 3.380000e-17
9.760000e+01 3.402000e-17 3.402000e-17
9.770000e+01 3.424000e-17 3.424000e-17
9.780000e+01 3.446000e-17 3.446000e-17
9.790000e+01 3.468000e-17 3.468000e-17
9.800000e+01 3.490000e-17 3.490000e-17
9.810000e+01 3.463000e-17 3.463000e-17
9.820000e+01 3.436000e-17 3.436000e-17
9.830000e+01 3.409000e-17 3.409000e-17
9.840000e+01 3.382000e-17 3.382000e-17
9.850000e+01 3.355000e-17 3.355000e-17
9.860000e+01 3.328000e-17 3.328000e-17
9.870000e+01 3.301000e-17 3.301000e-17
9.880000e+01 3.274000e-17 3.274000e-17
9.890000e+01 3.247000e-17 3.247000e-17
9.900000e+01 3.220000e-17 3.220000e-17
9.910000e+01 3.193000e-17 3.193000e-17
9.920000e+01 3.166000e-17 3.166000e-17
9.930000e+01 3.139000e-17 3.139000e-17
9.940000e+01 3.112000e-17 3.112000e-17
9.950000e+01 3.085000e-17 3.085000e-17
9.960000e+01 3.058000e-17 3.058000e-17
9.970000e+01 3.031000e-17 3.031000e-17
9.980000e+01 3.004000e-17 3.004000e-17
9.990000e+01 2.977000e-17 2.977000e-17
1.000000e+02 2.950000e-17 2.950000e-17
1.001000e+02 2.903500e-17 2.903500e-17
1.002000e+02 2.857000e-17 2.857000e-17
1.003000e+02 2.810500e-17 2.810500e-17
1.004000e+02 2.764000e-17 2.764000e-17
1.005000e+02 2.717500e-17 2.717500e-17
1.006000e+02 2.671000e-17 2.671000e-17
1.007000e+02 2.624500e-17 2.624500e-17
1.008000e+02 2.578000e-17 2.578000e-17
1.009000e+02 2.531500e-17 2.531500e-17
1.010000e+02 2.485000e-17 2.485000e-17
1.011000e+02 2.438500e-17 2.438500e-17
1.012000e+02 2.392000e-17 2.392000e-17
1.013000e+02 2.345500e-17 2.345500e-17
1.014000e+02 2.299000e-17 2.299000e-17
1.015000e+02 2.252500e-17 2.252500e-17
1.016000e+02 2.206000e-17 2.206000e-17
1.017000e+02 2.159500e-17 2.159500e-17
1.018000e+02 2.113000e-17 2.113000e-17
1.019000e+02 2.066500e-17 2.066500e-17
1.020000e+02 2.020000e-17 2.020000e-17
1.021000e+02 1.971500e-17 1.971500e-17
1.022000e+02 1.923000e-17 1.923000e-17
1.023000e+02 1.874500e-17 1.874500e-17
1.024000e+02 1.826000e-17 1.826000e-17
1.025000e+02 1.777500e-17 1.777500e-17
1.026000e+02 1.729000e-17 1.729000e-17
1.027000e+02 1.680500e-17 1.680500e-17
1.028000e+02 1.632000e-17 1.632000e-17
1.029000e+02 1.583500e-17 1.583500e-17
1.030000e+02 1.535000e-17 1.535000e-17
1.031000e+02 1.486500e-17 1.486500e-17
1.032000e+02 1.438000e-17 1.438000e-17
1.033000e+02 1.389500e-17 1.389500e-17
1.034000e+02 1.341000e-17 1.341000e-17
1.035000e+02 1.292500e-17 1.292500e-17
1.036000e+02 1.244000e-17 1.244000e-17
1.037000e+02 1.195500e-17 1.195500e-17
1.038000e+02 1.147000e-17 1.147000e-17
1.039000e+02 1.098500e-17 1.098500e-17
1.040000e+02 1.050000e-17 1.050000e-17
1.041000e+02 1.032500e-17 1.032500e-17
1.042000e+02 1.015000e-17 1.015000e-17
1.043000e+02 9.975000e-18 9.975000e-18
1.044000e+02 9.800000e-18 9.800000e-18
1.045000e+02 9.625000e-18 9.625000e-18
1.046000e+02 9.450000e-18 9.450000e-18
1.047000e+02 9.275000e-18 9.275000e-18
1.048000e+02 9.100000e-18 9.100000e-18
1.049000e+02 8.925000e-18 8.925000e-18
1.050000e+02 8.750000e-18 8.750000e-18
1.051000e+02 8.575000e-18 8.575000e-18
1.052000e+02 8.400000e-18 8.400000e-18
1.053000e+02 8.225000e-18 8.225000e-18
1.054000e+02 8.050000e-18 8.050000e-18
1.055000e+02 7.875000e-18 7.875000e-18
1.056000e+02 7.700000e-18 7.700000e-18
1.057000e+02 7.525000e-18 7.525000e-18
1.058000e+02 7.350000e-18 7.350000e-18
1.059000e+02 7.175000e-18 7.175000e-18
1.060000e+02 7.000000e-18 7.000000e-18
1.061000e+02 6.850000e-18 6.850000e-18
1.062000e+02 6.700000e-18 6.700000e-18
1.063000e+02 6.550000e-18 6.550000e-18
1.064000e+02 6.400000e-18 6.400000e-18
1.065000e+02 6.250000e-18 6.250000e-18
1.066000e+02 6.100000e-18 6.100000e-18
1.067000e+02 5.950000e-18 5.950000e-18
1.068000e+02 5.800000e-18 5.800000e-18
1.069000e+02 5.650000e-18 5.650000e-18
1.070000e+02 5.500000e-18 5.500000e-18
1.071000e+02 5.350000e-18 5.350000e-18
1.072000e+02 5.200000e-18 5.200000e-18
1.073000e+02 5.050000e-18 5.050000e-18
1.074000e+02 4.900000e-18 4.900000e-18
1.075000e+02 4.750000e-18 4.750000e-18
1.076000e+02 4.600000e-18 4.600000e-18
1.077000e+02 4.450000e-18 4.450000e-18
1.078000e+02 4.300000e-18 4.300000e-18
1.079000e+02 4.150000e-18 4.150000e-18
1.080000e+02 4.000000e-18 4.000000e-18
1.081000e+02 3.825000e-18 3.825000e-18
1.082000e+02 3.650000e-18 3.650000e-18
1.083000e+02 3.475000e-18 3.475000e-18
1.084000e+02 3.300000e-18 3.300000e-18
1.085000e+02 3.125000e-18 3.125000e-18
1.086000e+02 2.950000e-18 2.950000e-18
1.087000e+02 2.775000e-18 2.775000e-18
1.088000e+02 2.600000e-18 2.600000e-18
1.089000e+02 2.425000e-18 2.425000e-18
1.090000e+02 2.250000e-18 2.250000e-18
1.091000e+02 2.075000e-18 2.075000e-18
1.092000e+02 1.900000e-18 1.900000e-18
1.093000e+02 1.725000e-18 1.725000e-18
1.094000e+02 1.550000e-18 1.550000e-18
1.095000e+02 1.375000e-18 1.375000e-18
1.096000e+02 1.200000e-18 1.200000e-18
1.097000e+02 1.025000e-18 1.025000e-18
1.098000e+02 8.500000e-19 8.500000e-19
1.099000e+02 6.750000e-19 6.750000e-19
1.100000e+02 5.000000e-19 5.000000e-19
1.101000e+02 4.250000e-19 4.250000e-19
1.102000e+02 3.500000e-19 3.500000e-19
1.103000e+02 2.750000e-19 2.750000e-19
1.104000e+02 2.000000e-19 2.000000e-19
1.105000e+02 1.250000e-19 1.250000e-19
1.106000e+02 1.017470e-19 1.017470e-19
1.107000e+02 5.000000e-20 5.000000e-20
1.108000e+02 5.000000e-20 5.000000e-20
1.109000e+02 5.000000e-20 5.000000e-20
1.110000e+02 5.000000e-20 5.000000e-20
1.111000e+02 5.000000e-20 5.000000e-20
1.112000e+02 5.000000e-20 5.000000e-20
1.113000e+02 5.000000e-20 5.000000e-20
1.114000e+02 5.000000e-20 5.000000e-20
1.115000e+02 5.000000e-20 5.000000e-20
1.116000e+02 5.000000e-20 5.000000e-20
1.117000e+02 5.000000e-20 5.000000e-20
1.118000e+02 5.000000e-20 5.000000e-20
1.119000e+02 5.000000e-20 5.000000e-20
1.120000e+02 5.000000e-20 5.000000e-20
1.121000e+02 5.000000e-20 5.000000e-20
1.122000e+02 5.000000e-20 5.000000e-20
1.123000e+02 5.000000e-20 5.000000e-20
1.124000e+02 5.000000e-20 5.000000e-20
1.125000e+02 5.000000e-20 5.000000e-20
1.126000e+02 5.000000e-20 5.000000e-20
1.127000e+02 5.000000e-20 5.000000e-20
1.128000e+02 5.000000e-20 5.000000e-20
1.129000e+02 5.000000e-20 5.000000e-20
1.130000e+02 5.000000e-20 5.000000e-20
1.131000e+02 5.000000e-20 5.000000e-20
1.132000e+02 5.000000e-20 5.000000e-20
1.133000e+02 5.000000e-20 5.000000e-20
1.134000e+02 5.000000e-20 5.000000e-20
1.135000e+02 5.000000e-20 5.000000e-20
1.136000e+02 5.000000e-20 5.000000e-20
1.137000e+02 5.000000e-20 5.000000e-20
1.138000e+02 5.000000e-20 5.000000e-20
1.139000e+02 5.000000e-20 5.000000e-20
1.140000e+02 5.000000e-20 5.000000e-20
1.141000e+02 5.000000e-20 5.000000e-20
1.142000e+02 5.000000e-20 5.000000e-20
1.143000e+02 5.000000e-20 5.000000e-20
1.144000e+02 5.000000e-20 5.000000e-20
1.145000e+02 5.000000e-20 5.000000e-20
1.146000e+02 5.000000e-20 5.000000e-20
1.147000e+02 5.000000e-20 5.000000e-20
1.148000e+02 5.000000e-20 5.000000e-20
1.149000e+02 5.000000e-20 5.000000e-20
1.150000e+02 5.000000e-20 5.000000e-20
1.151000e+02 5.000000e-20 5.000000e-20
1.152000e+02 5.000000e-20 5.000000e-20
1.153000e+02 5.000000e-20 5.000000e-20
1.154000e+02 5.000000e-20 5.000000e-20
1.155000e+02 5.000000e-20 5.000000e-20
1.156000e+02 5.000000e-20 5.000000e-20
1.157000e+02 5.000000e-20 5.000000e-20
1.158000e+02 5.000000e-20 5.000000e-20
1.159000e+02 5.000000e-20 5.000000e-20
1.160000e+02 5.000000e-20 5.000000e-20
1.161000e+02 5.000000e-20 5.000000e-20
1.162000e+02 5.000000e-20 5.000000e-20
1.163000e+02 5.000000e-20 5.000000e-20
1.164000e+02 5.000000e-20 5.000000e-20
1.165000e+02 5.000000e-20 5.000000e-20
1.166000e+02 5.000000e-20 5.000000e-20
1.167000e+02 5.000000e-20 5.000000e-20
1.168000e+02 5.000000e-20 5.000000e-20
1.169000e+02 5.000000e-20 5.000000e-20
1.170000e+02 5.000000e-20 5.000000e-20
1.171000e+02 5.000000e-20 5.000000e-20
1.172000e+02 5.000000e-20 5.000000e-20
1.173000e+02 5.000000e-20 5.000000e-20
1.174000e+02 5.000000e-20 5.000000e-20
1.175000e+02 5.000000e-20 5.000000e-20
1.176000e+02 5.000000e-20 5.000000e-20
1.177000e+02 5.000000e-20 5.000000e-20
1.178000e+02 5.000000e-20 5.000000e-20
1.179000e+02 5.000000e-20 5.000000e-20
1.180000e+02 5.000000e-20 5.000000e-20
1.181000e+02 5.000000e-20 5.000000e-20
1.182000e+02 5.000000e-20 5.000000e-20
1.183000e+02 5.000000e-20 5.000000e-20
1.184000e+02 5.000000e-20 5.000000e-20
1.185000e+02 5.000000e-20 5.000000e-20
1.186000e+02 5.000000e-20 5.000000e-20
1.187000e+02 5.000000e-20 5.000000e-20
1.188000e+02 5.000000e-20 5.000000e-20
1.189000e+02 5.000000e-20 5.000000e-20
1.190000e+02 5.000000e-20 5.000000e-20
1.191000e+02 5.000000e-20 5.000000e-20
1.192000e+02 5.000000e-20 5.000000e-20
1.193000e+02 5.000000e-20 5.000000e-20
1.194000e+02 5.000000e-20 5.000000e-20
1.195000e+02 5.000000e-20 5.000000e-20
1.196000e+02 5.000000e-20 5.000000e-20
1.197000e+02 5.000000e-20 5.000000e-20
1.198000e+02 5.000000e-20 5.000000e-20
1.199000e+02 5.000000e-20 5.000000e-20
1.200000e+02 5.000000e-20 5.000000e-20
1.201000e+02 5.000000e-20 5.000000e-20
1.202000e+02 5.000000e-20 5.000000e-20
1.203000e+02 5.000000e-20 5.000000e-20
1.204000e+02 5.000000e-20 5.000000e-20
1.205000e+02 5.000000e-20 5.000000e-20
1.206000e+02 5.000000e-20 5.000000e-20
1.207000e+02 5.000000e-20 5.000000e-20
1.208000e+02 5.000000e-20 5.000000e-20
1.209000e+02 5.000000e-20 5.000000e-20
1.210000e+02 5.000000e-20 5.000000e-20
1.211000e+02 5.000000e-20 5.000000e-20
1.212000e+02 5.000000e-20 5.000000e-20
1.213000e+02 5.000000e-20 5.000000e-20
1.214000e+02 5.000000e-20 5.000000e-20
1.215000e+02 5.000000e-20 5.000000e-20
1.216000e+02 5.000000e-20 5.000000e-20
1.217000e+02 5.000000e-20 5.000000e-20
1.218000e+02 5.000000e-20 5.000000e-20
1.219000e+02 5.000000e-20 5.000000e-20
1.220000e+02 5.000000e-20 5.000000e-20
1.221000e+02 5.000000e-20 5.000000e-20
1.222000e+02 5.000000e-20 5.000000e-20
1.223000e+02 5.000000e-20 5.000000e-20
1.224000e+02 5.000000e-20 5.000000e-20
1.225000e+02 5.000000e-20 5.000000e-20
1.226000e+02 5.000000e-20 5.000000e-20
1.227000e+02 5.000000e-20 5.000000e-20
1.228000e+02 5.000000e-20 5.000000e-20
1.229000e+02 5.000000e-20 5.000000e-20
1.230000e+02 5.000000e-20 5.000000e-20
1.231000e+02 5.000000e-20 5.000000e-20
1.232000e+02 5.000000e-20 5.000000e-20
1.233000e+02 5.000000e-20 5.000000e-20
1.234000e+02 5.000000e-20 5.000000e-20
1.235000e+02 5.000000e-20 5.000000e-20
1.236000e+02 5.000000e-20 5.000000e-20
1.237000e+02 5.000000e-20 5.000000e-20
1.238000e+02 5.000000e-20 5.000000e-20
1.239000e+02 5.000000e-20 5.000000e-20
1.240000e+02 5.000000e-20 5.000000e-20
1.241000e+02 5.000000e-20 5.000000e-20
1.242000e+02 5.000000e-20 5.000000e-20
1.243000e+02 5.000000e-20 5.000000e-20
1.244000e+02 5.000000e-20 5.000000e-20
1.245000e+02 5.000000e-20 5.000000e-20
1.246000e+02 5.000000e-20 5.000000e-20
1.247000e+02 5.000000e-20 5.000000e-20
1.248000e+02 5.000000e-20 5.000000e-20
1.249000e+02 5.000000e-20 5.000000e-20
1.250000e+02 5.000000e-20 5.000000e-20
1.251000e+02 5.000000e-20 5.000000e-20
1.252000e+02 5.000000e-20 5.000000e-20
1.253000e+02 5.000000e-20 5.000000e-20
1.254000e+02 5.000000e-20 5.000000e-20
1.255000e+02 5.000000e-20 5.000000e-20
1.256000e+02 5.000000e-20 5.000000e-20
1.257000e+02 5.000000e-20 5.000000e-20
1.258000e+02 5.000000e-20 5.000000e-20
1.259000e+02 5.000000e-20 5.000000e-20
1.260000e+02 5.000000e-20 5.000000e-20
1.261000e+02 5.000000e-20 5.000000e-20
1.262000e+02 5.000000e-20 5.000000e-20
1.263000e+02 5.000000e-20 5.000000e-20
1.264000e+02 5.000000e-20 5.000000e-20
1.265000e+02 5.000000e-20 5.000000e-20
1.266000e+02 5.000000e-20 5.000000e-20
1.267000e+02 5.000000e-20 5.000000e-20
1.268000e+02 5.000000e-20 5.000000e-20
1.269000e+02 5.000000e-20 5.000000e-20
1.270000e+02 5.000000e-20 5.000000e-20
1.271000e+02 5.000000e-20 5.000000e-20
1.272000e+02 5.000000e-20 5.000000e-20
1.273000e+02 5.000000e-20 5.000000e-20
1.274000e+02 5.000000e-20 5.000000e-20
1.275000e+02 5.000000e-20 5.000000e-20
1.276000e+02 5.000000e-20 5.000000e-20
1.277000e+02 5.000000e-20 5.000000e-20
1.278000e+02 5.000000e-20 5.000000e-20
1.279000e+02 5.000000e-20 5.000000e-20
1.280000e+02 5.000000e-20 5.000000e-20
1.281000e+02 5.000000e-20 5.000000e-20
1.282000e+02 5.000000e-20 5.000000e-20
1.283000e+02 5.000000e-20 5.000000e-20
1.284000e+02 5.000000e-20 5.000000e-20
1.285000e+02 5.000000e-20 5.000000e-20
1.286000e+02 5.000000e-20 5.000000e-20
1.287000e+02 5.000000e-20 5.000000e-20
1.288000e+02 5.000000e-20 5.000000e-20
1.289000e+02 5.000000e-20 5.000000e-20
1.290000e+02 5.000000e-20 5.000000e-20
1.291000e+02 5.000000e-20 5.000000e-20
1.292000e+02 5.000000e-20 5.000000e-20
1.293000e+02 5.000000e-20 5.000000e-20
1.294000e+02 5.000000e-20 5.000000e-20
1.295000e+02 5.000000e-20 5.000000e-20
1.296000e+02 5.000000e-20 5.000000e-20
1.297000e+02 5.000000e-20 5.000000e-20
1.298000e+02 5.000000e-20 5.000000e-20
1.299000e+02 5.000000e-20 5.000000e-20
1.300000e+02 5.000000e-20 5.000000e-20
1.301000e+02 5.000000e-20 5.000000e-20
1.302000e+02 5.000000e-20 5.000000e-20
1.303000e+02 5.000000e-20 5.000000e-20
1.304000e+02 5.000000e-20 5.000000e-20
1.305000e+02 5.000000e-20 5.000000e-20
1.306000e+02 5.000000e-20 5.000000e-20
1.307000e+02 5.000000e-20 5.000000e-20
1.308000e+02 5.000000e-20 5.000000e-20
1.309000e+02 5.000000e-20 5.000000e-20
1.310000e+02 5.000000e-20 5.000000e-20
1.311000e+02 5.000000e-20 5.000000e-20
1.312000e+02 5.000000e-20 5.000000e-20
1.313000e+02 5.000000e-20 5.000000e-20
1.314000e+02 5.000000e-20 5.000000e-20
1.315000e+02 5.000000e-20 5.000000e-20
1.316000e+02 5.000000e-20 5.000000e-20
1.317000e+02 5.000000e-20 5.000000e-20
1.318000e+02 5.000000e-20 5.000000e-20
1.319000e+02 5.000000e-20 5.000000e-20
1.320000e+02 5.000000e-20 5.000000e-20
1.321000e+02 5.000000e-20 5.000000e-20
1.322000e+02 5.000000e-20 5.000000e-20
1.323000e+02 5.000000e-20 5.000000e-20
1.324000e+02 5.000000e-20 5.000000e-20
1.325000e+02 5.000000e-20 5.000000e-20
1.326000e+02 5.000000e-20 5.000000e-20
1.327000e+02 5.000000e-20 5.000000e-20
1.328000e+02 5.000000e-20 5.000000e-20
1.329000e+02 5.000000e-20 5.000000e-20
1.330000e+02 5.000000e-20 5.000000e-20
1.331000e+02 5.000000e-20 5.000000e-20
1.332000e+02 5.000000e-20 5.000000e-20
1.333000e+02 5.000000e-20 5.000000e-20
1.334000e+02 5.000000e-20 5.000000e-20
1.335000e+02 5.000000e-20 5.000000e-20
1.336000e+02 5.000000e-20 5.000000e-20
1.337000e+02 5.000000e-20 5.000000e-20
1.338000e+02 5.000000e-20 5.000000e-20
1.339000e+02 5.000000e-20 5.000000e-20
1.340000e+02 5.000000e-20 5.000000e-20
1.341000e+02 5.000000e-20 5.000000e-20
1.342000e+02 5.000000e-20 5.000000e-20
1.343000e+02 5.000000e-20 5.000000e-20
1.344000e+02 5.000000e-20 5.000000e-20
1.345000e+02 5.000000e-20 5.000000e-20
1.346000e+02 5.000000e-20 5.000000e-20
1.347000e+02 5.000000e-20 5.000000e-20
1.348000e+02 5.000000e-20 5.000000e-20
1.349000e+02 5.000000e-20 5.000000e-20
1.350000e+02 5.000000e-20 5.000000e-20
1.351000e+02 5.000000e-20 5.000000e-20
1.352000e+02 5.000000e-20 5.000000e-20
1.353000e+02 5.000000e-20 5.000000e-20
1.354000e+02 5.000000e-20 5.000000e-20
1.355000e+02 5.000000e-20 5.000000e-20
1.356000e+02 5.000000e-20 5.000000e-20
1.357000e+02 5.000000e-20 5.000000e-20
1.358000e+02 5.000000e-20 5.000000e-20
1.359000e+02 5.000000e-20 5.000000e-20
1.360000e+02 5.000000e-20 5.000000e-20
1.361000e+02 5.000000e-20 5.000000e-20
1.362000e+02 5.000000e-20 5.000000e-20
1.363000e+02 5.000000e-20 5.000000e-20
1.364000e+02 5.000000e-20 5.000000e-20
1.365000e+02 5.000000e-20 5.000000e-20
1.366000e+02 5.000000e-20 5.000000e-20
1.367000e+02 5.000000e-20 5.000000e-20
1.368000e+02 5.000000e-20 5.000000e-20
1.369000e+02 5.000000e-20 5.000000e-20
1.370000e+02 5.000000e-20 5.000000e-20
1.371000e+02 5.000000e-20 5.000000e-20
1.372000e+02 5.000000e-20 5.000000e-20
1.373000e+02 5.000000e-20 5.000000e-20
1.374000e+02 5.000000e-20 5.000000e-20
1.375000e+02 5.000000e-20 5.000000e-20
1.376000e+02 5.000000e-20 5.000000e-20
1.377000e+02 5.000000e-20 5.000000e-20
1.378000e+02 5.000000e-20 5.000000e-20
1.379000e+02 5.142857e-20 5.142857e-20
1.380000e+02 5.285714e-20 5.285714e-20
1.381000e+02 5.428571e-20 5.428571e-20
1.382000e+02 5.571429e-20 5.571429e-20
1.383000e+02 5.714286e-20 5.714286e-20
1.384000e+02 5.857143e-20 5.857143e-20
1.385000e+02 6.000000e-20 6.000000e-20
1.386000e+02 6.142857e-20 6.142857e-20
1.387000e+02 6.285714e-20 6.285714e-20
1.388000e+02 6.428571e-20 6.428571e-20
1.389000e+02 6.571429e-20 6.571429e-20
1.390000e+02 6.714286e-20 6.714286e-20
1.391000e+02 6.857143e-20 6.857143e-20
1.392000e+02 7.000000e-20 7.000000e-20
1.393000e+02 7.142857e-20 7.142857e-20
1.394000e+02 7.285714e-20 7.285714e-20
1.395000e+02 7.428571e-20 7.428571e-20
1.396000e+02 7.571429e-20 7.571429e-20
1.397000e+02 7.714286e-20 7.714286e-20
1.398000e+02 7.857143e-20 7.857143e-20
1.399000e+02 8.000000e-20 8.000000e-20
1.400000e+02 8.250000e-20 8.250000e-20
1.401000e+02 8.500000e-20 8.500000e-20
1.402000e+02 8.750000e-20 8.750000e-20
1.403000e+02 9.000000e-20 9.000000e-20
1.404000e+02 9.250000e-20 9.250000e-20
1.405000e+02 9.500000e-20 9.500000e-20
1.406000e+02 9.750000e-20 9.750000e-20
1.407000e+02 1.000000e-19 1.000000e-19
1.408000e+02 1.025000e-19 1.025000e-19
1.409000e+02 1.050000e-19 1.050000e-19
1.410000e+02 1.075000e-19 1.075000e-19
1.411000e+02 1.100000e-19 1.100000e-19
1.412000e+02 1.125000e-19 1.125000e-19
1.413000e+02 1.150000e-19 1.150000e-19
1.414000e+02 1.175000e-19 1.175000e-19
1.415000e+02 1.200000e-19 1.200000e-19
1.416000e+02 1.235294e-19 1.235294e-19
1.417000e+02 1.270588e-19 1.270588e-19
1.418000e+02 1.305882e-19 1.305882e-19
1.419000e+02 1.341176e-19 1.341176e-19
1.420000e+02 1.376471e-19 1.376471e-19
1.421000e+02 1.411765e-19 1.411765e-19
1.422000e+02 1.447059e-19 1.447059e-19
1.423000e+02 1.482353e-19 1.482353e-19
1.424000e+02 1.517647e-19 1.517647e-19
1.425000e+02 1.552941e-19 1.552941e-19
1.426000e+02 1.588235e-19 1.588235e-19
1.427000e+02 1.623529e-19 1.623529e-19
1.428000e+02 1.658824e-19 1.658824e-19
1.429000e+02 1.694118e-19 1.694118e-19
1.430000e+02 1.729412e-19 1.729412e-19
1.431000e+02 1.764706e-19 1.764706e-19
1.432000e+02 1.800000e-19 1.800000e-19
1.433000e+02 1.833333e-19 1.833333e-19
1.434000e+02 1.866667e-19 1.866667e-19
1.435000e+02 1.900000e-19 1.900000e-19
1.436000e+02 1.933333e-19 1.933333e-19
1.437000e+02 1.966667e-19 1.966667e-19
1.438000e+02 2.000000e-19 2.000000e-19
1.439000e+02 2.058824e-19 2.058824e-19
1.440000e+02 2.117647e-19 2.117647e-19
1.441000e+02 2.176471e-19 2.176471e-19
1.442000e+02 2.235294e-19 2.235294e-19
1.443000e+02 2.294118e-19 2.294118e-19
1.444000e+02 2.352941e-19 2.352941e-19
1.445000e+02 2.411765e-19 2.411765e-19
1.446000e+02 2.470588e-19 2.470588e-19
1.447000e+02 2.529412e-19 2.529412e-19
1.448000e+02 2.588235e-19 2.588235e-19
1.449000e+02 2.647059e-19 2.647059e-19
1.450000e+02 2.705882e-19 2.705882e-19
1.451000e+02 2.764706e-19 2.764706e-19
1.452000e+02 2.823529e-19 2.823529e-19
1.453000e+02 2.882353e-19 2.882353e-19
1.454000e+02 2.941176e-19 2.941176e-19
1.455000e+02 3.000000e-19 3.000000e-19
1.456000e+02 3.058824e-19 3.058824e-19
1.457000e+02 3.117647e-19 3.117647e-19
1.458000e+02 3.176471e-19 3.176471e-19
1.459000e+02 3.235294e-19 3.235294e-19
1.460000e+02 3.294118e-19 3.294118e-19
1.461000e+02 3.352941e-19 3.352941e-19
1.462000e+02 3.411765e-19 3.411765e-19
1.463000e+02 3.470588e-19 3.470588e-19
1.464000e+02 3.529412e-19 3.529412e-19
1.465000e+02 3.588235e-19 3.588235e-19
1.466000e+02 3.647059e-19 3.647059e-19
1.467000e+02 3.705882e-19 3.705882e-19
1.468000e+02 3.764706e-19 3.764706e-19
1.469000e+02 3.823529e-19 3.823529e-19
1.470000e+02 3.882353e-19 3.882353e-19
1.471000e+02 3.941176e-19 3.941176e-19
1.472000e+02 4.000000e-19 4.000000e-19
1.473000e+02 4.066667e-19 4.066667e-19
1.474000e+02 4.133333e-19 4.133333e-19
1.475000e+02 4.200000e-19 4.200000e-19
1.476000e+02 4.266667e-19 4.266667e-19
1.477000e+02 4.333333e-19 4.333333e-19
1.478000e+02 4.400000e-19 4.400000e-19
1.479000e+02 4.466667e-19 4.466667e-19
1.480000e+02 4.533333e-19 4.533333e-19
1.481000e+02 4.600000e-19 4.600000e-19
1.482000e+02 4.666667e-19 4.666667e-19
1.483000e+02 4.733333e-19 4.733333e-19
1.484000e+02 4.800000e-19 4.800000e-19
1.485000e+02 4.866667e-19 4.866667e-19
1.486000e+02 4.933333e-19 4.933333e-19
1.487000e+02 5.000000e-19 5.000000e-19
1.488000e+02 5.075000e-19 5.075000e-19
1.489000e+02 5.150000e-19 5.150000e-19
1.490000e+02 5.225000e-19 5.225000e-19
1.491000e+02 5.300000e-19 5.300000e-19
1.492000e+02 5.375000e-19 5.375000e-19
1.493000e+02 5.450000e-19 5.450000e-19
1.494000e+02 5.525000e-19 5.525000e-19
1.495000e+02 5.600000e-19 5.600000e-19
1.496000e+02 5.566667e-19 5.566667e-19
1.497000e+02 5.533333e-19 5.533333e-19
1.498000e+02 5.500001e-19 5.500001e-19
1.499000e+02 5.466669e-19 5.466669e-19
1.500000e+02 5.433341e-19 5.433341e-19
1.501000e+02 5.416683e-19 5.416683e-19
1.502000e+02 5.225054e-19 5.225054e-19
1.503000e+02 4.700258e-19 4.700258e-19
1.504000e+02 4.350761e-19 4.350761e-19
1.505000e+02 4.176442e-19 4.176442e-19
1.506000e+02 3.753861e-19 3.753861e-19
1.507000e+02 3.259792e-19 3.259792e-19
1.508000e+02 2.523505e-19 2.523505e-19
1.509000e+02 1.928414e-19 1.928414e-19
1.510000e+02 1.656019e-19 1.656019e-19
1.511000e+02 1.562038e-19 1.562038e-19
1.512000e+02 1.576225e-19 1.576225e-19
1.513000e+02 1.797324e-19 1.797324e-19
1.514000e+02 2.684531e-19 2.684531e-19
1.515000e+02 3.709606e-19 3.709606e-19
1.516000e+02 5.135792e-19 5.135792e-19
1.517000e+02 6.969268e-19 6.969268e-19
1.518000e+02 9.139146e-19 9.139146e-19
1.519000e+02 1.148286e-18 1.148286e-18
1.520000e+02 1.375452e-18 1.375452e-18
1.521000e+02 1.566107e-18 1.566107e-18
1.522000e+02 1.692115e-18 1.692115e-18
1.523000e+02 1.733092e-18 1.733092e-18
1.524000e+02 1.681589e-18 1.681589e-18
1.525000e+02 1.545055e-18 1.545055e-18
1.526000e+02 1.343873e-18 1.343873e-18
1.527000e+02 1.106181e-18 1.106181e-18
1.528000e+02 8.612830e-19 8.612830e-19
1.529000e+02 6.337689e-19 6.337689e-19
1.530000e+02 4.398950e-19 4.398950e-19
1.531000e+02 3.633225e-19 3.633225e-19
1.532000e+02 2.328647e-19 2.328647e-19
1.533000e+02 1.056867e-19 1.056867e-19
1.534000e+02 5.904119e-20 5.904119e-20
1.535000e+02 3.120380e-20 3.120380e-20
1.536000e+02 1.560190e-20 1.560190e-20
1.537000e+02 7.380149e-21 7.380149e-21
1.538000e+02 3.302709e-21 3.302709e-21
1.539000e+02 1.398277e-21 1.398277e-21
1.540000e+02 5.600587e-22 5.600587e-22
1.541000e+02 2.122226e-22 2.122226e-22
1.542000e+02 7.607941e-23 7.607941e-23
1.543000e+02 2.580242e-23 2.580242e-23
1.544000e+02 8.278872e-24 8.278872e-24
1.545000e+02 2.513041e-24 2.513041e-24
1.546000e+02 7.216815e-25 7.216815e-25
1.547000e+02 1.960691e-25 1.960691e-25
1.548000e+02 5.039534e-26 5.039534e-26
1.549000e+02 1.225432e-26 1.225432e-26
1.550000e+02 7.536694e-27 7.536694e-27
1.551000e+02 1.716302e-27 1.716302e-27
1.552000e+02 1.263256e-28 1.263256e-28
1.553000e+02 6.316278e-29 6.316278e-29
1.554000e+02 2.315797e-39 2.315797e-39
