# Cross sections for CH2+
# From the Leiden database for photodissociation and photoionization of astrophysically relevant molecules, http://home.strw.leidenuniv.nl/~ewine/photo/
# Converted from earlier Leiden database cross sections by Alan Heays 2016-02-24
# Photodissociation source: CH2+ p.d. cf. Theodorakopoulos & Petsalakis '91; maximum rate
# Lines represented with gaussian of width 1.0 nm FWHM
# wavelength: (nm)
# photoabsorption:    cross section (cm2)
# photodissociation:  cross section (cm2)
# This version has been resampled to a uniform 0.1nm grid while maintaining a constant integrated cross section (using trapezoidal integration).
# wavelength photoabsorption photodissociation
8.850000e+01 5.000000e-20 5.000000e-20
8.860000e+01 5.000000e-20 5.000000e-20
8.870000e+01 5.000000e-20 5.000000e-20
8.880000e+01 5.000000e-20 5.000000e-20
8.890000e+01 5.000000e-20 5.000000e-20
8.900000e+01 5.000000e-20 5.000000e-20
8.910000e+01 5.000000e-20 5.000000e-20
8.920000e+01 5.000000e-20 5.000000e-20
8.930000e+01 5.000000e-20 5.000000e-20
8.940000e+01 5.000000e-20 5.000000e-20
8.950000e+01 5.000000e-20 5.000000e-20
8.960000e+01 5.000000e-20 5.000000e-20
8.970000e+01 5.000000e-20 5.000000e-20
8.980000e+01 5.000000e-20 5.000000e-20
8.990000e+01 5.000000e-20 5.000000e-20
9.000000e+01 5.000000e-20 5.000000e-20
9.010000e+01 5.000000e-20 5.000000e-20
9.020000e+01 6.151648e-20 6.151648e-20
9.030000e+01 1.300689e-19 1.300689e-19
9.040000e+01 2.602065e-19 2.602065e-19
9.050000e+01 4.925546e-19 4.925546e-19
9.060000e+01 8.823286e-19 8.823286e-19
9.070000e+01 1.495975e-18 1.495975e-18
9.080000e+01 2.401407e-18 2.401407e-18
9.090000e+01 3.651451e-18 3.651451e-18
9.100000e+01 5.263412e-18 5.263412e-18
9.110000e+01 7.201583e-18 7.201583e-18
9.120000e+01 9.372109e-18 9.372109e-18
9.130000e+01 1.163839e-17 1.163839e-17
9.140000e+01 1.385872e-17 1.385872e-17
9.150000e+01 1.593739e-17 1.593739e-17
9.160000e+01 1.787001e-17 1.787001e-17
9.170000e+01 1.975984e-17 1.975984e-17
9.180000e+01 2.178786e-17 2.178786e-17
9.190000e+01 2.413699e-17 2.413699e-17
9.200000e+01 2.689205e-17 2.689205e-17
9.210000e+01 2.995405e-17 2.995405e-17
9.220000e+01 3.300882e-17 3.300882e-17
9.230000e+01 3.557320e-17 3.557320e-17
9.240000e+01 3.711236e-17 3.711236e-17
9.250000e+01 3.719113e-17 3.719113e-17
9.260000e+01 3.560599e-17 3.560599e-17
9.270000e+01 3.245063e-17 3.245063e-17
9.280000e+01 2.809377e-17 2.809377e-17
9.290000e+01 2.308232e-17 2.308232e-17
9.300000e+01 1.800921e-17 1.800921e-17
9.310000e+01 1.339289e-17 1.339289e-17
9.320000e+01 9.603263e-18 9.603263e-18
9.330000e+01 6.845495e-18 6.845495e-18
9.340000e+01 5.189379e-18 5.189379e-18
9.350000e+01 4.618190e-18 4.618190e-18
9.360000e+01 5.069974e-18 5.069974e-18
9.370000e+01 6.453907e-18 6.453907e-18
9.380000e+01 8.639295e-18 8.639295e-18
9.390000e+01 1.142906e-17 1.142906e-17
9.400000e+01 1.453810e-17 1.453810e-17
9.410000e+01 1.759695e-17 1.759695e-17
9.420000e+01 2.019150e-17 2.019150e-17
9.430000e+01 2.193444e-17 2.193444e-17
9.440000e+01 2.254811e-17 2.254811e-17
9.450000e+01 2.193052e-17 2.193052e-17
9.460000e+01 2.017992e-17 2.017992e-17
9.470000e+01 1.756771e-17 1.756771e-17
9.480000e+01 1.446911e-17 1.446911e-17
9.490000e+01 1.127536e-17 1.127536e-17
9.500000e+01 8.315797e-18 8.315797e-18
9.510000e+01 5.810648e-18 5.810648e-18
9.520000e+01 3.862175e-18 3.862175e-18
9.530000e+01 2.478134e-18 2.478134e-18
9.540000e+01 1.614160e-18 1.614160e-18
9.550000e+01 1.220602e-18 1.220602e-18
9.560000e+01 1.282823e-18 1.282823e-18
9.570000e+01 1.848058e-18 1.848058e-18
9.580000e+01 3.034143e-18 3.034143e-18
9.590000e+01 5.015687e-18 5.015687e-18
9.600000e+01 7.983923e-18 7.983923e-18
9.610000e+01 1.208057e-17 1.208057e-17
9.620000e+01 1.731512e-17 1.731512e-17
9.630000e+01 2.348695e-17 2.348695e-17
9.640000e+01 3.014280e-17 3.014280e-17
9.650000e+01 3.659892e-17 3.659892e-17
9.660000e+01 4.204103e-17 4.204103e-17
9.670000e+01 4.568743e-17 4.568743e-17
9.680000e+01 4.697187e-17 4.697187e-17
9.690000e+01 4.568742e-17 4.568742e-17
9.700000e+01 4.204100e-17 4.204100e-17
9.710000e+01 3.659881e-17 3.659881e-17
9.720000e+01 3.014245e-17 3.014245e-17
9.730000e+01 2.348593e-17 2.348593e-17
9.740000e+01 1.731229e-17 1.731229e-17
9.750000e+01 1.207311e-17 1.207311e-17
9.760000e+01 7.965279e-18 7.965279e-18
9.770000e+01 4.971651e-18 4.971651e-18
9.780000e+01 2.935741e-18 2.935741e-18
9.790000e+01 1.640033e-18 1.640033e-18
9.800000e+01 8.667723e-19 8.667723e-19
9.810000e+01 4.333861e-19 4.333861e-19
9.820000e+01 2.050041e-19 2.050041e-19
9.830000e+01 9.174192e-20 9.174192e-20
9.840000e+01 5.000000e-20 5.000000e-20
9.850000e+01 5.000000e-20 5.000000e-20
9.860000e+01 5.000000e-20 5.000000e-20
9.870000e+01 5.000000e-20 5.000000e-20
9.880000e+01 5.000000e-20 5.000000e-20
9.890000e+01 5.000000e-20 5.000000e-20
9.900000e+01 5.000000e-20 5.000000e-20
9.910000e+01 5.000000e-20 5.000000e-20
9.920000e+01 5.000000e-20 5.000000e-20
9.930000e+01 5.000000e-20 5.000000e-20
9.940000e+01 5.000000e-20 5.000000e-20
9.950000e+01 5.000000e-20 5.000000e-20
9.960000e+01 5.000000e-20 5.000000e-20
9.970000e+01 5.000000e-20 5.000000e-20
9.980000e+01 5.000000e-20 5.000000e-20
9.990000e+01 5.000000e-20 5.000000e-20
1.000000e+02 5.000000e-20 5.000000e-20
1.001000e+02 5.000000e-20 5.000000e-20
1.002000e+02 5.000000e-20 5.000000e-20
1.003000e+02 5.000000e-20 5.000000e-20
1.004000e+02 5.000000e-20 5.000000e-20
1.005000e+02 5.000000e-20 5.000000e-20
1.006000e+02 5.000000e-20 5.000000e-20
1.007000e+02 5.000000e-20 5.000000e-20
1.008000e+02 5.000000e-20 5.000000e-20
1.009000e+02 5.000000e-20 5.000000e-20
1.010000e+02 5.000000e-20 5.000000e-20
1.011000e+02 5.000000e-20 5.000000e-20
1.012000e+02 5.000000e-20 5.000000e-20
1.013000e+02 5.000000e-20 5.000000e-20
1.014000e+02 5.000000e-20 5.000000e-20
1.015000e+02 5.000000e-20 5.000000e-20
1.016000e+02 5.000000e-20 5.000000e-20
1.017000e+02 5.000000e-20 5.000000e-20
1.018000e+02 5.000000e-20 5.000000e-20
1.019000e+02 5.000000e-20 5.000000e-20
1.020000e+02 5.000000e-20 5.000000e-20
1.021000e+02 5.000000e-20 5.000000e-20
1.022000e+02 5.000000e-20 5.000000e-20
1.023000e+02 5.000000e-20 5.000000e-20
1.024000e+02 5.000000e-20 5.000000e-20
1.025000e+02 5.000000e-20 5.000000e-20
1.026000e+02 5.000000e-20 5.000000e-20
1.027000e+02 5.000000e-20 5.000000e-20
1.028000e+02 5.000000e-20 5.000000e-20
1.029000e+02 5.000000e-20 5.000000e-20
1.030000e+02 5.000000e-20 5.000000e-20
1.031000e+02 5.000000e-20 5.000000e-20
1.032000e+02 5.000000e-20 5.000000e-20
1.033000e+02 5.000000e-20 5.000000e-20
1.034000e+02 5.000000e-20 5.000000e-20
1.035000e+02 5.000000e-20 5.000000e-20
1.036000e+02 5.000000e-20 5.000000e-20
1.037000e+02 5.000000e-20 5.000000e-20
1.038000e+02 5.000000e-20 5.000000e-20
1.039000e+02 5.000000e-20 5.000000e-20
1.040000e+02 5.000000e-20 5.000000e-20
1.041000e+02 5.000000e-20 5.000000e-20
1.042000e+02 5.000000e-20 5.000000e-20
1.043000e+02 5.000000e-20 5.000000e-20
1.044000e+02 5.000000e-20 5.000000e-20
1.045000e+02 5.000000e-20 5.000000e-20
1.046000e+02 5.000000e-20 5.000000e-20
1.047000e+02 5.000000e-20 5.000000e-20
1.048000e+02 5.000000e-20 5.000000e-20
1.049000e+02 5.000000e-20 5.000000e-20
1.050000e+02 5.000000e-20 5.000000e-20
1.051000e+02 5.000000e-20 5.000000e-20
1.052000e+02 5.000000e-20 5.000000e-20
1.053000e+02 5.000000e-20 5.000000e-20
1.054000e+02 5.000000e-20 5.000000e-20
1.055000e+02 5.000000e-20 5.000000e-20
1.056000e+02 5.000000e-20 5.000000e-20
1.057000e+02 5.000000e-20 5.000000e-20
1.058000e+02 5.000000e-20 5.000000e-20
1.059000e+02 5.000000e-20 5.000000e-20
1.060000e+02 5.000000e-20 5.000000e-20
1.061000e+02 5.000000e-20 5.000000e-20
1.062000e+02 5.000000e-20 5.000000e-20
1.063000e+02 5.000000e-20 5.000000e-20
1.064000e+02 5.000000e-20 5.000000e-20
1.065000e+02 5.000000e-20 5.000000e-20
1.066000e+02 5.000000e-20 5.000000e-20
1.067000e+02 5.000000e-20 5.000000e-20
1.068000e+02 5.000000e-20 5.000000e-20
1.069000e+02 5.000000e-20 5.000000e-20
1.070000e+02 5.000000e-20 5.000000e-20
1.071000e+02 5.000000e-20 5.000000e-20
1.072000e+02 5.000000e-20 5.000000e-20
1.073000e+02 5.000000e-20 5.000000e-20
1.074000e+02 5.000000e-20 5.000000e-20
1.075000e+02 5.000000e-20 5.000000e-20
1.076000e+02 5.000000e-20 5.000000e-20
1.077000e+02 5.000000e-20 5.000000e-20
1.078000e+02 5.000000e-20 5.000000e-20
1.079000e+02 5.000000e-20 5.000000e-20
1.080000e+02 5.000000e-20 5.000000e-20
1.081000e+02 5.000000e-20 5.000000e-20
1.082000e+02 5.000000e-20 5.000000e-20
1.083000e+02 5.000000e-20 5.000000e-20
1.084000e+02 5.000000e-20 5.000000e-20
1.085000e+02 5.000000e-20 5.000000e-20
1.086000e+02 5.000000e-20 5.000000e-20
1.087000e+02 5.000000e-20 5.000000e-20
1.088000e+02 5.000000e-20 5.000000e-20
1.089000e+02 5.000000e-20 5.000000e-20
1.090000e+02 5.000000e-20 5.000000e-20
1.091000e+02 5.000000e-20 5.000000e-20
1.092000e+02 5.000000e-20 5.000000e-20
1.093000e+02 5.000000e-20 5.000000e-20
1.094000e+02 5.000000e-20 5.000000e-20
1.095000e+02 5.000000e-20 5.000000e-20
1.096000e+02 5.000000e-20 5.000000e-20
1.097000e+02 5.000000e-20 5.000000e-20
1.098000e+02 5.000000e-20 5.000000e-20
1.099000e+02 5.000000e-20 5.000000e-20
1.100000e+02 5.000000e-20 5.000000e-20
1.101000e+02 5.000000e-20 5.000000e-20
1.102000e+02 5.000000e-20 5.000000e-20
1.103000e+02 5.000000e-20 5.000000e-20
1.104000e+02 5.000000e-20 5.000000e-20
1.105000e+02 5.000000e-20 5.000000e-20
1.106000e+02 5.000000e-20 5.000000e-20
1.107000e+02 5.000000e-20 5.000000e-20
1.108000e+02 5.000000e-20 5.000000e-20
1.109000e+02 5.000000e-20 5.000000e-20
1.110000e+02 5.000000e-20 5.000000e-20
1.111000e+02 5.000000e-20 5.000000e-20
1.112000e+02 5.000000e-20 5.000000e-20
1.113000e+02 5.000000e-20 5.000000e-20
1.114000e+02 5.000000e-20 5.000000e-20
1.115000e+02 5.000000e-20 5.000000e-20
1.116000e+02 5.000000e-20 5.000000e-20
1.117000e+02 5.000000e-20 5.000000e-20
1.118000e+02 5.000000e-20 5.000000e-20
1.119000e+02 5.000000e-20 5.000000e-20
1.120000e+02 5.000000e-20 5.000000e-20
1.121000e+02 5.000000e-20 5.000000e-20
1.122000e+02 5.000000e-20 5.000000e-20
1.123000e+02 5.000000e-20 5.000000e-20
1.124000e+02 5.000000e-20 5.000000e-20
1.125000e+02 5.000000e-20 5.000000e-20
1.126000e+02 5.000000e-20 5.000000e-20
1.127000e+02 5.000000e-20 5.000000e-20
1.128000e+02 5.000000e-20 5.000000e-20
1.129000e+02 5.000000e-20 5.000000e-20
1.130000e+02 5.000000e-20 5.000000e-20
1.131000e+02 5.000000e-20 5.000000e-20
1.132000e+02 5.000000e-20 5.000000e-20
1.133000e+02 5.000000e-20 5.000000e-20
1.134000e+02 5.000000e-20 5.000000e-20
1.135000e+02 5.000000e-20 5.000000e-20
1.136000e+02 5.000000e-20 5.000000e-20
1.137000e+02 5.000000e-20 5.000000e-20
1.138000e+02 5.000000e-20 5.000000e-20
1.139000e+02 5.000000e-20 5.000000e-20
1.140000e+02 5.000000e-20 5.000000e-20
1.141000e+02 5.000000e-20 5.000000e-20
1.142000e+02 5.000000e-20 5.000000e-20
1.143000e+02 5.000000e-20 5.000000e-20
1.144000e+02 5.000000e-20 5.000000e-20
1.145000e+02 5.000000e-20 5.000000e-20
1.146000e+02 5.000000e-20 5.000000e-20
1.147000e+02 5.000000e-20 5.000000e-20
1.148000e+02 5.000000e-20 5.000000e-20
1.149000e+02 5.000000e-20 5.000000e-20
1.150000e+02 5.000000e-20 5.000000e-20
1.151000e+02 5.000000e-20 5.000000e-20
1.152000e+02 5.000000e-20 5.000000e-20
1.153000e+02 5.000000e-20 5.000000e-20
1.154000e+02 5.000000e-20 5.000000e-20
1.155000e+02 5.000000e-20 5.000000e-20
1.156000e+02 5.000000e-20 5.000000e-20
1.157000e+02 5.000000e-20 5.000000e-20
1.158000e+02 5.000000e-20 5.000000e-20
1.159000e+02 5.000000e-20 5.000000e-20
1.160000e+02 5.000000e-20 5.000000e-20
1.161000e+02 5.000000e-20 5.000000e-20
1.162000e+02 5.000000e-20 5.000000e-20
1.163000e+02 5.000000e-20 5.000000e-20
1.164000e+02 5.000000e-20 5.000000e-20
1.165000e+02 5.000000e-20 5.000000e-20
1.166000e+02 5.000000e-20 5.000000e-20
1.167000e+02 5.000000e-20 5.000000e-20
1.168000e+02 5.000000e-20 5.000000e-20
1.169000e+02 5.000000e-20 5.000000e-20
1.170000e+02 5.000000e-20 5.000000e-20
1.171000e+02 5.000000e-20 5.000000e-20
1.172000e+02 5.000000e-20 5.000000e-20
1.173000e+02 5.000000e-20 5.000000e-20
1.174000e+02 5.330108e-20 5.330108e-20
1.175000e+02 1.126804e-19 1.126804e-19
1.176000e+02 2.253608e-19 2.253608e-19
1.177000e+02 4.264086e-19 4.264086e-19
1.178000e+02 7.632928e-19 7.632928e-19
1.179000e+02 1.292629e-18 1.292629e-18
1.180000e+02 2.070973e-18 2.070973e-18
1.181000e+02 3.139007e-18 3.139007e-18
1.182000e+02 4.501196e-18 4.501196e-18
1.183000e+02 6.106342e-18 6.106342e-18
1.184000e+02 7.837038e-18 7.837038e-18
1.185000e+02 9.515691e-18 9.515691e-18
1.186000e+02 1.093066e-17 1.093066e-17
1.187000e+02 1.187873e-17 1.187873e-17
1.188000e+02 1.221268e-17 1.221268e-17
1.189000e+02 1.187873e-17 1.187873e-17
1.190000e+02 1.093066e-17 1.093066e-17
1.191000e+02 9.515691e-18 9.515691e-18
1.192000e+02 7.837038e-18 7.837038e-18
1.193000e+02 6.106342e-18 6.106342e-18
1.194000e+02 4.501196e-18 4.501196e-18
1.195000e+02 3.139007e-18 3.139007e-18
1.196000e+02 2.070973e-18 2.070973e-18
1.197000e+02 1.292629e-18 1.292629e-18
1.198000e+02 7.632928e-19 7.632928e-19
1.199000e+02 4.264086e-19 4.264086e-19
1.200000e+02 2.253608e-19 2.253608e-19
1.201000e+02 1.126804e-19 1.126804e-19
1.202000e+02 5.330108e-20 5.330108e-20
1.203000e+02 5.000000e-20 5.000000e-20
1.204000e+02 5.000000e-20 5.000000e-20
1.205000e+02 5.000000e-20 5.000000e-20
1.206000e+02 5.000000e-20 5.000000e-20
1.207000e+02 5.000000e-20 5.000000e-20
1.208000e+02 5.000000e-20 5.000000e-20
1.209000e+02 5.000000e-20 5.000000e-20
1.210000e+02 5.000000e-20 5.000000e-20
1.211000e+02 5.000000e-20 5.000000e-20
1.212000e+02 5.000000e-20 5.000000e-20
1.213000e+02 5.000000e-20 5.000000e-20
1.214000e+02 5.000000e-20 5.000000e-20
1.215000e+02 5.000000e-20 5.000000e-20
1.216000e+02 5.000000e-20 5.000000e-20
1.217000e+02 5.000000e-20 5.000000e-20
1.218000e+02 5.000000e-20 5.000000e-20
1.219000e+02 5.000000e-20 5.000000e-20
1.220000e+02 5.000000e-20 5.000000e-20
1.221000e+02 5.000000e-20 5.000000e-20
1.222000e+02 5.000000e-20 5.000000e-20
1.223000e+02 5.000000e-20 5.000000e-20
1.224000e+02 5.000000e-20 5.000000e-20
1.225000e+02 5.000000e-20 5.000000e-20
1.226000e+02 5.000000e-20 5.000000e-20
1.227000e+02 5.000000e-20 5.000000e-20
1.228000e+02 5.000000e-20 5.000000e-20
1.229000e+02 5.000000e-20 5.000000e-20
1.230000e+02 5.000000e-20 5.000000e-20
1.231000e+02 5.000000e-20 5.000000e-20
1.232000e+02 5.000000e-20 5.000000e-20
1.233000e+02 5.000000e-20 5.000000e-20
1.234000e+02 5.000000e-20 5.000000e-20
1.235000e+02 5.000000e-20 5.000000e-20
1.236000e+02 5.000000e-20 5.000000e-20
1.237000e+02 5.000000e-20 5.000000e-20
1.238000e+02 5.000000e-20 5.000000e-20
1.239000e+02 5.000000e-20 5.000000e-20
1.240000e+02 5.000000e-20 5.000000e-20
1.241000e+02 5.000000e-20 5.000000e-20
1.242000e+02 5.000000e-20 5.000000e-20
1.243000e+02 5.000000e-20 5.000000e-20
1.244000e+02 5.000000e-20 5.000000e-20
1.245000e+02 5.000000e-20 5.000000e-20
1.246000e+02 5.000000e-20 5.000000e-20
1.247000e+02 5.000000e-20 5.000000e-20
1.248000e+02 5.000000e-20 5.000000e-20
1.249000e+02 5.000000e-20 5.000000e-20
1.250000e+02 5.000000e-20 5.000000e-20
1.251000e+02 5.000000e-20 5.000000e-20
1.252000e+02 5.000000e-20 5.000000e-20
1.253000e+02 5.000000e-20 5.000000e-20
1.254000e+02 5.000000e-20 5.000000e-20
1.255000e+02 5.000000e-20 5.000000e-20
1.256000e+02 5.000000e-20 5.000000e-20
1.257000e+02 5.000000e-20 5.000000e-20
1.258000e+02 5.000000e-20 5.000000e-20
1.259000e+02 5.000000e-20 5.000000e-20
1.260000e+02 5.000000e-20 5.000000e-20
1.261000e+02 5.000000e-20 5.000000e-20
1.262000e+02 5.000000e-20 5.000000e-20
1.263000e+02 5.000000e-20 5.000000e-20
1.264000e+02 5.000000e-20 5.000000e-20
1.265000e+02 5.000000e-20 5.000000e-20
1.266000e+02 5.000000e-20 5.000000e-20
1.267000e+02 5.000000e-20 5.000000e-20
1.268000e+02 5.000000e-20 5.000000e-20
1.269000e+02 5.000000e-20 5.000000e-20
1.270000e+02 5.000000e-20 5.000000e-20
1.271000e+02 5.000000e-20 5.000000e-20
1.272000e+02 5.000000e-20 5.000000e-20
1.273000e+02 5.000000e-20 5.000000e-20
1.274000e+02 5.000000e-20 5.000000e-20
1.275000e+02 5.000000e-20 5.000000e-20
1.276000e+02 5.000000e-20 5.000000e-20
1.277000e+02 5.000000e-20 5.000000e-20
1.278000e+02 5.000000e-20 5.000000e-20
1.279000e+02 5.000000e-20 5.000000e-20
1.280000e+02 5.000000e-20 5.000000e-20
1.281000e+02 5.000000e-20 5.000000e-20
1.282000e+02 5.000000e-20 5.000000e-20
1.283000e+02 5.000000e-20 5.000000e-20
1.284000e+02 5.000000e-20 5.000000e-20
1.285000e+02 5.000000e-20 5.000000e-20
1.286000e+02 5.000000e-20 5.000000e-20
1.287000e+02 5.000000e-20 5.000000e-20
1.288000e+02 5.000000e-20 5.000000e-20
1.289000e+02 5.000000e-20 5.000000e-20
1.290000e+02 5.000000e-20 5.000000e-20
1.291000e+02 5.000000e-20 5.000000e-20
1.292000e+02 5.000000e-20 5.000000e-20
1.293000e+02 5.000000e-20 5.000000e-20
1.294000e+02 5.000000e-20 5.000000e-20
1.295000e+02 5.000000e-20 5.000000e-20
1.296000e+02 5.000000e-20 5.000000e-20
1.297000e+02 5.000000e-20 5.000000e-20
1.298000e+02 5.000000e-20 5.000000e-20
1.299000e+02 5.000000e-20 5.000000e-20
1.300000e+02 5.000000e-20 5.000000e-20
1.301000e+02 5.000000e-20 5.000000e-20
1.302000e+02 5.000000e-20 5.000000e-20
1.303000e+02 5.000000e-20 5.000000e-20
1.304000e+02 5.000000e-20 5.000000e-20
1.305000e+02 5.000000e-20 5.000000e-20
1.306000e+02 5.000000e-20 5.000000e-20
1.307000e+02 5.000000e-20 5.000000e-20
1.308000e+02 5.000000e-20 5.000000e-20
1.309000e+02 5.000000e-20 5.000000e-20
1.310000e+02 5.000000e-20 5.000000e-20
1.311000e+02 5.000000e-20 5.000000e-20
1.312000e+02 5.000000e-20 5.000000e-20
1.313000e+02 5.000000e-20 5.000000e-20
1.314000e+02 5.000000e-20 5.000000e-20
1.315000e+02 5.000000e-20 5.000000e-20
1.316000e+02 5.000000e-20 5.000000e-20
1.317000e+02 5.000000e-20 5.000000e-20
1.318000e+02 5.000000e-20 5.000000e-20
1.319000e+02 5.000000e-20 5.000000e-20
1.320000e+02 5.000000e-20 5.000000e-20
1.321000e+02 5.000000e-20 5.000000e-20
1.322000e+02 5.000000e-20 5.000000e-20
1.323000e+02 5.000000e-20 5.000000e-20
1.324000e+02 5.000000e-20 5.000000e-20
1.325000e+02 5.000000e-20 5.000000e-20
1.326000e+02 5.000000e-20 5.000000e-20
1.327000e+02 5.000000e-20 5.000000e-20
1.328000e+02 5.000000e-20 5.000000e-20
1.329000e+02 5.000000e-20 5.000000e-20
1.330000e+02 5.000000e-20 5.000000e-20
1.331000e+02 5.000000e-20 5.000000e-20
1.332000e+02 5.000000e-20 5.000000e-20
1.333000e+02 5.000000e-20 5.000000e-20
1.334000e+02 5.000000e-20 5.000000e-20
1.335000e+02 5.166905e-20 5.166905e-20
1.336000e+02 6.631340e-20 6.631340e-20
1.337000e+02 8.051739e-20 8.051739e-20
1.338000e+02 9.249019e-20 9.249019e-20
1.339000e+02 1.005123e-19 1.005123e-19
1.340000e+02 1.033381e-19 1.033381e-19
1.341000e+02 1.005123e-19 1.005123e-19
1.342000e+02 9.249019e-20 9.249019e-20
1.343000e+02 8.051739e-20 8.051739e-20
1.344000e+02 6.631340e-20 6.631340e-20
1.345000e+02 5.166905e-20 5.166905e-20
1.346000e+02 5.000000e-20 5.000000e-20
1.347000e+02 5.000000e-20 5.000000e-20
1.348000e+02 5.000000e-20 5.000000e-20
1.349000e+02 5.000000e-20 5.000000e-20
1.350000e+02 5.000000e-20 5.000000e-20
1.351000e+02 5.000000e-20 5.000000e-20
1.352000e+02 5.000000e-20 5.000000e-20
1.353000e+02 5.000000e-20 5.000000e-20
1.354000e+02 5.000000e-20 5.000000e-20
1.355000e+02 5.000000e-20 5.000000e-20
1.356000e+02 5.000000e-20 5.000000e-20
1.357000e+02 5.000000e-20 5.000000e-20
1.358000e+02 5.000000e-20 5.000000e-20
1.359000e+02 5.000000e-20 5.000000e-20
1.360000e+02 5.000000e-20 5.000000e-20
1.361000e+02 5.000000e-20 5.000000e-20
1.362000e+02 5.000000e-20 5.000000e-20
1.363000e+02 5.000000e-20 5.000000e-20
1.364000e+02 5.000000e-20 5.000000e-20
1.365000e+02 5.000000e-20 5.000000e-20
1.366000e+02 5.000000e-20 5.000000e-20
1.367000e+02 5.000000e-20 5.000000e-20
1.368000e+02 5.000000e-20 5.000000e-20
1.369000e+02 5.000000e-20 5.000000e-20
1.370000e+02 5.000000e-20 5.000000e-20
1.371000e+02 5.000000e-20 5.000000e-20
1.372000e+02 5.000000e-20 5.000000e-20
1.373000e+02 5.000000e-20 5.000000e-20
1.374000e+02 5.000000e-20 5.000000e-20
1.375000e+02 5.000000e-20 5.000000e-20
1.376000e+02 5.000000e-20 5.000000e-20
1.377000e+02 5.000000e-20 5.000000e-20
1.378000e+02 5.000000e-20 5.000000e-20
1.379000e+02 5.000000e-20 5.000000e-20
1.380000e+02 5.000000e-20 5.000000e-20
1.381000e+02 5.000000e-20 5.000000e-20
1.382000e+02 5.000000e-20 5.000000e-20
1.383000e+02 5.000000e-20 5.000000e-20
1.384000e+02 5.000000e-20 5.000000e-20
1.385000e+02 5.000000e-20 5.000000e-20
1.386000e+02 5.000000e-20 5.000000e-20
1.387000e+02 5.000000e-20 5.000000e-20
1.388000e+02 5.000000e-20 5.000000e-20
1.389000e+02 5.000000e-20 5.000000e-20
1.390000e+02 5.000000e-20 5.000000e-20
1.391000e+02 5.000000e-20 5.000000e-20
1.392000e+02 5.000000e-20 5.000000e-20
1.393000e+02 5.000000e-20 5.000000e-20
1.394000e+02 5.000000e-20 5.000000e-20
1.395000e+02 5.000000e-20 5.000000e-20
1.396000e+02 5.000000e-20 5.000000e-20
1.397000e+02 5.000000e-20 5.000000e-20
1.398000e+02 5.000000e-20 5.000000e-20
1.399000e+02 5.000000e-20 5.000000e-20
1.400000e+02 5.000000e-20 5.000000e-20
1.401000e+02 5.000000e-20 5.000000e-20
1.402000e+02 5.000000e-20 5.000000e-20
1.403000e+02 5.000000e-20 5.000000e-20
1.404000e+02 5.000000e-20 5.000000e-20
1.405000e+02 5.000000e-20 5.000000e-20
1.406000e+02 5.000000e-20 5.000000e-20
1.407000e+02 5.000000e-20 5.000000e-20
1.408000e+02 5.000000e-20 5.000000e-20
1.409000e+02 5.000000e-20 5.000000e-20
1.410000e+02 5.000000e-20 5.000000e-20
1.411000e+02 5.000000e-20 5.000000e-20
1.412000e+02 5.000000e-20 5.000000e-20
1.413000e+02 5.000000e-20 5.000000e-20
1.414000e+02 5.000000e-20 5.000000e-20
1.415000e+02 5.000000e-20 5.000000e-20
1.416000e+02 5.000000e-20 5.000000e-20
1.417000e+02 5.000000e-20 5.000000e-20
1.418000e+02 5.000000e-20 5.000000e-20
1.419000e+02 5.000000e-20 5.000000e-20
1.420000e+02 5.000000e-20 5.000000e-20
1.421000e+02 5.000000e-20 5.000000e-20
1.422000e+02 5.000000e-20 5.000000e-20
1.423000e+02 5.000000e-20 5.000000e-20
1.424000e+02 5.000000e-20 5.000000e-20
1.425000e+02 5.000000e-20 5.000000e-20
1.426000e+02 5.000000e-20 5.000000e-20
1.427000e+02 5.000000e-20 5.000000e-20
1.428000e+02 5.000000e-20 5.000000e-20
1.429000e+02 5.000000e-20 5.000000e-20
1.430000e+02 5.000000e-20 5.000000e-20
1.431000e+02 5.000000e-20 5.000000e-20
1.432000e+02 5.000000e-20 5.000000e-20
1.433000e+02 5.000000e-20 5.000000e-20
1.434000e+02 5.000000e-20 5.000000e-20
1.435000e+02 5.000000e-20 5.000000e-20
1.436000e+02 5.000000e-20 5.000000e-20
1.437000e+02 5.000000e-20 5.000000e-20
1.438000e+02 5.000000e-20 5.000000e-20
1.439000e+02 5.000000e-20 5.000000e-20
1.440000e+02 5.000000e-20 5.000000e-20
1.441000e+02 5.000000e-20 5.000000e-20
1.442000e+02 5.000000e-20 5.000000e-20
1.443000e+02 5.000000e-20 5.000000e-20
1.444000e+02 5.000000e-20 5.000000e-20
1.445000e+02 5.000000e-20 5.000000e-20
1.446000e+02 5.000000e-20 5.000000e-20
1.447000e+02 5.000000e-20 5.000000e-20
1.448000e+02 5.000000e-20 5.000000e-20
1.449000e+02 5.000000e-20 5.000000e-20
1.450000e+02 5.000000e-20 5.000000e-20
1.451000e+02 5.000000e-20 5.000000e-20
1.452000e+02 5.000000e-20 5.000000e-20
1.453000e+02 5.000000e-20 5.000000e-20
1.454000e+02 5.000000e-20 5.000000e-20
1.455000e+02 5.000000e-20 5.000000e-20
1.456000e+02 5.000000e-20 5.000000e-20
1.457000e+02 5.000000e-20 5.000000e-20
1.458000e+02 5.000000e-20 5.000000e-20
1.459000e+02 5.000000e-20 5.000000e-20
1.460000e+02 5.000000e-20 5.000000e-20
1.461000e+02 5.000000e-20 5.000000e-20
1.462000e+02 5.000000e-20 5.000000e-20
1.463000e+02 5.000000e-20 5.000000e-20
1.464000e+02 5.000000e-20 5.000000e-20
1.465000e+02 5.000000e-20 5.000000e-20
1.466000e+02 5.000000e-20 5.000000e-20
1.467000e+02 5.000000e-20 5.000000e-20
1.468000e+02 5.000000e-20 5.000000e-20
1.469000e+02 5.000000e-20 5.000000e-20
1.470000e+02 5.000000e-20 5.000000e-20
1.471000e+02 5.000000e-20 5.000000e-20
1.472000e+02 5.000000e-20 5.000000e-20
1.473000e+02 5.000000e-20 5.000000e-20
1.474000e+02 5.000000e-20 5.000000e-20
1.475000e+02 5.000000e-20 5.000000e-20
1.476000e+02 5.000000e-20 5.000000e-20
1.477000e+02 5.000000e-20 5.000000e-20
1.478000e+02 5.000000e-20 5.000000e-20
1.479000e+02 5.000000e-20 5.000000e-20
1.480000e+02 5.000000e-20 5.000000e-20
1.481000e+02 5.000000e-20 5.000000e-20
1.482000e+02 5.000000e-20 5.000000e-20
1.483000e+02 5.000000e-20 5.000000e-20
1.484000e+02 5.000000e-20 5.000000e-20
1.485000e+02 5.000000e-20 5.000000e-20
1.486000e+02 5.000000e-20 5.000000e-20
1.487000e+02 5.000000e-20 5.000000e-20
1.488000e+02 5.000000e-20 5.000000e-20
1.489000e+02 5.000000e-20 5.000000e-20
1.490000e+02 5.000000e-20 5.000000e-20
1.491000e+02 5.000000e-20 5.000000e-20
1.492000e+02 5.000000e-20 5.000000e-20
1.493000e+02 5.000000e-20 5.000000e-20
1.494000e+02 5.000000e-20 5.000000e-20
1.495000e+02 5.000000e-20 5.000000e-20
1.496000e+02 5.000000e-20 5.000000e-20
1.497000e+02 5.000000e-20 5.000000e-20
1.498000e+02 5.000000e-20 5.000000e-20
1.499000e+02 5.000000e-20 5.000000e-20
1.500000e+02 5.000000e-20 5.000000e-20
1.501000e+02 5.000000e-20 5.000000e-20
1.502000e+02 5.000000e-20 5.000000e-20
1.503000e+02 5.000000e-20 5.000000e-20
1.504000e+02 5.000000e-20 5.000000e-20
1.505000e+02 5.000000e-20 5.000000e-20
1.506000e+02 5.000000e-20 5.000000e-20
1.507000e+02 5.000000e-20 5.000000e-20
1.508000e+02 5.000000e-20 5.000000e-20
1.509000e+02 5.000000e-20 5.000000e-20
1.510000e+02 5.000000e-20 5.000000e-20
1.511000e+02 5.000000e-20 5.000000e-20
1.512000e+02 5.000000e-20 5.000000e-20
1.513000e+02 5.000000e-20 5.000000e-20
1.514000e+02 5.000000e-20 5.000000e-20
1.515000e+02 5.000000e-20 5.000000e-20
1.516000e+02 5.000000e-20 5.000000e-20
1.517000e+02 5.000000e-20 5.000000e-20
1.518000e+02 5.000000e-20 5.000000e-20
1.519000e+02 5.000000e-20 5.000000e-20
1.520000e+02 5.000000e-20 5.000000e-20
1.521000e+02 5.000000e-20 5.000000e-20
1.522000e+02 5.000000e-20 5.000000e-20
1.523000e+02 5.000000e-20 5.000000e-20
1.524000e+02 5.000000e-20 5.000000e-20
1.525000e+02 5.000000e-20 5.000000e-20
1.526000e+02 5.000000e-20 5.000000e-20
1.527000e+02 5.000000e-20 5.000000e-20
1.528000e+02 5.000000e-20 5.000000e-20
1.529000e+02 5.000000e-20 5.000000e-20
1.530000e+02 5.000000e-20 5.000000e-20
1.531000e+02 5.000000e-20 5.000000e-20
1.532000e+02 5.000000e-20 5.000000e-20
1.533000e+02 5.000000e-20 5.000000e-20
1.534000e+02 5.000000e-20 5.000000e-20
1.535000e+02 5.000000e-20 5.000000e-20
1.536000e+02 5.000000e-20 5.000000e-20
1.537000e+02 5.000000e-20 5.000000e-20
1.538000e+02 5.000000e-20 5.000000e-20
1.539000e+02 5.000000e-20 5.000000e-20
1.540000e+02 5.000000e-20 5.000000e-20
1.541000e+02 5.000000e-20 5.000000e-20
1.542000e+02 5.000000e-20 5.000000e-20
1.543000e+02 5.000000e-20 5.000000e-20
1.544000e+02 5.000000e-20 5.000000e-20
1.545000e+02 5.000000e-20 5.000000e-20
1.546000e+02 5.000000e-20 5.000000e-20
1.547000e+02 5.000000e-20 5.000000e-20
1.548000e+02 5.000000e-20 5.000000e-20
1.549000e+02 5.000000e-20 5.000000e-20
1.550000e+02 5.000000e-20 5.000000e-20
1.551000e+02 5.000000e-20 5.000000e-20
1.552000e+02 5.000000e-20 5.000000e-20
1.553000e+02 5.000000e-20 5.000000e-20
1.554000e+02 5.000000e-20 5.000000e-20
1.555000e+02 5.000000e-20 5.000000e-20
1.556000e+02 5.000000e-20 5.000000e-20
1.557000e+02 5.000000e-20 5.000000e-20
1.558000e+02 5.000000e-20 5.000000e-20
1.559000e+02 5.000000e-20 5.000000e-20
1.560000e+02 5.000000e-20 5.000000e-20
1.561000e+02 5.000000e-20 5.000000e-20
1.562000e+02 5.000000e-20 5.000000e-20
1.563000e+02 5.000000e-20 5.000000e-20
1.564000e+02 5.000000e-20 5.000000e-20
1.565000e+02 5.000000e-20 5.000000e-20
1.566000e+02 5.000000e-20 5.000000e-20
1.567000e+02 5.000000e-20 5.000000e-20
1.568000e+02 5.000000e-20 5.000000e-20
1.569000e+02 5.000000e-20 5.000000e-20
1.570000e+02 5.000000e-20 5.000000e-20
1.571000e+02 5.000000e-20 5.000000e-20
1.572000e+02 5.000000e-20 5.000000e-20
1.573000e+02 5.000000e-20 5.000000e-20
1.574000e+02 5.000000e-20 5.000000e-20
1.575000e+02 5.000000e-20 5.000000e-20
1.576000e+02 5.000000e-20 5.000000e-20
1.577000e+02 5.000000e-20 5.000000e-20
1.578000e+02 5.000000e-20 5.000000e-20
1.579000e+02 5.000000e-20 5.000000e-20
1.580000e+02 5.000000e-20 5.000000e-20
1.581000e+02 5.000000e-20 5.000000e-20
1.582000e+02 5.000000e-20 5.000000e-20
1.583000e+02 5.000000e-20 5.000000e-20
1.584000e+02 5.000000e-20 5.000000e-20
1.585000e+02 5.000000e-20 5.000000e-20
1.586000e+02 5.000000e-20 5.000000e-20
1.587000e+02 5.000000e-20 5.000000e-20
1.588000e+02 5.000000e-20 5.000000e-20
1.589000e+02 5.000000e-20 5.000000e-20
1.590000e+02 5.000000e-20 5.000000e-20
1.591000e+02 5.000000e-20 5.000000e-20
1.592000e+02 5.000000e-20 5.000000e-20
1.593000e+02 5.000000e-20 5.000000e-20
1.594000e+02 5.000000e-20 5.000000e-20
1.595000e+02 5.000000e-20 5.000000e-20
1.596000e+02 5.000000e-20 5.000000e-20
1.597000e+02 5.000000e-20 5.000000e-20
1.598000e+02 5.000000e-20 5.000000e-20
1.599000e+02 5.000000e-20 5.000000e-20
1.600000e+02 5.000000e-20 5.000000e-20
1.601000e+02 5.000000e-20 5.000000e-20
1.602000e+02 5.000000e-20 5.000000e-20
1.603000e+02 5.000000e-20 5.000000e-20
1.604000e+02 5.000000e-20 5.000000e-20
1.605000e+02 5.000000e-20 5.000000e-20
1.606000e+02 5.000000e-20 5.000000e-20
1.607000e+02 5.000000e-20 5.000000e-20
1.608000e+02 5.000000e-20 5.000000e-20
1.609000e+02 5.000000e-20 5.000000e-20
1.610000e+02 5.000000e-20 5.000000e-20
1.611000e+02 5.000000e-20 5.000000e-20
1.612000e+02 5.000000e-20 5.000000e-20
1.613000e+02 5.000000e-20 5.000000e-20
1.614000e+02 5.000000e-20 5.000000e-20
1.615000e+02 5.000000e-20 5.000000e-20
1.616000e+02 5.000000e-20 5.000000e-20
1.617000e+02 5.000000e-20 5.000000e-20
1.618000e+02 5.000000e-20 5.000000e-20
1.619000e+02 5.000000e-20 5.000000e-20
1.620000e+02 5.000000e-20 5.000000e-20
1.621000e+02 5.000000e-20 5.000000e-20
1.622000e+02 5.000000e-20 5.000000e-20
1.623000e+02 5.000000e-20 5.000000e-20
1.624000e+02 5.000000e-20 5.000000e-20
1.625000e+02 5.000000e-20 5.000000e-20
1.626000e+02 5.000000e-20 5.000000e-20
1.627000e+02 5.000000e-20 5.000000e-20
1.628000e+02 5.000000e-20 5.000000e-20
1.629000e+02 5.000000e-20 5.000000e-20
1.630000e+02 5.000000e-20 5.000000e-20
1.631000e+02 5.000000e-20 5.000000e-20
1.632000e+02 5.000000e-20 5.000000e-20
1.633000e+02 5.000000e-20 5.000000e-20
1.634000e+02 5.000000e-20 5.000000e-20
1.635000e+02 5.000000e-20 5.000000e-20
1.636000e+02 5.000000e-20 5.000000e-20
1.637000e+02 5.000000e-20 5.000000e-20
1.638000e+02 5.000000e-20 5.000000e-20
1.639000e+02 5.000000e-20 5.000000e-20
1.640000e+02 5.000000e-20 5.000000e-20
1.641000e+02 5.000000e-20 5.000000e-20
1.642000e+02 5.000000e-20 5.000000e-20
1.643000e+02 5.000000e-20 5.000000e-20
1.644000e+02 5.000000e-20 5.000000e-20
1.645000e+02 5.000000e-20 5.000000e-20
1.646000e+02 5.000000e-20 5.000000e-20
1.647000e+02 5.000000e-20 5.000000e-20
1.648000e+02 5.000000e-20 5.000000e-20
1.649000e+02 5.000000e-20 5.000000e-20
1.650000e+02 5.000000e-20 5.000000e-20
1.651000e+02 5.000000e-20 5.000000e-20
1.652000e+02 5.000000e-20 5.000000e-20
1.653000e+02 5.000000e-20 5.000000e-20
1.654000e+02 5.000000e-20 5.000000e-20
1.655000e+02 5.000000e-20 5.000000e-20
1.656000e+02 5.000000e-20 5.000000e-20
1.657000e+02 5.000000e-20 5.000000e-20
1.658000e+02 5.000000e-20 5.000000e-20
1.659000e+02 5.000000e-20 5.000000e-20
1.660000e+02 5.000000e-20 5.000000e-20
1.661000e+02 5.000000e-20 5.000000e-20
1.662000e+02 5.000000e-20 5.000000e-20
1.663000e+02 5.000000e-20 5.000000e-20
1.664000e+02 5.000000e-20 5.000000e-20
1.665000e+02 5.000000e-20 5.000000e-20
1.666000e+02 5.000000e-20 5.000000e-20
1.667000e+02 5.000000e-20 5.000000e-20
1.668000e+02 5.000000e-20 5.000000e-20
1.669000e+02 5.000000e-20 5.000000e-20
1.670000e+02 5.000000e-20 5.000000e-20
1.671000e+02 5.000000e-20 5.000000e-20
1.672000e+02 5.000000e-20 5.000000e-20
1.673000e+02 5.000000e-20 5.000000e-20
1.674000e+02 5.000000e-20 5.000000e-20
1.675000e+02 5.000000e-20 5.000000e-20
1.676000e+02 5.000000e-20 5.000000e-20
1.677000e+02 5.000000e-20 5.000000e-20
1.678000e+02 5.000000e-20 5.000000e-20
1.679000e+02 5.000000e-20 5.000000e-20
1.680000e+02 5.000000e-20 5.000000e-20
1.681000e+02 5.000000e-20 5.000000e-20
1.682000e+02 5.000000e-20 5.000000e-20
1.683000e+02 5.000000e-20 5.000000e-20
1.684000e+02 5.000000e-20 5.000000e-20
1.685000e+02 5.000000e-20 5.000000e-20
1.686000e+02 5.000000e-20 5.000000e-20
1.687000e+02 5.000000e-20 5.000000e-20
1.688000e+02 5.000000e-20 5.000000e-20
1.689000e+02 5.000000e-20 5.000000e-20
1.690000e+02 5.000000e-20 5.000000e-20
1.691000e+02 5.000000e-20 5.000000e-20
1.692000e+02 5.000000e-20 5.000000e-20
1.693000e+02 5.000000e-20 5.000000e-20
1.694000e+02 5.000000e-20 5.000000e-20
1.695000e+02 5.000000e-20 5.000000e-20
1.696000e+02 8.610174e-20 8.610174e-20
1.697000e+02 1.820222e-19 1.820222e-19
1.698000e+02 3.640444e-19 3.640444e-19
1.699000e+02 6.888139e-19 6.888139e-19
1.700000e+02 1.233011e-18 1.233011e-18
1.701000e+02 2.088093e-18 2.088093e-18
1.702000e+02 3.345417e-18 3.345417e-18
1.703000e+02 5.070704e-18 5.070704e-18
1.704000e+02 7.271163e-18 7.271163e-18
1.705000e+02 9.864091e-18 9.864091e-18
1.706000e+02 1.265983e-17 1.265983e-17
1.707000e+02 1.537150e-17 1.537150e-17
1.708000e+02 1.765722e-17 1.765722e-17
1.709000e+02 1.918871e-17 1.918871e-17
1.710000e+02 1.972818e-17 1.972818e-17
1.711000e+02 1.918871e-17 1.918871e-17
1.712000e+02 1.765722e-17 1.765722e-17
1.713000e+02 1.537150e-17 1.537150e-17
1.714000e+02 1.265983e-17 1.265983e-17
1.715000e+02 9.864091e-18 9.864091e-18
1.716000e+02 7.271163e-18 7.271163e-18
1.717000e+02 5.070704e-18 5.070704e-18
1.718000e+02 3.345417e-18 3.345417e-18
1.719000e+02 2.088093e-18 2.088093e-18
1.720000e+02 1.233011e-18 1.233011e-18
1.721000e+02 6.888139e-19 6.888139e-19
1.722000e+02 3.640444e-19 3.640444e-19
1.723000e+02 1.820222e-19 1.820222e-19
1.724000e+02 8.610174e-20 8.610174e-20
1.725000e+02 5.000000e-20 5.000000e-20
1.726000e+02 5.000000e-20 5.000000e-20
1.727000e+02 5.000000e-20 5.000000e-20
1.728000e+02 5.000000e-20 5.000000e-20
1.729000e+02 5.000000e-20 5.000000e-20
1.730000e+02 5.000000e-20 5.000000e-20
1.731000e+02 5.000000e-20 5.000000e-20
1.732000e+02 5.000000e-20 5.000000e-20
1.733000e+02 5.000000e-20 5.000000e-20
1.734000e+02 5.000000e-20 5.000000e-20
1.735000e+02 5.000000e-20 5.000000e-20
1.736000e+02 5.000000e-20 5.000000e-20
1.737000e+02 5.000000e-20 5.000000e-20
1.738000e+02 5.000000e-20 5.000000e-20
1.739000e+02 5.000000e-20 5.000000e-20
1.740000e+02 5.000000e-20 5.000000e-20
