# Cross sections for CH4+
# From the Leiden database for photodissociation and photoionization of astrophysically relevant molecules, http://home.strw.leidenuniv.nl/~ewine/photo/
# Converted from earlier Leiden database cross sections by Alan Heays 2016-02-24
# Photodissociation source: CH4+ p.d. based on van Dishoeck et al. 1980, 2006
# Lines represented with gaussian of width 1.0 nm FWHM
# wavelength: (nm)
# photoabsorption:    cross section (cm2)
# photodissociation:  cross section (cm2)
# This version has been resampled to a uniform 0.1nm grid while maintaining a constant integrated cross section (using trapezoidal integration).
# wavelength photoabsorption photodissociation
9.120000e+01 5.000000e-20 5.000000e-20
9.130000e+01 5.000000e-20 5.000000e-20
9.140000e+01 5.000000e-20 5.000000e-20
9.150000e+01 5.000000e-20 5.000000e-20
9.160000e+01 5.000000e-20 5.000000e-20
9.170000e+01 5.000000e-20 5.000000e-20
9.180000e+01 5.000000e-20 5.000000e-20
9.190000e+01 5.000000e-20 5.000000e-20
9.200000e+01 5.000000e-20 5.000000e-20
9.210000e+01 5.000000e-20 5.000000e-20
9.220000e+01 5.000000e-20 5.000000e-20
9.230000e+01 5.000000e-20 5.000000e-20
9.240000e+01 5.000000e-20 5.000000e-20
9.250000e+01 5.000000e-20 5.000000e-20
9.260000e+01 5.000000e-20 5.000000e-20
9.270000e+01 5.000000e-20 5.000000e-20
9.280000e+01 5.000000e-20 5.000000e-20
9.290000e+01 5.000000e-20 5.000000e-20
9.300000e+01 5.000000e-20 5.000000e-20
9.310000e+01 5.000000e-20 5.000000e-20
9.320000e+01 5.000000e-20 5.000000e-20
9.330000e+01 5.000000e-20 5.000000e-20
9.340000e+01 5.000000e-20 5.000000e-20
9.350000e+01 5.000000e-20 5.000000e-20
9.360000e+01 5.000000e-20 5.000000e-20
9.370000e+01 5.000000e-20 5.000000e-20
9.380000e+01 5.000000e-20 5.000000e-20
9.390000e+01 5.000000e-20 5.000000e-20
9.400000e+01 5.000000e-20 5.000000e-20
9.410000e+01 5.000000e-20 5.000000e-20
9.420000e+01 5.000000e-20 5.000000e-20
9.430000e+01 5.000000e-20 5.000000e-20
9.440000e+01 5.000000e-20 5.000000e-20
9.450000e+01 5.000000e-20 5.000000e-20
9.460000e+01 5.000000e-20 5.000000e-20
9.470000e+01 5.000000e-20 5.000000e-20
9.480000e+01 5.000000e-20 5.000000e-20
9.490000e+01 5.000000e-20 5.000000e-20
9.500000e+01 5.000000e-20 5.000000e-20
9.510000e+01 5.000000e-20 5.000000e-20
9.520000e+01 5.000000e-20 5.000000e-20
9.530000e+01 5.000000e-20 5.000000e-20
9.540000e+01 5.000000e-20 5.000000e-20
9.550000e+01 5.000000e-20 5.000000e-20
9.560000e+01 5.000000e-20 5.000000e-20
9.570000e+01 5.000000e-20 5.000000e-20
9.580000e+01 5.000000e-20 5.000000e-20
9.590000e+01 5.000000e-20 5.000000e-20
9.600000e+01 5.000000e-20 5.000000e-20
9.610000e+01 5.000000e-20 5.000000e-20
9.620000e+01 5.000000e-20 5.000000e-20
9.630000e+01 5.000000e-20 5.000000e-20
9.640000e+01 5.000000e-20 5.000000e-20
9.650000e+01 5.000000e-20 5.000000e-20
9.660000e+01 5.000000e-20 5.000000e-20
9.670000e+01 5.000000e-20 5.000000e-20
9.680000e+01 5.000000e-20 5.000000e-20
9.690000e+01 6.421935e-20 6.421935e-20
9.700000e+01 1.435029e-19 1.435029e-19
9.710000e+01 3.033703e-19 3.033703e-19
9.720000e+01 6.067406e-19 6.067406e-19
9.730000e+01 1.148023e-18 1.148023e-18
9.740000e+01 2.055019e-18 2.055019e-18
9.750000e+01 3.480155e-18 3.480155e-18
9.760000e+01 5.575695e-18 5.575695e-18
9.770000e+01 8.451174e-18 8.451174e-18
9.780000e+01 1.211861e-17 1.211861e-17
9.790000e+01 1.644015e-17 1.644015e-17
9.800000e+01 2.109972e-17 2.109972e-17
9.810000e+01 2.561917e-17 2.561917e-17
9.820000e+01 2.942870e-17 2.942870e-17
9.830000e+01 3.198119e-17 3.198119e-17
9.840000e+01 3.288030e-17 3.288030e-17
9.850000e+01 3.198119e-17 3.198119e-17
9.860000e+01 2.942870e-17 2.942870e-17
9.870000e+01 2.561917e-17 2.561917e-17
9.880000e+01 2.109972e-17 2.109972e-17
9.890000e+01 1.644015e-17 1.644015e-17
9.900000e+01 1.211861e-17 1.211861e-17
9.910000e+01 8.451174e-18 8.451174e-18
9.920000e+01 5.575695e-18 5.575695e-18
9.930000e+01 3.480155e-18 3.480155e-18
9.940000e+01 2.055019e-18 2.055019e-18
9.950000e+01 1.148023e-18 1.148023e-18
9.960000e+01 6.067406e-19 6.067406e-19
9.970000e+01 3.033703e-19 3.033703e-19
9.980000e+01 1.435029e-19 1.435029e-19
9.990000e+01 6.421935e-20 6.421935e-20
1.000000e+02 5.000000e-20 5.000000e-20
1.001000e+02 5.000000e-20 5.000000e-20
1.002000e+02 5.000000e-20 5.000000e-20
1.003000e+02 5.000000e-20 5.000000e-20
1.004000e+02 5.000000e-20 5.000000e-20
1.005000e+02 5.000000e-20 5.000000e-20
1.006000e+02 5.000000e-20 5.000000e-20
1.007000e+02 5.000000e-20 5.000000e-20
1.008000e+02 5.000000e-20 5.000000e-20
1.009000e+02 5.000000e-20 5.000000e-20
1.010000e+02 5.000000e-20 5.000000e-20
1.011000e+02 5.000000e-20 5.000000e-20
1.012000e+02 5.000000e-20 5.000000e-20
1.013000e+02 5.000000e-20 5.000000e-20
1.014000e+02 5.000000e-20 5.000000e-20
1.015000e+02 5.000000e-20 5.000000e-20
1.016000e+02 5.000000e-20 5.000000e-20
1.017000e+02 5.000000e-20 5.000000e-20
1.018000e+02 5.000000e-20 5.000000e-20
1.019000e+02 5.000000e-20 5.000000e-20
1.020000e+02 5.000000e-20 5.000000e-20
1.021000e+02 5.000000e-20 5.000000e-20
1.022000e+02 5.000000e-20 5.000000e-20
1.023000e+02 5.000000e-20 5.000000e-20
1.024000e+02 5.000000e-20 5.000000e-20
1.025000e+02 5.000000e-20 5.000000e-20
1.026000e+02 5.000000e-20 5.000000e-20
1.027000e+02 5.000000e-20 5.000000e-20
1.028000e+02 5.000000e-20 5.000000e-20
1.029000e+02 5.000000e-20 5.000000e-20
1.030000e+02 5.000000e-20 5.000000e-20
1.031000e+02 5.000000e-20 5.000000e-20
1.032000e+02 5.000000e-20 5.000000e-20
1.033000e+02 5.000000e-20 5.000000e-20
1.034000e+02 5.000000e-20 5.000000e-20
1.035000e+02 5.000000e-20 5.000000e-20
1.036000e+02 5.000000e-20 5.000000e-20
1.037000e+02 5.000000e-20 5.000000e-20
1.038000e+02 5.000000e-20 5.000000e-20
1.039000e+02 5.000000e-20 5.000000e-20
1.040000e+02 5.000000e-20 5.000000e-20
1.041000e+02 5.000000e-20 5.000000e-20
1.042000e+02 5.000000e-20 5.000000e-20
1.043000e+02 5.000000e-20 5.000000e-20
1.044000e+02 5.000000e-20 5.000000e-20
1.045000e+02 5.000000e-20 5.000000e-20
1.046000e+02 5.000000e-20 5.000000e-20
1.047000e+02 5.000000e-20 5.000000e-20
1.048000e+02 5.000000e-20 5.000000e-20
1.049000e+02 5.000000e-20 5.000000e-20
1.050000e+02 5.000000e-20 5.000000e-20
1.051000e+02 5.000000e-20 5.000000e-20
1.052000e+02 5.000000e-20 5.000000e-20
1.053000e+02 5.000000e-20 5.000000e-20
1.054000e+02 5.000000e-20 5.000000e-20
1.055000e+02 5.000000e-20 5.000000e-20
1.056000e+02 5.000000e-20 5.000000e-20
1.057000e+02 5.000000e-20 5.000000e-20
1.058000e+02 5.000000e-20 5.000000e-20
1.059000e+02 5.000000e-20 5.000000e-20
1.060000e+02 5.000000e-20 5.000000e-20
1.061000e+02 5.000000e-20 5.000000e-20
1.062000e+02 5.000000e-20 5.000000e-20
1.063000e+02 5.000000e-20 5.000000e-20
1.064000e+02 5.000000e-20 5.000000e-20
1.065000e+02 5.000000e-20 5.000000e-20
1.066000e+02 6.680656e-20 6.680656e-20
1.067000e+02 1.577961e-19 1.577961e-19
1.068000e+02 3.526071e-19 3.526071e-19
1.069000e+02 7.454242e-19 7.454242e-19
1.070000e+02 1.490848e-18 1.490848e-18
1.071000e+02 2.820857e-18 2.820857e-18
1.072000e+02 5.049475e-18 5.049475e-18
1.073000e+02 8.551239e-18 8.551239e-18
1.074000e+02 1.370028e-17 1.370028e-17
1.075000e+02 2.076574e-17 2.076574e-17
1.076000e+02 2.977714e-17 2.977714e-17
1.077000e+02 4.039580e-17 4.039580e-17
1.078000e+02 5.184502e-17 5.184502e-17
1.079000e+02 6.294996e-17 6.294996e-17
1.080000e+02 7.231051e-17 7.231051e-17
1.081000e+02 7.858236e-17 7.858236e-17
1.082000e+02 8.079161e-17 8.079161e-17
1.083000e+02 7.858236e-17 7.858236e-17
1.084000e+02 7.231051e-17 7.231051e-17
1.085000e+02 6.294996e-17 6.294996e-17
1.086000e+02 5.184502e-17 5.184502e-17
1.087000e+02 4.039580e-17 4.039580e-17
1.088000e+02 2.977714e-17 2.977714e-17
1.089000e+02 2.076574e-17 2.076574e-17
1.090000e+02 1.370028e-17 1.370028e-17
1.091000e+02 8.551239e-18 8.551239e-18
1.092000e+02 5.049475e-18 5.049475e-18
1.093000e+02 2.820857e-18 2.820857e-18
1.094000e+02 1.490848e-18 1.490848e-18
1.095000e+02 7.454242e-19 7.454242e-19
1.096000e+02 3.526071e-19 3.526071e-19
1.097000e+02 1.577961e-19 1.577961e-19
1.098000e+02 6.680656e-20 6.680656e-20
1.099000e+02 5.000000e-20 5.000000e-20
1.100000e+02 5.000000e-20 5.000000e-20
1.101000e+02 5.000000e-20 5.000000e-20
1.102000e+02 5.000000e-20 5.000000e-20
1.103000e+02 5.000000e-20 5.000000e-20
1.104000e+02 5.000000e-20 5.000000e-20
1.105000e+02 5.000000e-20 5.000000e-20
1.106000e+02 5.000000e-20 5.000000e-20
1.107000e+02 5.000000e-20 5.000000e-20
1.108000e+02 5.000000e-20 5.000000e-20
1.109000e+02 5.000000e-20 5.000000e-20
1.110000e+02 5.000000e-20 5.000000e-20
1.111000e+02 5.000000e-20 5.000000e-20
1.112000e+02 5.000000e-20 5.000000e-20
1.113000e+02 5.000000e-20 5.000000e-20
1.114000e+02 5.000000e-20 5.000000e-20
1.115000e+02 5.000000e-20 5.000000e-20
1.116000e+02 5.000000e-20 5.000000e-20
1.117000e+02 5.000000e-20 5.000000e-20
1.118000e+02 5.000000e-20 5.000000e-20
1.119000e+02 5.000000e-20 5.000000e-20
1.120000e+02 5.000000e-20 5.000000e-20
1.121000e+02 5.000000e-20 5.000000e-20
1.122000e+02 5.000000e-20 5.000000e-20
1.123000e+02 5.000000e-20 5.000000e-20
1.124000e+02 5.000000e-20 5.000000e-20
1.125000e+02 5.000000e-20 5.000000e-20
1.126000e+02 5.000000e-20 5.000000e-20
1.127000e+02 5.000000e-20 5.000000e-20
1.128000e+02 5.000000e-20 5.000000e-20
1.129000e+02 5.000000e-20 5.000000e-20
1.130000e+02 5.000000e-20 5.000000e-20
1.131000e+02 5.000000e-20 5.000000e-20
1.132000e+02 5.000000e-20 5.000000e-20
1.133000e+02 5.000000e-20 5.000000e-20
1.134000e+02 5.000000e-20 5.000000e-20
1.135000e+02 5.000000e-20 5.000000e-20
1.136000e+02 5.000000e-20 5.000000e-20
1.137000e+02 5.000000e-20 5.000000e-20
1.138000e+02 5.000000e-20 5.000000e-20
1.139000e+02 5.000000e-20 5.000000e-20
1.140000e+02 5.000000e-20 5.000000e-20
1.141000e+02 5.000000e-20 5.000000e-20
1.142000e+02 5.000000e-20 5.000000e-20
1.143000e+02 5.000000e-20 5.000000e-20
1.144000e+02 5.000000e-20 5.000000e-20
1.145000e+02 5.000000e-20 5.000000e-20
1.146000e+02 5.000000e-20 5.000000e-20
1.147000e+02 5.000000e-20 5.000000e-20
1.148000e+02 5.000000e-20 5.000000e-20
1.149000e+02 5.000000e-20 5.000000e-20
1.150000e+02 5.000000e-20 5.000000e-20
1.151000e+02 5.000000e-20 5.000000e-20
1.152000e+02 5.000000e-20 5.000000e-20
1.153000e+02 5.000000e-20 5.000000e-20
1.154000e+02 5.000000e-20 5.000000e-20
1.155000e+02 5.000000e-20 5.000000e-20
1.156000e+02 5.000000e-20 5.000000e-20
1.157000e+02 5.000000e-20 5.000000e-20
1.158000e+02 5.000000e-20 5.000000e-20
1.159000e+02 5.000000e-20 5.000000e-20
1.160000e+02 5.000000e-20 5.000000e-20
1.161000e+02 5.000000e-20 5.000000e-20
1.162000e+02 5.000000e-20 5.000000e-20
1.163000e+02 5.000000e-20 5.000000e-20
1.164000e+02 5.000000e-20 5.000000e-20
1.165000e+02 5.000000e-20 5.000000e-20
1.166000e+02 5.000000e-20 5.000000e-20
1.167000e+02 5.000000e-20 5.000000e-20
1.168000e+02 5.000000e-20 5.000000e-20
1.169000e+02 5.000000e-20 5.000000e-20
1.170000e+02 5.000000e-20 5.000000e-20
1.171000e+02 5.000000e-20 5.000000e-20
1.172000e+02 5.000000e-20 5.000000e-20
1.173000e+02 5.000000e-20 5.000000e-20
1.174000e+02 5.000000e-20 5.000000e-20
1.175000e+02 5.000000e-20 5.000000e-20
1.176000e+02 5.000000e-20 5.000000e-20
1.177000e+02 5.000000e-20 5.000000e-20
1.178000e+02 5.000000e-20 5.000000e-20
1.179000e+02 5.000000e-20 5.000000e-20
1.180000e+02 5.000000e-20 5.000000e-20
1.181000e+02 5.000000e-20 5.000000e-20
1.182000e+02 5.000000e-20 5.000000e-20
1.183000e+02 5.000000e-20 5.000000e-20
1.184000e+02 5.000000e-20 5.000000e-20
1.185000e+02 5.000000e-20 5.000000e-20
1.186000e+02 5.000000e-20 5.000000e-20
1.187000e+02 5.000000e-20 5.000000e-20
1.188000e+02 5.000000e-20 5.000000e-20
1.189000e+02 5.000000e-20 5.000000e-20
1.190000e+02 5.000000e-20 5.000000e-20
1.191000e+02 5.000000e-20 5.000000e-20
1.192000e+02 5.000000e-20 5.000000e-20
1.193000e+02 5.000000e-20 5.000000e-20
1.194000e+02 5.000000e-20 5.000000e-20
1.195000e+02 5.000000e-20 5.000000e-20
1.196000e+02 5.000000e-20 5.000000e-20
1.197000e+02 5.000000e-20 5.000000e-20
1.198000e+02 5.000000e-20 5.000000e-20
1.199000e+02 5.000000e-20 5.000000e-20
1.200000e+02 5.000000e-20 5.000000e-20
1.201000e+02 5.000000e-20 5.000000e-20
1.202000e+02 5.000000e-20 5.000000e-20
1.203000e+02 5.000000e-20 5.000000e-20
1.204000e+02 5.000000e-20 5.000000e-20
1.205000e+02 5.000000e-20 5.000000e-20
1.206000e+02 5.000000e-20 5.000000e-20
1.207000e+02 5.000000e-20 5.000000e-20
1.208000e+02 5.000000e-20 5.000000e-20
1.209000e+02 5.000000e-20 5.000000e-20
1.210000e+02 5.000000e-20 5.000000e-20
1.211000e+02 5.000000e-20 5.000000e-20
1.212000e+02 5.000000e-20 5.000000e-20
1.213000e+02 5.000000e-20 5.000000e-20
1.214000e+02 5.000000e-20 5.000000e-20
1.215000e+02 5.000000e-20 5.000000e-20
1.216000e+02 5.000000e-20 5.000000e-20
1.217000e+02 5.000000e-20 5.000000e-20
1.218000e+02 5.000000e-20 5.000000e-20
1.219000e+02 5.000000e-20 5.000000e-20
1.220000e+02 5.000000e-20 5.000000e-20
1.221000e+02 5.000000e-20 5.000000e-20
1.222000e+02 5.000000e-20 5.000000e-20
1.223000e+02 5.000000e-20 5.000000e-20
1.224000e+02 5.000000e-20 5.000000e-20
1.225000e+02 5.000000e-20 5.000000e-20
1.226000e+02 5.000000e-20 5.000000e-20
1.227000e+02 5.000000e-20 5.000000e-20
1.228000e+02 5.000000e-20 5.000000e-20
1.229000e+02 5.000000e-20 5.000000e-20
1.230000e+02 5.000000e-20 5.000000e-20
1.231000e+02 5.000000e-20 5.000000e-20
1.232000e+02 5.000000e-20 5.000000e-20
1.233000e+02 5.000000e-20 5.000000e-20
1.234000e+02 5.000000e-20 5.000000e-20
1.235000e+02 5.000000e-20 5.000000e-20
1.236000e+02 5.000000e-20 5.000000e-20
1.237000e+02 5.000000e-20 5.000000e-20
1.238000e+02 5.000000e-20 5.000000e-20
1.239000e+02 5.000000e-20 5.000000e-20
1.240000e+02 5.000000e-20 5.000000e-20
1.241000e+02 5.000000e-20 5.000000e-20
1.242000e+02 1.009161e-19 1.009161e-19
1.243000e+02 2.255046e-19 2.255046e-19
1.244000e+02 4.767248e-19 4.767248e-19
1.245000e+02 9.534495e-19 9.534495e-19
1.246000e+02 1.804036e-18 1.804036e-18
1.247000e+02 3.229316e-18 3.229316e-18
1.248000e+02 5.468816e-18 5.468816e-18
1.249000e+02 8.761807e-18 8.761807e-18
1.250000e+02 1.328042e-17 1.328042e-17
1.251000e+02 1.904352e-17 1.904352e-17
1.252000e+02 2.583453e-17 2.583453e-17
1.253000e+02 3.315670e-17 3.315670e-17
1.254000e+02 4.025869e-17 4.025869e-17
1.255000e+02 4.624510e-17 4.624510e-17
1.256000e+02 5.025616e-17 5.025616e-17
1.257000e+02 5.166905e-17 5.166905e-17
1.258000e+02 5.025616e-17 5.025616e-17
1.259000e+02 4.624510e-17 4.624510e-17
1.260000e+02 4.025869e-17 4.025869e-17
1.261000e+02 3.315670e-17 3.315670e-17
1.262000e+02 2.583453e-17 2.583453e-17
1.263000e+02 1.904352e-17 1.904352e-17
1.264000e+02 1.328042e-17 1.328042e-17
1.265000e+02 8.761807e-18 8.761807e-18
1.266000e+02 5.468816e-18 5.468816e-18
1.267000e+02 3.229316e-18 3.229316e-18
1.268000e+02 1.804036e-18 1.804036e-18
1.269000e+02 9.534495e-19 9.534495e-19
1.270000e+02 4.767248e-19 4.767248e-19
1.271000e+02 2.255046e-19 2.255046e-19
1.272000e+02 1.009161e-19 1.009161e-19
1.273000e+02 5.000000e-20 5.000000e-20
1.274000e+02 5.000000e-20 5.000000e-20
1.275000e+02 5.000000e-20 5.000000e-20
1.276000e+02 5.000000e-20 5.000000e-20
1.277000e+02 5.000000e-20 5.000000e-20
1.278000e+02 5.000000e-20 5.000000e-20
1.279000e+02 5.000000e-20 5.000000e-20
1.280000e+02 5.000000e-20 5.000000e-20
1.281000e+02 5.000000e-20 5.000000e-20
1.282000e+02 5.000000e-20 5.000000e-20
1.283000e+02 5.000000e-20 5.000000e-20
1.284000e+02 5.000000e-20 5.000000e-20
1.285000e+02 5.000000e-20 5.000000e-20
1.286000e+02 5.000000e-20 5.000000e-20
1.287000e+02 5.000000e-20 5.000000e-20
