# Cross sections for CH
# From the Leiden database for photodissociation and photoionization of astrophysically relevant molecules, http://home.strw.leidenuniv.nl/~ewine/photo/
# Converted from earlier Leiden database cross sections by Alan Heays 2016-02-24
# Photoionisation source: CH P.I. CF. BARSUHN & NESBET '78
# Lines represented with gaussian of width 1.0 nm FWHM
# wavelength: (nm)
# photoabsorption:    cross section (cm2)
# photoionisation:    cross section (cm2)
# This version has been resampled to a uniform 0.1nm grid while maintaining a constant integrated cross section (using trapezoidal integration).
# wavelength photoabsorption photoionisation
9.000000e+01 2.505000e-17 2.500000e-17
9.010000e+01 2.505000e-17 2.500000e-17
9.020000e+01 2.505000e-17 2.500000e-17
9.030000e+01 2.505000e-17 2.500000e-17
9.040000e+01 2.505000e-17 2.500000e-17
9.050000e+01 2.505000e-17 2.500000e-17
9.060000e+01 2.505000e-17 2.500000e-17
9.070000e+01 2.505000e-17 2.500000e-17
9.080000e+01 2.505000e-17 2.500000e-17
9.090000e+01 2.505000e-17 2.500000e-17
9.100000e+01 2.505000e-17 2.500000e-17
9.110000e+01 2.505000e-17 2.500000e-17
9.120000e+01 2.505000e-17 2.500000e-17
9.130000e+01 2.505000e-17 2.500000e-17
9.140000e+01 2.505000e-17 2.500000e-17
9.150000e+01 2.505000e-17 2.500000e-17
9.160000e+01 2.505000e-17 2.500000e-17
9.170000e+01 2.505000e-17 2.500000e-17
9.180000e+01 2.505000e-17 2.500000e-17
9.190000e+01 2.505000e-17 2.500000e-17
9.200000e+01 2.505000e-17 2.500000e-17
9.210000e+01 2.505000e-17 2.500000e-17
9.220000e+01 2.505000e-17 2.500000e-17
9.230000e+01 2.505000e-17 2.500000e-17
9.240000e+01 2.505000e-17 2.500000e-17
9.250000e+01 2.505000e-17 2.500000e-17
9.260000e+01 2.505000e-17 2.500000e-17
9.270000e+01 2.505000e-17 2.500000e-17
9.280000e+01 2.505000e-17 2.500000e-17
9.290000e+01 2.505000e-17 2.500000e-17
9.300000e+01 2.505000e-17 2.500000e-17
9.310000e+01 2.505000e-17 2.500000e-17
9.320000e+01 2.505000e-17 2.500000e-17
9.330000e+01 2.505000e-17 2.500000e-17
9.340000e+01 2.505000e-17 2.500000e-17
9.350000e+01 2.505000e-17 2.500000e-17
9.360000e+01 2.505000e-17 2.500000e-17
9.370000e+01 2.505000e-17 2.500000e-17
9.380000e+01 2.505000e-17 2.500000e-17
9.390000e+01 2.505000e-17 2.500000e-17
9.400000e+01 2.505000e-17 2.500000e-17
9.410000e+01 2.505000e-17 2.500000e-17
9.420000e+01 2.505000e-17 2.500000e-17
9.430000e+01 2.505000e-17 2.500000e-17
9.440000e+01 2.505000e-17 2.500000e-17
9.450000e+01 2.505000e-17 2.500000e-17
9.460000e+01 2.505000e-17 2.500000e-17
9.470000e+01 2.505000e-17 2.500000e-17
9.480000e+01 2.505000e-17 2.500000e-17
9.490000e+01 2.505000e-17 2.500000e-17
9.500000e+01 2.505000e-17 2.500000e-17
9.510000e+01 2.505000e-17 2.500000e-17
9.520000e+01 2.505000e-17 2.500000e-17
9.530000e+01 2.505000e-17 2.500000e-17
9.540000e+01 2.505000e-17 2.500000e-17
9.550000e+01 2.505000e-17 2.500000e-17
9.560000e+01 2.505000e-17 2.500000e-17
9.570000e+01 2.505000e-17 2.500000e-17
9.580000e+01 2.505000e-17 2.500000e-17
9.590000e+01 2.505000e-17 2.500000e-17
9.600000e+01 2.505000e-17 2.500000e-17
9.610000e+01 2.505000e-17 2.500000e-17
9.620000e+01 2.505000e-17 2.500000e-17
9.630000e+01 2.505000e-17 2.500000e-17
9.640000e+01 2.505000e-17 2.500000e-17
9.650000e+01 2.505000e-17 2.500000e-17
9.660000e+01 2.505000e-17 2.500000e-17
9.670000e+01 2.505000e-17 2.500000e-17
9.680000e+01 2.505000e-17 2.500000e-17
9.690000e+01 2.505000e-17 2.500000e-17
9.700000e+01 2.505000e-17 2.500000e-17
9.710000e+01 2.505000e-17 2.500000e-17
9.720000e+01 2.505000e-17 2.500000e-17
9.730000e+01 2.505000e-17 2.500000e-17
9.740000e+01 2.505000e-17 2.500000e-17
9.750000e+01 2.505000e-17 2.500000e-17
9.760000e+01 2.505000e-17 2.500000e-17
9.770000e+01 2.505000e-17 2.500000e-17
9.780000e+01 2.505000e-17 2.500000e-17
9.790000e+01 2.505000e-17 2.500000e-17
9.800000e+01 2.505000e-17 2.500000e-17
9.810000e+01 2.505000e-17 2.500000e-17
9.820000e+01 2.505000e-17 2.500000e-17
9.830000e+01 2.505000e-17 2.500000e-17
9.840000e+01 2.505000e-17 2.500000e-17
9.850000e+01 2.505000e-17 2.500000e-17
9.860000e+01 2.507010e-17 2.500000e-17
9.870000e+01 2.514045e-17 2.500000e-17
9.880000e+01 2.528603e-17 2.500000e-17
9.890000e+01 2.555150e-17 2.500000e-17
9.900000e+01 2.600667e-17 2.500000e-17
9.910000e+01 2.673963e-17 2.500000e-17
9.920000e+01 2.784612e-17 2.500000e-17
9.930000e+01 2.940844e-17 2.500000e-17
9.940000e+01 3.146479e-17 2.500000e-17
9.950000e+01 3.397561e-17 2.500000e-17
9.960000e+01 3.679824e-17 2.500000e-17
9.970000e+01 3.968308e-17 2.500000e-17
9.980000e+01 4.230076e-17 2.500000e-17
9.990000e+01 4.430025e-17 2.500000e-17
1.000000e+02 4.538504e-17 2.500000e-17
1.001000e+02 4.538504e-17 2.500000e-17
1.002000e+02 4.430025e-17 2.500000e-17
1.003000e+02 4.230076e-17 2.500000e-17
1.004000e+02 3.968308e-17 2.500000e-17
1.005000e+02 3.679824e-17 2.500000e-17
1.006000e+02 3.397561e-17 2.500000e-17
1.007000e+02 3.146479e-17 2.500000e-17
1.008000e+02 2.940844e-17 2.500000e-17
1.009000e+02 2.784612e-17 2.500000e-17
1.010000e+02 2.673963e-17 2.500000e-17
1.011000e+02 2.600667e-17 2.500000e-17
1.012000e+02 2.555150e-17 2.500000e-17
1.013000e+02 2.528603e-17 2.500000e-17
1.014000e+02 2.514045e-17 2.500000e-17
1.015000e+02 2.507010e-17 2.500000e-17
1.016000e+02 2.505000e-17 2.500000e-17
1.017000e+02 2.505000e-17 2.500000e-17
1.018000e+02 2.505000e-17 2.500000e-17
1.019000e+02 2.505000e-17 2.500000e-17
1.020000e+02 2.505000e-17 2.500000e-17
1.021000e+02 2.505000e-17 2.500000e-17
1.022000e+02 2.505000e-17 2.500000e-17
1.023000e+02 2.505000e-17 2.500000e-17
1.024000e+02 2.505000e-17 2.500000e-17
1.025000e+02 2.505000e-17 2.500000e-17
1.026000e+02 2.505001e-17 2.500001e-17
1.027000e+02 2.505005e-17 2.500005e-17
1.028000e+02 2.505018e-17 2.500018e-17
1.029000e+02 2.505060e-17 2.500060e-17
1.030000e+02 2.505189e-17 2.500189e-17
1.031000e+02 2.505566e-17 2.500566e-17
1.032000e+02 2.506602e-17 2.501602e-17
1.033000e+02 2.511223e-17 2.506223e-17
1.034000e+02 2.520536e-17 2.515536e-17
1.035000e+02 2.541697e-17 2.536697e-17
1.036000e+02 2.587002e-17 2.582002e-17
1.037000e+02 2.678354e-17 2.673354e-17
1.038000e+02 2.851709e-17 2.846709e-17
1.039000e+02 3.161013e-17 3.156013e-17
1.040000e+02 3.679297e-17 3.674297e-17
1.041000e+02 4.493660e-17 4.488660e-17
1.042000e+02 5.691112e-17 5.686112e-17
1.043000e+02 7.334242e-17 7.329242e-17
1.044000e+02 9.429917e-17 9.424917e-17
1.045000e+02 1.189937e-16 1.189437e-16
1.046000e+02 1.456198e-16 1.455698e-16
1.047000e+02 1.714453e-16 1.713953e-16
1.048000e+02 1.932140e-16 1.931640e-16
1.049000e+02 2.077997e-16 2.077497e-16
1.050000e+02 2.129375e-16 2.128875e-16
1.051000e+02 2.077997e-16 2.077497e-16
1.052000e+02 1.932140e-16 1.931640e-16
1.053000e+02 1.778068e-16 1.777568e-16
1.054000e+02 1.476894e-16 1.476394e-16
1.055000e+02 1.039937e-16 1.039437e-16
1.056000e+02 7.929917e-17 7.924917e-17
1.057000e+02 5.834242e-17 5.829242e-17
1.058000e+02 4.191112e-17 4.186112e-17
1.059000e+02 2.993660e-17 2.988660e-17
1.060000e+02 2.179297e-17 2.174297e-17
1.061000e+02 1.661013e-17 1.656013e-17
1.062000e+02 1.351709e-17 1.346709e-17
1.063000e+02 1.178354e-17 1.173354e-17
1.064000e+02 1.087002e-17 1.082002e-17
1.065000e+02 1.041697e-17 1.036697e-17
1.066000e+02 1.020536e-17 1.015536e-17
1.067000e+02 1.011223e-17 1.006223e-17
1.068000e+02 1.007358e-17 1.002358e-17
1.069000e+02 1.005845e-17 1.000845e-17
1.070000e+02 1.005287e-17 1.000287e-17
1.071000e+02 1.005092e-17 1.000092e-17
1.072000e+02 1.005028e-17 1.000028e-17
1.073000e+02 1.005008e-17 1.000008e-17
1.074000e+02 1.005002e-17 1.000002e-17
1.075000e+02 1.005001e-17 1.000001e-17
1.076000e+02 1.005000e-17 1.000000e-17
1.077000e+02 1.005000e-17 1.000000e-17
1.078000e+02 1.005000e-17 1.000000e-17
1.079000e+02 1.005000e-17 1.000000e-17
1.080000e+02 1.005000e-17 1.000000e-17
1.081000e+02 1.005000e-17 1.000000e-17
1.082000e+02 1.005000e-17 1.000000e-17
1.083000e+02 1.005000e-17 1.000000e-17
1.084000e+02 1.005000e-17 1.000000e-17
1.085000e+02 1.005000e-17 1.000000e-17
1.086000e+02 1.005000e-17 1.000000e-17
1.087000e+02 1.005000e-17 1.000000e-17
1.088000e+02 1.005000e-17 1.000000e-17
1.089000e+02 1.005000e-17 1.000000e-17
1.090000e+02 1.005000e-17 1.000000e-17
1.091000e+02 1.005000e-17 1.000000e-17
1.092000e+02 1.005000e-17 1.000000e-17
1.093000e+02 1.005000e-17 1.000000e-17
1.094000e+02 1.005000e-17 1.000000e-17
1.095000e+02 1.005000e-17 1.000000e-17
1.096000e+02 1.005000e-17 1.000000e-17
1.097000e+02 1.005000e-17 1.000000e-17
1.098000e+02 1.005000e-17 1.000000e-17
1.099000e+02 1.005000e-17 1.000000e-17
1.100000e+02 1.005000e-17 1.000000e-17
1.101000e+02 1.005000e-17 1.000000e-17
1.102000e+02 1.005000e-17 1.000000e-17
1.103000e+02 1.005000e-17 1.000000e-17
1.104000e+02 1.005000e-17 1.000000e-17
1.105000e+02 1.005000e-17 1.000000e-17
1.106000e+02 1.005000e-17 1.000000e-17
1.107000e+02 1.005000e-17 1.000000e-17
1.108000e+02 1.005000e-17 1.000000e-17
1.109000e+02 1.005000e-17 1.000000e-17
1.110000e+02 1.005000e-17 1.000000e-17
1.111000e+02 1.005000e-17 1.000000e-17
1.112000e+02 1.005000e-17 1.000000e-17
1.113000e+02 1.005000e-17 1.000000e-17
1.114000e+02 1.005000e-17 1.000000e-17
1.115000e+02 1.005000e-17 1.000000e-17
1.116000e+02 1.005000e-17 1.000000e-17
1.117000e+02 1.005000e-17 1.000000e-17
1.118000e+02 1.005000e-17 1.000000e-17
1.119000e+02 1.005000e-17 1.000000e-17
1.120000e+02 1.005000e-17 1.000000e-17
1.121000e+02 1.005000e-17 1.000000e-17
1.122000e+02 1.005000e-17 1.000000e-17
1.123000e+02 1.005000e-17 1.000000e-17
1.124000e+02 1.005000e-17 1.000000e-17
1.125000e+02 1.005000e-17 1.000000e-17
1.126000e+02 1.005000e-17 1.000000e-17
1.127000e+02 1.005000e-17 1.000000e-17
1.128000e+02 1.005000e-17 1.000000e-17
1.129000e+02 1.005000e-17 1.000000e-17
1.130000e+02 1.005000e-17 1.000000e-17
1.131000e+02 1.005000e-17 1.000000e-17
1.132000e+02 1.005000e-17 1.000000e-17
1.133000e+02 1.005000e-17 1.000000e-17
1.134000e+02 1.005000e-17 1.000000e-17
1.135000e+02 1.005000e-17 1.000000e-17
1.136000e+02 1.005000e-17 1.000000e-17
1.137000e+02 1.005000e-17 1.000000e-17
1.138000e+02 1.005000e-17 1.000000e-17
1.139000e+02 1.005000e-17 1.000000e-17
1.140000e+02 1.005000e-17 1.000000e-17
1.141000e+02 1.005000e-17 1.000000e-17
1.142000e+02 1.005000e-17 1.000000e-17
1.143000e+02 1.005000e-17 1.000000e-17
1.144000e+02 1.005000e-17 1.000000e-17
1.145000e+02 1.005000e-17 1.000000e-17
1.146000e+02 1.005000e-17 1.000000e-17
1.147000e+02 1.005000e-17 1.000000e-17
1.148000e+02 1.005000e-17 1.000000e-17
1.149000e+02 1.005000e-17 1.000000e-17
1.150000e+02 1.005000e-17 1.000000e-17
1.151000e+02 1.005000e-17 1.000000e-17
1.152000e+02 1.005000e-17 1.000000e-17
1.153000e+02 1.005000e-17 1.000000e-17
1.154000e+02 1.005000e-17 1.000000e-17
1.155000e+02 1.005000e-17 1.000000e-17
1.156000e+02 1.005000e-17 1.000000e-17
1.157000e+02 1.005000e-17 1.000000e-17
1.158000e+02 1.005000e-17 1.000000e-17
1.159000e+02 1.005000e-17 1.000000e-17
1.160000e+02 1.005000e-17 1.000000e-17
1.161000e+02 1.005000e-17 1.000000e-17
1.162000e+02 1.005000e-17 1.000000e-17
1.163000e+02 1.005000e-17 1.000000e-17
1.164000e+02 8.492368e-18 8.442368e-18
1.165000e+02 5.508333e-18 5.458333e-18
