#
# CH + PHOTON = C + H
#
# 32
#
#
#
#
#
#
145.8637 0.1e-18  0.1e-18
147.6002 0.6e-18  0.6e-18
149.3785 2.4e-18  2.4e-18
151.2002 6.2e-18  6.2e-18
153.0669 12.0e-18 12.0e-18
154.2092 17.5e-18 17.5e-18
154.9802 23.1e-18 23.1e-18
155.7590 30.7e-18 30.7e-18
156.5457 38.1e-18 38.1e-18
156.9420 39.1e-18 39.1e-18
157.3404 37.0e-18 37.0e-18
158.1431 25.8e-18 25.8e-18
158.9541 15.0e-18 15.0e-18
159.7734 8.4e-18 8.4e-18
161.0184 3.7e-18 3.7e-18
163.1371 1.2e-18 1.2e-18
165.3122 0.4e-18 0.4e-18
167.5462 0.2e-18 0.2e-18
172.2001 0.02e-18 0.02e-18
177.1202 0.14e-18 0.14e-18
182.3296 0.77e-18 0.77e-18	
185.0510 1.57e-18 1.57e-18
187.8548 3.03e-18 3.03e-18
190.7448 5.12e-18 5.12e-18
193.7252 7.16e-18 7.16e-18
196.8003 8.44e-18 8.44e-18
198.3747 8.50e-18 8.50e-18
199.9745 7.56e-18 7.56e-18
201.6003 5.53e-18 5.53e-18
203.2528 3.68e-18 3.68e-18
206.6403 1.31e-18 1.31e-18
210.1427 0.54e-18 0.54e-18
