# Cl photoionisation cross section
# From the Leiden database for photodissociation and photoionization of astrophysically relevant molecules, http://home.strw.leidenuniv.nl/~ewine/photo/
# File last modified by Alan Heays 2017-03-01
# references: ruscic1983 10.1103/PhysRevLett.50.675, huebner2015 10.1016/j.pss.2014.11.022,
# no info on lines
# wavelength: (nm)
# photoabsorption:    cross section (cm2)
# photoionisation: Photoionisation cross section (cm2)
# This version has been resampled to a uniform 0.1nm grid while maintaining a constant integrated cross section (using trapezoidal integration).
# wavelength photoabsorption photoionisation
6.000000e+01 4.000000e-17 4.000000e-17
6.010000e+01 4.000000e-17 4.000000e-17
6.020000e+01 4.000000e-17 4.000000e-17
6.030000e+01 4.000000e-17 4.000000e-17
6.040000e+01 4.000000e-17 4.000000e-17
6.050000e+01 4.000000e-17 4.000000e-17
6.060000e+01 4.000000e-17 4.000000e-17
6.070000e+01 4.000000e-17 4.000000e-17
6.080000e+01 4.000000e-17 4.000000e-17
6.090000e+01 4.000000e-17 4.000000e-17
6.100000e+01 4.000000e-17 4.000000e-17
6.110000e+01 4.000000e-17 4.000000e-17
6.120000e+01 4.000000e-17 4.000000e-17
6.130000e+01 4.000000e-17 4.000000e-17
6.140000e+01 4.000000e-17 4.000000e-17
6.150000e+01 4.000000e-17 4.000000e-17
6.160000e+01 4.000000e-17 4.000000e-17
6.170000e+01 4.000000e-17 4.000000e-17
6.180000e+01 4.000000e-17 4.000000e-17
6.190000e+01 4.000000e-17 4.000000e-17
6.200000e+01 4.000000e-17 4.000000e-17
6.210000e+01 4.000000e-17 4.000000e-17
6.220000e+01 4.000000e-17 4.000000e-17
6.230000e+01 4.000000e-17 4.000000e-17
6.240000e+01 4.000000e-17 4.000000e-17
6.250000e+01 4.000000e-17 4.000000e-17
6.260000e+01 4.000000e-17 4.000000e-17
6.270000e+01 4.000000e-17 4.000000e-17
6.280000e+01 4.000000e-17 4.000000e-17
6.290000e+01 4.000000e-17 4.000000e-17
6.300000e+01 4.000000e-17 4.000000e-17
6.310000e+01 4.000000e-17 4.000000e-17
6.320000e+01 4.000000e-17 4.000000e-17
6.330000e+01 4.000000e-17 4.000000e-17
6.340000e+01 4.000000e-17 4.000000e-17
6.350000e+01 4.000000e-17 4.000000e-17
6.360000e+01 4.000000e-17 4.000000e-17
6.370000e+01 4.000000e-17 4.000000e-17
6.380000e+01 4.000000e-17 4.000000e-17
6.390000e+01 4.000000e-17 4.000000e-17
6.400000e+01 4.000000e-17 4.000000e-17
6.410000e+01 4.000000e-17 4.000000e-17
6.420000e+01 4.000000e-17 4.000000e-17
6.430000e+01 4.000000e-17 4.000000e-17
6.440000e+01 4.000000e-17 4.000000e-17
6.450000e+01 4.000000e-17 4.000000e-17
6.460000e+01 4.000000e-17 4.000000e-17
6.470000e+01 4.000000e-17 4.000000e-17
6.480000e+01 4.000000e-17 4.000000e-17
6.490000e+01 4.000000e-17 4.000000e-17
6.500000e+01 4.000000e-17 4.000000e-17
6.510000e+01 4.000000e-17 4.000000e-17
6.520000e+01 4.000000e-17 4.000000e-17
6.530000e+01 4.000000e-17 4.000000e-17
6.540000e+01 4.000000e-17 4.000000e-17
6.550000e+01 4.000000e-17 4.000000e-17
6.560000e+01 4.000000e-17 4.000000e-17
6.570000e+01 4.000000e-17 4.000000e-17
6.580000e+01 4.000000e-17 4.000000e-17
6.590000e+01 4.000000e-17 4.000000e-17
6.600000e+01 4.000000e-17 4.000000e-17
6.610000e+01 4.000000e-17 4.000000e-17
6.620000e+01 4.000000e-17 4.000000e-17
6.630000e+01 4.000000e-17 4.000000e-17
6.640000e+01 4.000000e-17 4.000000e-17
6.650000e+01 4.000000e-17 4.000000e-17
6.660000e+01 4.000000e-17 4.000000e-17
6.670000e+01 4.000000e-17 4.000000e-17
6.680000e+01 4.000000e-17 4.000000e-17
6.690000e+01 4.000000e-17 4.000000e-17
6.700000e+01 4.000000e-17 4.000000e-17
6.710000e+01 4.000000e-17 4.000000e-17
6.720000e+01 4.000000e-17 4.000000e-17
6.730000e+01 4.000000e-17 4.000000e-17
6.740000e+01 4.000000e-17 4.000000e-17
6.750000e+01 4.000000e-17 4.000000e-17
6.760000e+01 4.000000e-17 4.000000e-17
6.770000e+01 4.000000e-17 4.000000e-17
6.780000e+01 4.000000e-17 4.000000e-17
6.790000e+01 4.000000e-17 4.000000e-17
6.800000e+01 4.000000e-17 4.000000e-17
6.810000e+01 4.000000e-17 4.000000e-17
6.820000e+01 4.000000e-17 4.000000e-17
6.830000e+01 4.000000e-17 4.000000e-17
6.840000e+01 4.000000e-17 4.000000e-17
6.850000e+01 4.000000e-17 4.000000e-17
6.860000e+01 4.000000e-17 4.000000e-17
6.870000e+01 4.000000e-17 4.000000e-17
6.880000e+01 4.000000e-17 4.000000e-17
6.890000e+01 4.000000e-17 4.000000e-17
6.900000e+01 4.000000e-17 4.000000e-17
6.910000e+01 4.000000e-17 4.000000e-17
6.920000e+01 4.000000e-17 4.000000e-17
6.930000e+01 4.000000e-17 4.000000e-17
6.940000e+01 4.000000e-17 4.000000e-17
6.950000e+01 4.000000e-17 4.000000e-17
6.960000e+01 4.000000e-17 4.000000e-17
6.970000e+01 4.000000e-17 4.000000e-17
6.980000e+01 4.000000e-17 4.000000e-17
6.990000e+01 4.000000e-17 4.000000e-17
7.000000e+01 4.000000e-17 4.000000e-17
7.010000e+01 4.000000e-17 4.000000e-17
7.020000e+01 4.000000e-17 4.000000e-17
7.030000e+01 4.000000e-17 4.000000e-17
7.040000e+01 4.000000e-17 4.000000e-17
7.050000e+01 4.000000e-17 4.000000e-17
7.060000e+01 4.000000e-17 4.000000e-17
7.070000e+01 4.000000e-17 4.000000e-17
7.080000e+01 4.000000e-17 4.000000e-17
7.090000e+01 4.000000e-17 4.000000e-17
7.100000e+01 4.000000e-17 4.000000e-17
7.110000e+01 4.000000e-17 4.000000e-17
7.120000e+01 4.000000e-17 4.000000e-17
7.130000e+01 4.000000e-17 4.000000e-17
7.140000e+01 4.000000e-17 4.000000e-17
7.150000e+01 4.000000e-17 4.000000e-17
7.160000e+01 4.000000e-17 4.000000e-17
7.170000e+01 4.000000e-17 4.000000e-17
7.180000e+01 4.000000e-17 4.000000e-17
7.190000e+01 4.000000e-17 4.000000e-17
7.200000e+01 4.000000e-17 4.000000e-17
7.210000e+01 4.000000e-17 4.000000e-17
7.220000e+01 4.000000e-17 4.000000e-17
7.230000e+01 4.000000e-17 4.000000e-17
7.240000e+01 4.000000e-17 4.000000e-17
7.250000e+01 4.000000e-17 4.000000e-17
7.260000e+01 4.000000e-17 4.000000e-17
7.270000e+01 4.000000e-17 4.000000e-17
7.280000e+01 4.000000e-17 4.000000e-17
7.290000e+01 4.000000e-17 4.000000e-17
7.300000e+01 4.000000e-17 4.000000e-17
7.310000e+01 4.000000e-17 4.000000e-17
7.320000e+01 4.000000e-17 4.000000e-17
7.330000e+01 4.000000e-17 4.000000e-17
7.340000e+01 4.000000e-17 4.000000e-17
7.350000e+01 4.000000e-17 4.000000e-17
7.360000e+01 4.000000e-17 4.000000e-17
7.370000e+01 4.000000e-17 4.000000e-17
7.380000e+01 4.000000e-17 4.000000e-17
7.390000e+01 4.000000e-17 4.000000e-17
7.400000e+01 4.000000e-17 4.000000e-17
7.410000e+01 4.000000e-17 4.000000e-17
7.420000e+01 4.000000e-17 4.000000e-17
7.430000e+01 4.000000e-17 4.000000e-17
7.440000e+01 4.000000e-17 4.000000e-17
7.450000e+01 4.000000e-17 4.000000e-17
7.460000e+01 4.000000e-17 4.000000e-17
7.470000e+01 4.000000e-17 4.000000e-17
7.480000e+01 4.000000e-17 4.000000e-17
7.490000e+01 4.000000e-17 4.000000e-17
7.500000e+01 4.000000e-17 4.000000e-17
7.510000e+01 4.007039e-17 4.007039e-17
7.520000e+01 4.014078e-17 4.014078e-17
7.530000e+01 4.021118e-17 4.021118e-17
7.540000e+01 4.028157e-17 4.028157e-17
7.550000e+01 4.020365e-17 4.020365e-17
7.560000e+01 4.005816e-17 4.005816e-17
7.570000e+01 3.991268e-17 3.991268e-17
7.580000e+01 3.976719e-17 3.976719e-17
7.590000e+01 3.962170e-17 3.962170e-17
7.600000e+01 4.031314e-17 4.031314e-17
7.610000e+01 4.035510e-17 4.035510e-17
7.620000e+01 3.900930e-17 3.900930e-17
7.630000e+01 3.975370e-17 3.975370e-17
7.640000e+01 4.019684e-17 4.019684e-17
7.650000e+01 4.228583e-17 4.228583e-17
7.660000e+01 4.070751e-17 4.070751e-17
7.670000e+01 3.826890e-17 3.826890e-17
7.680000e+01 4.030828e-17 4.030828e-17
7.690000e+01 4.501449e-17 4.501449e-17
7.700000e+01 4.310229e-17 4.310229e-17
7.710000e+01 4.012731e-17 4.012731e-17
7.720000e+01 4.040317e-17 4.040317e-17
7.730000e+01 4.192482e-17 4.192482e-17
7.740000e+01 4.893771e-17 4.893771e-17
7.750000e+01 4.556165e-17 4.556165e-17
7.760000e+01 3.802978e-17 3.802978e-17
7.770000e+01 3.798735e-17 3.798735e-17
7.780000e+01 3.810152e-17 3.810152e-17
7.790000e+01 3.895910e-17 3.895910e-17
7.800000e+01 3.981668e-17 3.981668e-17
7.810000e+01 4.067426e-17 4.067426e-17
7.820000e+01 4.327067e-17 4.327067e-17
7.830000e+01 4.716295e-17 4.716295e-17
7.840000e+01 5.238825e-17 5.238825e-17
7.850000e+01 4.908104e-17 4.908104e-17
7.860000e+01 3.604252e-17 3.604252e-17
7.870000e+01 3.720384e-17 3.720384e-17
7.880000e+01 3.602197e-17 3.602197e-17
7.890000e+01 3.629451e-17 3.629451e-17
7.900000e+01 3.656704e-17 3.656704e-17
7.910000e+01 3.683958e-17 3.683958e-17
7.920000e+01 3.711212e-17 3.711212e-17
7.930000e+01 3.738466e-17 3.738466e-17
7.940000e+01 3.765720e-17 3.765720e-17
7.950000e+01 3.792973e-17 3.792973e-17
7.960000e+01 3.820227e-17 3.820227e-17
7.970000e+01 3.847481e-17 3.847481e-17
7.980000e+01 3.828816e-17 3.828816e-17
7.990000e+01 4.144614e-17 4.144614e-17
8.000000e+01 4.829392e-17 4.829392e-17
8.010000e+01 5.017572e-17 5.017572e-17
8.020000e+01 5.706334e-17 5.706334e-17
8.030000e+01 5.483009e-17 5.483009e-17
8.040000e+01 3.906366e-17 3.906366e-17
8.050000e+01 3.505216e-17 3.505216e-17
8.060000e+01 3.345364e-17 3.345364e-17
8.070000e+01 3.285893e-17 3.285893e-17
8.080000e+01 3.235880e-17 3.235880e-17
8.090000e+01 3.194153e-17 3.194153e-17
8.100000e+01 3.152427e-17 3.152427e-17
8.110000e+01 3.149356e-17 3.149356e-17
8.120000e+01 3.154316e-17 3.154316e-17
8.130000e+01 3.159275e-17 3.159275e-17
8.140000e+01 3.164234e-17 3.164234e-17
8.150000e+01 3.169194e-17 3.169194e-17
8.160000e+01 3.174153e-17 3.174153e-17
8.170000e+01 3.179112e-17 3.179112e-17
8.180000e+01 3.184071e-17 3.184071e-17
8.190000e+01 3.189031e-17 3.189031e-17
8.200000e+01 3.193990e-17 3.193990e-17
8.210000e+01 3.198949e-17 3.198949e-17
8.220000e+01 3.203909e-17 3.203909e-17
8.230000e+01 3.208868e-17 3.208868e-17
8.240000e+01 3.213827e-17 3.213827e-17
8.250000e+01 3.218787e-17 3.218787e-17
8.260000e+01 3.223746e-17 3.223746e-17
8.270000e+01 3.228705e-17 3.228705e-17
8.280000e+01 3.233665e-17 3.233665e-17
8.290000e+01 3.238624e-17 3.238624e-17
8.300000e+01 3.233821e-17 3.233821e-17
8.310000e+01 3.228005e-17 3.228005e-17
8.320000e+01 3.222188e-17 3.222188e-17
8.330000e+01 3.216372e-17 3.216372e-17
8.340000e+01 3.210556e-17 3.210556e-17
8.350000e+01 3.204740e-17 3.204740e-17
8.360000e+01 3.198924e-17 3.198924e-17
8.370000e+01 3.240678e-17 3.240678e-17
8.380000e+01 3.409751e-17 3.409751e-17
8.390000e+01 4.963254e-17 4.963254e-17
8.400000e+01 4.982920e-17 4.982920e-17
8.410000e+01 4.939994e-17 4.939994e-17
8.420000e+01 4.796365e-17 4.796365e-17
8.430000e+01 5.337942e-17 5.337942e-17
8.440000e+01 5.437339e-17 5.437339e-17
8.450000e+01 4.890596e-17 4.890596e-17
8.460000e+01 4.174509e-17 4.174509e-17
8.470000e+01 3.627097e-17 3.627097e-17
8.480000e+01 3.397361e-17 3.397361e-17
8.490000e+01 3.363405e-17 3.363405e-17
8.500000e+01 3.329449e-17 3.329449e-17
8.510000e+01 3.300846e-17 3.300846e-17
8.520000e+01 3.273727e-17 3.273727e-17
8.530000e+01 3.139846e-17 3.139846e-17
8.540000e+01 3.050464e-17 3.050464e-17
8.550000e+01 3.073679e-17 3.073679e-17
8.560000e+01 3.096894e-17 3.096894e-17
8.570000e+01 3.120110e-17 3.120110e-17
8.580000e+01 3.143325e-17 3.143325e-17
8.590000e+01 3.161103e-17 3.161103e-17
8.600000e+01 3.145483e-17 3.145483e-17
8.610000e+01 3.129862e-17 3.129862e-17
8.620000e+01 3.114242e-17 3.114242e-17
8.630000e+01 3.128997e-17 3.128997e-17
8.640000e+01 3.034436e-17 3.034436e-17
8.650000e+01 2.944743e-17 2.944743e-17
8.660000e+01 2.584979e-17 2.584979e-17
8.670000e+01 2.766005e-17 2.766005e-17
8.680000e+01 3.502001e-17 3.502001e-17
8.690000e+01 2.578632e-17 2.578632e-17
8.700000e+01 2.835731e-17 2.835731e-17
8.710000e+01 2.807204e-17 2.807204e-17
8.720000e+01 1.664590e-17 1.664590e-17
8.730000e+01 3.711741e-17 3.711741e-17
8.740000e+01 3.787133e-17 3.787133e-17
8.750000e+01 1.209300e-17 1.209300e-17
8.760000e+01 1.390444e-17 1.390444e-17
8.770000e+01 3.906895e-17 3.906895e-17
8.780000e+01 4.833723e-17 4.833723e-17
8.790000e+01 2.886898e-17 2.886898e-17
8.800000e+01 8.795153e-18 8.795153e-18
8.810000e+01 1.614804e-17 1.614804e-17
8.820000e+01 2.000083e-17 2.000083e-17
8.830000e+01 3.578996e-17 3.578996e-17
8.840000e+01 4.754190e-17 4.754190e-17
8.850000e+01 4.966637e-17 4.966637e-17
8.860000e+01 4.083345e-17 4.083345e-17
8.870000e+01 1.052753e-17 1.052753e-17
8.880000e+01 7.287386e-18 7.287386e-18
8.890000e+01 8.386683e-18 8.386683e-18
8.900000e+01 1.338804e-17 1.338804e-17
8.910000e+01 1.858926e-17 1.858926e-17
8.920000e+01 2.367600e-17 2.367600e-17
8.930000e+01 3.251954e-17 3.251954e-17
8.940000e+01 4.148320e-17 4.148320e-17
8.950000e+01 4.716404e-17 4.716404e-17
8.960000e+01 5.191455e-17 5.191455e-17
8.970000e+01 5.015425e-17 5.015425e-17
8.980000e+01 5.130999e-17 5.130999e-17
8.990000e+01 3.186788e-17 3.186788e-17
9.000000e+01 1.321892e-17 1.321892e-17
9.010000e+01 3.958843e-18 3.958843e-18
9.020000e+01 4.674631e-18 4.674631e-18
9.030000e+01 6.970182e-18 6.970182e-18
9.040000e+01 9.265733e-18 9.265733e-18
9.050000e+01 1.156128e-17 1.156128e-17
9.060000e+01 1.385684e-17 1.385684e-17
9.070000e+01 1.615239e-17 1.615239e-17
9.080000e+01 1.844794e-17 1.844794e-17
9.090000e+01 2.074349e-17 2.074349e-17
9.100000e+01 2.303904e-17 2.303904e-17
9.110000e+01 2.533459e-17 2.533459e-17
9.120000e+01 1.885004e-17 1.885004e-17
9.130000e+01 3.332784e-17 3.332784e-17
9.140000e+01 3.130015e-17 3.130015e-17
9.150000e+01 3.328717e-17 3.328717e-17
9.160000e+01 4.290406e-17 4.290406e-17
9.170000e+01 4.917802e-17 4.917802e-17
9.180000e+01 4.346042e-17 4.346042e-17
9.190000e+01 4.650798e-17 4.650798e-17
9.200000e+01 5.176706e-17 5.176706e-17
9.210000e+01 5.235557e-17 5.235557e-17
9.220000e+01 5.020837e-17 5.020837e-17
9.230000e+01 4.248684e-17 4.248684e-17
9.240000e+01 2.767232e-17 2.767232e-17
9.250000e+01 1.678941e-17 1.678941e-17
9.260000e+01 1.087275e-17 1.087275e-17
9.270000e+01 8.009347e-18 8.009347e-18
9.280000e+01 5.145945e-18 5.145945e-18
9.290000e+01 4.900253e-18 4.900253e-18
9.300000e+01 5.814210e-18 5.814210e-18
9.310000e+01 6.728167e-18 6.728167e-18
9.320000e+01 7.642125e-18 7.642125e-18
9.330000e+01 8.556082e-18 8.556082e-18
9.340000e+01 9.470040e-18 9.470040e-18
9.350000e+01 1.038400e-17 1.038400e-17
9.360000e+01 1.120964e-17 1.120964e-17
9.370000e+01 1.202771e-17 1.202771e-17
9.380000e+01 1.284578e-17 1.284578e-17
9.390000e+01 1.366385e-17 1.366385e-17
9.400000e+01 1.448192e-17 1.448192e-17
9.410000e+01 1.529998e-17 1.529998e-17
9.420000e+01 1.611805e-17 1.611805e-17
9.430000e+01 1.693612e-17 1.693612e-17
9.440000e+01 1.775419e-17 1.775419e-17
9.450000e+01 1.840951e-17 1.840951e-17
9.460000e+01 1.901539e-17 1.901539e-17
9.470000e+01 1.962128e-17 1.962128e-17
9.480000e+01 2.022716e-17 2.022716e-17
9.490000e+01 2.079051e-17 2.079051e-17
9.500000e+01 2.066302e-17 2.066302e-17
9.510000e+01 2.091568e-17 2.091568e-17
9.520000e+01 2.498091e-17 2.498091e-17
9.530000e+01 2.528120e-17 2.528120e-17
9.540000e+01 2.442272e-17 2.442272e-17
9.550000e+01 3.043790e-17 3.043790e-17
9.560000e+01 1.381688e-17 1.381688e-17
9.570000e+01 2.671427e-18 2.671427e-18
9.580000e+01 1.865955e-18 1.865955e-18
9.590000e+01 1.060482e-18 1.060482e-18
