#
# CN + PHOTON = C + N
#
# 152
#
#
#
#
#
#
 91.1657   1.880e-16  1.880e-16 
 91.2590   1.782e-16  1.782e-16 
 91.3531   1.685e-16  1.685e-16 
 91.4468   1.591e-16  1.591e-16
 91.5406   1.504e-16  1.504e-16
 91.5778   1.471e-16  1.471e-16 
 91.6353   1.423e-16  1.423e-16
 91.7065   1.369e-16  1.369e-16
 91.7208   1.359e-16  1.359e-16
 91.7296   1.352e-16  1.352e-16
 91.8240   1.292e-16  1.292e-16
 91.9193   1.240e-16  1.240e-16 
 91.9936   1.205e-16  1.205e-16
 92.0032   1.201e-16  1.201e-16
 92.0141   1.196e-16  1.196e-16
 92.1092   1.158e-16  1.158e-16
 92.2051   1.123e-16  1.123e-16
 92.2538   1.107e-16  1.107e-16
 92.2826   1.097e-16  1.097e-16
 92.3005   1.092e-16  1.092e-16
 92.3961   1.062e-16  1.062e-16
 92.4133   1.056e-16  1.056e-16
 92.4926   1.033e-16  1.033e-16
 92.5886   1.006e-16  1.006e-16
 92.6848   9.807e-17  9.807e-17
 92.7819   9.583e-17  9.583e-17
 92.8062   9.532e-17  9.532e-17
 92.8069   9.530e-17  9.530e-17
 92.8368   9.471e-17  9.471e-17
 92.8555   9.435e-17  9.435e-17
 92.8785   9.393e-17  9.393e-17
 92.9753   9.242e-17  9.242e-17
 93.0730   9.131e-17  9.131e-17
 93.1702   9.061e-17  9.061e-17
 93.2642   9.021e-17  9.021e-17
 93.2677   9.019e-17  9.019e-17
 93.3660   9.000e-17  9.000e-17
 93.3674   9.000e-17  9.000e-17
 93.4279   8.996e-17  8.996e-17 
 93.4638   8.993e-17  8.993e-17
 93.5619   8.982e-17  8.982e-17  
 93.6608   8.953e-17  8.953e-17
 93.6962   8.933e-17  8.933e-17
 93.7245   8.916e-17  8.916e-17
 93.7593   8.897e-17  8.897e-17
 93.8579   8.819e-17  8.819e-17
 93.9347   8.584e-17  8.584e-17
 94.0109   8.173e-17  8.173e-17
 94.1315   7.214e-17  7.214e-17
 94.5090   2.641e-17  2.641e-17
 94.5710   1.785e-17  1.785e-17
 94.6013   1.366e-17  1.366e-17
 94.6099   1.246e-17  1.246e-17
 95.0145   1.181e-17  1.181e-17
 95.0895   1.185e-17  1.185e-17
 95.1991   1.203e-17  1.203e-17
 95.4622   1.297e-17  1.297e-17
 95.6780   1.429e-17  1.429e-17
 95.8045   1.529e-17  1.529e-17
 95.9142   1.628e-17  1.628e-17
 96.2739   2.041e-17  2.041e-17
 96.3704   2.181e-17  2.181e-17
 96.4176   2.255e-17  2.255e-17
 96.4311   2.277e-17  2.277e-17
 96.8311   3.096e-17  3.096e-17
 96.8772   3.216e-17  3.216e-17
 97.0387   3.673e-17  3.673e-17
 97.2961   4.486e-17  4.486e-17
 97.3687   4.724e-17  4.724e-17
 97.4881   5.120e-17  5.120e-17
 97.6686   5.724e-17  5.724e-17
 97.7656   6.049e-17  6.049e-17
 98.1060   7.257e-17  7.257e-17
 98.2397   7.831e-17  7.831e-17
 98.3059   8.149e-17  8.149e-17
 98.3246   8.243e-17  8.243e-17
 98.7184   1.066e-16  1.066e-16
 98.7325   1.076e-16  1.076e-16
 98.9516   1.246e-16  1.246e-16
 99.2026   1.459e-16  1.459e-16
 99.2987   1.544e-16  1.544e-16
 99.3672   1.605e-16  1.605e-16
 99.6058   1.820e-16  1.820e-16
 99.6907   1.898e-16  1.898e-16
100.0100   2.122e-16  2.122e-16
100.1837   2.093e-16  2.093e-16
100.2688   2.018e-16  2.018e-16
100.2931   1.992e-16  1.992e-16
100.6603   1.800e-16  1.800e-16
100.6816   1.824e-16  1.824e-16
100.9406   2.504e-16  2.504e-16
101.1845   3.281e-16  3.281e-16
101.3077   3.511e-16  3.511e-16 
101.3201   3.525e-16  3.525e-16
101.6215   3.257e-16  3.257e-16
101.6924   2.999e-16  2.999e-16
101.9885   1.323e-16  1.323e-16
102.2054   2.488e-17  2.488e-17
102.3125   1.800e-17  1.800e-17
102.3429   1.685e-17  1.685e-17
102.6658   1.026e-17  1.026e-17
102.7236   1.531e-17  1.531e-17
103.0121   2.164e-17  2.164e-17
103.2471   1.432e-17  1.432e-17
103.3521   1.098e-17  1.098e-17
103.3987   9.675e-18  9.675e-18
103.7213   3.636e-18  3.636e-18
103.7760   3.139e-18  3.139e-18
104.0469   3.178e-18  3.178e-18
104.3103   3.274e-18  3.274e-18
104.4404   3.491e-18  3.491e-18
104.4774   3.521e-18  3.521e-18
104.7519   3.500e-18  3.500e-18
104.8502   3.466e-18  3.466e-18
105.1695   3.567e-18  3.567e-18
105.3966   3.633e-18  3.633e-18
105.4665   3.660e-18  3.660e-18
105.5788   3.694e-18  3.694e-18
105.6670   3.715e-18  3.715e-18
105.9088   3.754e-18  3.754e-18
105.9477   3.760e-18  3.760e-18 
106.1910   3.792e-18  3.792e-18 
106.5048   3.799e-18  3.799e-18 
106.6596   3.786e-18  3.786e-18 
106.7027   3.779e-18  3.779e-18
106.9245   3.732e-18  3.732e-18
107.0676   3.696e-18  3.696e-18
107.4201   3.638e-18  3.638e-18
107.6365   3.654e-18  3.654e-18
107.6692   3.661e-18  3.661e-18
107.8518   3.733e-18  3.733e-18
108.1916   3.999e-18  3.999e-18
108.2114   4.018e-18  4.018e-18
108.4243   4.218e-18  4.218e-18
108.7925   4.476e-18  4.476e-18
108.9742   4.509e-18  4.509e-18
109.0259   4.502e-18  4.502e-18
109.1901   4.426e-18  4.426e-18
109.3799   4.256e-18  4.256e-18
109.7682   3.753e-18  3.753e-18
109.9736   3.469e-18  3.469e-18
110.2249   3.172e-18  3.172e-18
111.4515   2.769e-18  2.769e-18
112.7058   2.327e-18  2.327e-18
113.9886   1.904e-18  1.904e-18
115.2998   1.499e-18  1.499e-18
116.6427   1.160e-18  1.160e-18 
118.0172   8.767e-19  8.767e-19
119.4234   6.726e-19  6.726e-19
120.5474   5.566e-19  5.566e-19
122.3411   4.853e-19  4.853e-19
122.3411   0.000E+00  0.000E+00
