# CS cross sections
# From the Leiden database for photodissociation and photoionization of astrophysically relevant molecules, http://home.strw.leidenuniv.nl/~ewine/photo/
# File last modified by Alan Heays 2017-03-01
# references: stark1987 10.1016/0022-2852(87)90151-2, bruna1975 10.1016/0301-0104(75)80120-0, norwood1991 10.1016/0009-2614(91)87179-F,
# no info on lines
# wavelength: (nm)
# photoabsorption   -- Photoabsorption cross section (cm2)
# photodissociation -- Photodissociation cross section (cm2)
# This version has been resampled to a uniform 0.1nm grid while maintaining a constant integrated cross section (using trapezoidal integration).
# wavelength photoabsorption photodissociation
1.119000e+02 1.772618e-27 6.835306e-29
1.120000e+02 1.367061e-28 1.367061e-28
1.121000e+02 7.054914e-29 7.054914e-29
1.122000e+02 4.392170e-30 4.392170e-30
1.123000e+02 2.252606e-30 2.252606e-30
1.124000e+02 1.130422e-31 1.130422e-31
1.125000e+02 5.768644e-32 5.768644e-32
1.126000e+02 2.330627e-33 2.330627e-33
1.127000e+02 1.184560e-33 1.184560e-33
1.128000e+02 3.849242e-35 3.849242e-35
1.129000e+02 1.950085e-35 1.950085e-35
1.130000e+02 5.092700e-37 5.092700e-37
1.131000e+02 2.573337e-37 2.573337e-37
1.132000e+02 5.397483e-39 5.397483e-39
1.133000e+02 2.721654e-39 2.721654e-39
1.134000e+02 4.582526e-41 4.582526e-41
1.135000e+02 2.306846e-41 2.306846e-41
1.136000e+02 3.116657e-43 3.116657e-43
1.137000e+02 1.566819e-43 1.566819e-43
1.138000e+02 1.698119e-45 1.698119e-45
1.139000e+02 8.666605e-46 8.666605e-46
1.140000e+02 3.520155e-47 3.520155e-47
1.141000e+02 3.201406e-45 3.201406e-45
1.142000e+02 6.367610e-45 6.367610e-45
1.143000e+02 5.875570e-43 5.875570e-43
1.144000e+02 1.168746e-42 1.168746e-42
1.145000e+02 8.650674e-41 8.650674e-41
1.146000e+02 1.718447e-40 1.718447e-40
1.147000e+02 1.020621e-38 1.020621e-38
1.148000e+02 2.024057e-38 2.024057e-38
1.149000e+02 9.650018e-37 9.650018e-37
1.150000e+02 1.909763e-36 1.909763e-36
1.151000e+02 7.312823e-35 7.312823e-35
1.152000e+02 1.443467e-34 1.443467e-34
1.153000e+02 4.442106e-33 4.442106e-33
1.154000e+02 8.739865e-33 8.739865e-33
1.155000e+02 2.163247e-31 2.163247e-31
1.156000e+02 4.239096e-31 4.239096e-31
1.157000e+02 8.447319e-30 8.447319e-30
1.158000e+02 1.647073e-29 1.647073e-29
1.159000e+02 2.645620e-28 2.645620e-28
1.160000e+02 5.126534e-28 5.126534e-28
1.161000e+02 6.647452e-27 6.647452e-27
1.162000e+02 1.278225e-26 1.278225e-26
1.163000e+02 1.340454e-25 1.340454e-25
1.164000e+02 2.553086e-25 2.553086e-25
1.165000e+02 2.170200e-24 2.170200e-24
1.166000e+02 4.085092e-24 4.085092e-24
1.167000e+02 2.822403e-23 2.822403e-23
1.168000e+02 5.236297e-23 5.236297e-23
1.169000e+02 2.950360e-22 2.950360e-22
1.170000e+02 5.377091e-22 5.377091e-22
1.171000e+02 2.480777e-21 2.480777e-21
1.172000e+02 4.423846e-21 4.423846e-21
1.173000e+02 1.679361e-20 1.679361e-20
1.174000e+02 2.916338e-20 2.916338e-20
1.175000e+02 9.162591e-20 9.162591e-20
1.176000e+02 1.540884e-19 1.540884e-19
1.177000e+02 4.034659e-19 4.034659e-19
1.178000e+02 6.528434e-19 6.528434e-19
1.179000e+02 1.436462e-18 1.436462e-18
1.180000e+02 2.220081e-18 2.220081e-18
1.181000e+02 4.145508e-18 4.145508e-18
1.182000e+02 6.070935e-18 6.070935e-18
1.183000e+02 9.734307e-18 9.734307e-18
1.184000e+02 1.339768e-17 1.339768e-17
1.185000e+02 1.871161e-17 1.871161e-17
1.186000e+02 2.402553e-17 2.402553e-17
1.187000e+02 2.974213e-17 2.974213e-17
1.188000e+02 3.545872e-17 3.545872e-17
1.189000e+02 3.974993e-17 3.974993e-17
1.190000e+02 4.404115e-17 4.404115e-17
1.191000e+02 4.585073e-17 4.585073e-17
1.192000e+02 4.766031e-17 4.766031e-17
1.193000e+02 4.731897e-17 4.731897e-17
1.194000e+02 4.697763e-17 4.697763e-17
1.195000e+02 4.549962e-17 4.549962e-17
1.196000e+02 4.402161e-17 4.402161e-17
1.197000e+02 4.228592e-17 4.228592e-17
1.198000e+02 4.055022e-17 4.055022e-17
1.199000e+02 3.925194e-17 3.925194e-17
1.200000e+02 3.795366e-17 3.795366e-17
1.201000e+02 3.769675e-17 3.769675e-17
1.202000e+02 3.743984e-17 3.743984e-17
1.203000e+02 3.841421e-17 3.841421e-17
1.204000e+02 3.938857e-17 3.938857e-17
1.205000e+02 4.119420e-17 4.119420e-17
1.206000e+02 4.299983e-17 4.299983e-17
1.207000e+02 4.509888e-17 4.509888e-17
1.208000e+02 4.719794e-17 4.719794e-17
1.209000e+02 4.935597e-17 4.935597e-17
1.210000e+02 5.151401e-17 5.151401e-17
1.211000e+02 5.343659e-17 5.343659e-17
1.212000e+02 5.535918e-17 5.535918e-17
1.213000e+02 5.604429e-17 5.604429e-17
1.214000e+02 5.672941e-17 5.672941e-17
1.215000e+02 5.484481e-17 5.484481e-17
1.216000e+02 5.296021e-17 5.296021e-17
1.217000e+02 4.826040e-17 4.826040e-17
1.218000e+02 4.356059e-17 4.356059e-17
1.219000e+02 3.768210e-17 3.768210e-17
1.220000e+02 3.180361e-17 3.180361e-17
1.221000e+02 2.733227e-17 2.733227e-17
1.222000e+02 2.286092e-17 2.286092e-17
1.223000e+02 2.160269e-17 2.160269e-17
1.224000e+02 2.034447e-17 2.034447e-17
1.225000e+02 2.239683e-17 2.239683e-17
1.226000e+02 2.444919e-17 2.444919e-17
1.227000e+02 2.849233e-17 2.849233e-17
1.228000e+02 3.253546e-17 3.253546e-17
1.229000e+02 3.671351e-17 3.671351e-17
1.230000e+02 4.089156e-17 4.089156e-17
1.231000e+02 4.374330e-17 4.374330e-17
1.232000e+02 4.659505e-17 4.659505e-17
1.233000e+02 4.776518e-17 4.776518e-17
1.234000e+02 4.893532e-17 4.893532e-17
1.235000e+02 4.913967e-17 4.913967e-17
1.236000e+02 4.934402e-17 4.934402e-17
1.237000e+02 4.934548e-17 4.934548e-17
1.238000e+02 4.934693e-17 4.934693e-17
1.239000e+02 4.903085e-17 4.903085e-17
1.240000e+02 4.871477e-17 4.871477e-17
1.241000e+02 4.752688e-17 4.752688e-17
1.242000e+02 4.633900e-17 4.633900e-17
1.243000e+02 4.436548e-17 4.436548e-17
1.244000e+02 4.239196e-17 4.239196e-17
1.245000e+02 4.038858e-17 4.038858e-17
1.246000e+02 3.838520e-17 3.838520e-17
1.247000e+02 3.686969e-17 3.686969e-17
1.248000e+02 3.535419e-17 3.535419e-17
1.249000e+02 3.425916e-17 3.425916e-17
1.250000e+02 3.316414e-17 3.316414e-17
1.251000e+02 3.230647e-17 3.230647e-17
1.252000e+02 3.144880e-17 3.144880e-17
1.253000e+02 3.074501e-17 3.074501e-17
1.254000e+02 3.004122e-17 3.004122e-17
1.255000e+02 2.921646e-17 2.921646e-17
1.256000e+02 2.839170e-17 2.839170e-17
1.257000e+02 2.708377e-17 2.708377e-17
1.258000e+02 2.577583e-17 2.577583e-17
1.259000e+02 2.424710e-17 2.424710e-17
1.260000e+02 2.271837e-17 2.271837e-17
1.261000e+02 2.211915e-17 2.211915e-17
1.262000e+02 2.151993e-17 2.151993e-17
1.263000e+02 2.299925e-17 2.299925e-17
1.264000e+02 2.447858e-17 2.447858e-17
1.265000e+02 2.787499e-17 2.787499e-17
1.266000e+02 3.127140e-17 3.127140e-17
1.267000e+02 3.474022e-17 3.474022e-17
1.268000e+02 3.820904e-17 3.820904e-17
1.269000e+02 3.938179e-17 3.938179e-17
1.270000e+02 4.055454e-17 4.055454e-17
1.271000e+02 3.834805e-17 3.834805e-17
1.272000e+02 3.614155e-17 3.614155e-17
1.273000e+02 3.151961e-17 3.151961e-17
1.274000e+02 2.689768e-17 2.689768e-17
1.275000e+02 2.192091e-17 2.192091e-17
1.276000e+02 1.694414e-17 1.694414e-17
1.277000e+02 1.327306e-17 1.327306e-17
1.278000e+02 9.601970e-18 9.601970e-18
1.279000e+02 7.887833e-18 7.887833e-18
1.280000e+02 6.173696e-18 6.173696e-18
1.281000e+02 6.375265e-18 6.375265e-18
1.282000e+02 6.576835e-18 6.576835e-18
1.283000e+02 8.284216e-18 8.284216e-18
1.284000e+02 9.991597e-18 9.991597e-18
1.285000e+02 1.234810e-17 1.234810e-17
1.286000e+02 1.470461e-17 1.470461e-17
1.287000e+02 1.643982e-17 1.643982e-17
1.288000e+02 1.817502e-17 1.817502e-17
1.289000e+02 1.823276e-17 1.823276e-17
1.290000e+02 1.829049e-17 1.829049e-17
1.291000e+02 1.659280e-17 1.659280e-17
1.292000e+02 1.489511e-17 1.489511e-17
1.293000e+02 1.235011e-17 1.235011e-17
1.294000e+02 9.805114e-18 9.805114e-18
1.295000e+02 7.510937e-18 7.510937e-18
1.296000e+02 5.216761e-18 5.216761e-18
1.297000e+02 3.730026e-18 3.730026e-18
1.298000e+02 2.243291e-18 2.243291e-18
1.299000e+02 1.511438e-18 1.511438e-18
1.300000e+02 7.795843e-19 7.795843e-19
1.301000e+02 4.992385e-19 4.992385e-19
1.302000e+02 2.188927e-19 2.188927e-19
1.303000e+02 1.342664e-19 1.342664e-19
1.304000e+02 4.963997e-20 4.963997e-20
1.305000e+02 2.936386e-20 2.936386e-20
1.306000e+02 9.087752e-21 9.087752e-21
1.307000e+02 5.215047e-21 5.215047e-21
1.308000e+02 1.342341e-21 1.342341e-21
1.309000e+02 7.511089e-22 7.511089e-22
1.310000e+02 1.598765e-22 1.598765e-22
1.311000e+02 8.761032e-23 8.761032e-23
1.312000e+02 1.534418e-23 1.534418e-23
1.313000e+02 8.265058e-24 8.265058e-24
1.314000e+02 1.185939e-24 1.185939e-24
1.315000e+02 6.298540e-25 6.298540e-25
1.316000e+02 7.376872e-26 7.376872e-26
1.317000e+02 3.873019e-26 3.873019e-26
1.318000e+02 3.691662e-27 3.691662e-27
1.319000e+02 1.933724e-27 1.933724e-27
1.320000e+02 1.757868e-28 1.757868e-28
1.321000e+02 4.311451e-28 4.311451e-28
1.322000e+02 6.865034e-28 6.865034e-28
1.323000e+02 7.151270e-27 7.151270e-27
1.324000e+02 1.361604e-26 1.361604e-26
1.325000e+02 1.157353e-25 1.157353e-25
1.326000e+02 2.178546e-25 2.178546e-25
1.327000e+02 1.505062e-24 1.505062e-24
1.328000e+02 2.792269e-24 2.792269e-24
1.329000e+02 1.573082e-23 1.573082e-23
1.330000e+02 2.866938e-23 2.866938e-23
1.331000e+02 1.322365e-22 1.322365e-22
1.332000e+02 2.358037e-22 2.358037e-22
1.333000e+02 8.947316e-22 8.947316e-22
1.334000e+02 1.553660e-21 1.553660e-21
1.335000e+02 4.877085e-21 4.877085e-21
1.336000e+02 8.200510e-21 8.200510e-21
1.337000e+02 2.143827e-20 2.143827e-20
1.338000e+02 3.467602e-20 3.467602e-20
1.339000e+02 7.608366e-20 7.608366e-20
1.340000e+02 1.174913e-19 1.174913e-19
1.341000e+02 2.183504e-19 2.183504e-19
1.342000e+02 3.192094e-19 3.192094e-19
1.343000e+02 5.081926e-19 5.081926e-19
1.344000e+02 6.971758e-19 6.971758e-19
1.345000e+02 9.662168e-19 9.662168e-19
1.346000e+02 1.235258e-18 1.235258e-18
1.347000e+02 1.533564e-18 1.533564e-18
1.348000e+02 1.831870e-18 1.831870e-18
1.349000e+02 2.162576e-18 2.162576e-18
1.350000e+02 2.493282e-18 2.493282e-18
1.351000e+02 3.097795e-18 3.097795e-18
1.352000e+02 3.702308e-18 3.702308e-18
1.353000e+02 5.124409e-18 5.124409e-18
1.354000e+02 6.546510e-18 6.546510e-18
1.355000e+02 9.288831e-18 9.288831e-18
1.356000e+02 1.203115e-17 1.203115e-17
1.357000e+02 1.583828e-17 1.583828e-17
1.358000e+02 1.964541e-17 1.964541e-17
1.359000e+02 2.310055e-17 2.310055e-17
1.360000e+02 2.655570e-17 2.655570e-17
1.361000e+02 2.780325e-17 2.780325e-17
1.362000e+02 2.905080e-17 2.905080e-17
1.363000e+02 2.730066e-17 2.730066e-17
1.364000e+02 2.555053e-17 2.555053e-17
1.365000e+02 2.179108e-17 2.179108e-17
1.366000e+02 1.803164e-17 1.803164e-17
1.367000e+02 1.411793e-17 1.411793e-17
1.368000e+02 1.020422e-17 1.020422e-17
1.369000e+02 7.416743e-18 7.416743e-18
1.370000e+02 4.629267e-18 4.629267e-18
1.371000e+02 3.156286e-18 3.156286e-18
1.372000e+02 1.683305e-18 1.683305e-18
1.373000e+02 1.086927e-18 1.086927e-18
1.374000e+02 4.905490e-19 4.905490e-19
1.375000e+02 3.025556e-19 3.025556e-19
1.376000e+02 1.145622e-19 1.145622e-19
1.377000e+02 6.801564e-20 6.801564e-20
1.378000e+02 2.146903e-20 2.146903e-20
1.379000e+02 1.251574e-20 1.251574e-20
1.380000e+02 3.562442e-21 3.562442e-21
1.381000e+02 3.537992e-21 3.537992e-21
1.382000e+02 3.513543e-21 3.513543e-21
1.383000e+02 1.303386e-20 1.303386e-20
1.384000e+02 2.255419e-20 2.255419e-20
1.385000e+02 7.621439e-20 7.621439e-20
1.386000e+02 1.298746e-19 1.298746e-19
1.387000e+02 3.649634e-19 3.649634e-19
1.388000e+02 6.000521e-19 6.000521e-19
1.389000e+02 1.410488e-18 1.410488e-18
1.390000e+02 2.220923e-18 2.220923e-18
1.391000e+02 4.402906e-18 4.402906e-18
1.392000e+02 6.584890e-18 6.584890e-18
1.393000e+02 1.111239e-17 1.111239e-17
1.394000e+02 1.563990e-17 1.563990e-17
1.395000e+02 2.269847e-17 2.269847e-17
1.396000e+02 2.975704e-17 2.975704e-17
1.397000e+02 3.755555e-17 3.755555e-17
1.398000e+02 4.535405e-17 4.535405e-17
1.399000e+02 5.036445e-17 5.036445e-17
1.400000e+02 5.537486e-17 5.537486e-17
1.401000e+02 5.476750e-17 5.476750e-17
1.402000e+02 5.416013e-17 5.416013e-17
1.403000e+02 4.829722e-17 4.829722e-17
1.404000e+02 4.243431e-17 4.243431e-17
1.405000e+02 3.453381e-17 3.453381e-17
1.406000e+02 2.663330e-17 2.663330e-17
1.407000e+02 2.001200e-17 2.001200e-17
1.408000e+02 1.339070e-17 1.339070e-17
1.409000e+02 9.391983e-18 9.391983e-18
1.410000e+02 5.393267e-18 5.393267e-18
1.411000e+02 3.566677e-18 3.566677e-18
1.412000e+02 1.740087e-18 1.740087e-18
1.413000e+02 1.094913e-18 1.094913e-18
1.414000e+02 4.497388e-19 4.497388e-19
1.415000e+02 2.714270e-19 2.714270e-19
1.416000e+02 9.311513e-20 9.311513e-20
1.417000e+02 5.427940e-20 5.427940e-20
1.418000e+02 1.544367e-20 1.544367e-20
1.419000e+02 8.747773e-21 8.747773e-21
1.420000e+02 2.051876e-21 2.051876e-21
1.421000e+02 1.135130e-21 1.135130e-21
1.422000e+02 2.183847e-22 2.183847e-22
1.423000e+02 1.185020e-22 1.185020e-22
1.424000e+02 1.861931e-23 1.861931e-23
1.425000e+02 9.945493e-24 9.945493e-24
1.426000e+02 1.271673e-24 1.271673e-24
1.427000e+02 6.706244e-25 6.706244e-25
1.428000e+02 6.957573e-26 6.957573e-26
1.429000e+02 3.631255e-26 3.631255e-26
1.430000e+02 3.049372e-27 3.049372e-27
1.431000e+02 1.578217e-27 1.578217e-27
1.432000e+02 1.070615e-28 1.070615e-28
1.433000e+02 5.503633e-29 5.503633e-29
1.434000e+02 3.011112e-30 3.011112e-30
1.435000e+02 1.539477e-30 1.539477e-30
1.436000e+02 6.784078e-32 6.784078e-32
1.437000e+02 3.453259e-32 3.453259e-32
1.438000e+02 1.224405e-33 1.224405e-33
1.439000e+02 6.210543e-34 6.210543e-34
1.440000e+02 1.770361e-35 1.770361e-35
1.441000e+02 9.004770e-36 9.004770e-36
1.442000e+02 3.059325e-37 3.059325e-37
1.443000e+02 3.277319e-36 3.277319e-36
1.444000e+02 6.248706e-36 6.248706e-36
1.445000e+02 1.580163e-34 1.580163e-34
1.446000e+02 3.097839e-34 3.097839e-34
1.447000e+02 6.308080e-33 6.308080e-33
1.448000e+02 1.230638e-32 1.230638e-32
1.449000e+02 2.019664e-31 2.019664e-31
1.450000e+02 3.916263e-31 3.916263e-31
1.451000e+02 5.187577e-30 5.187577e-30
1.452000e+02 9.983528e-30 9.983528e-30
1.453000e+02 1.069299e-28 1.069299e-28
1.454000e+02 2.038762e-28 2.038762e-28
1.455000e+02 1.769529e-27 1.769529e-27
1.456000e+02 3.335182e-27 3.335182e-27
1.457000e+02 2.352068e-26 2.352068e-26
1.458000e+02 4.370618e-26 4.370618e-26
1.459000e+02 2.512601e-25 2.512601e-25
1.460000e+02 4.588139e-25 4.588139e-25
1.461000e+02 2.158578e-24 2.158578e-24
1.462000e+02 3.858342e-24 3.858342e-24
1.463000e+02 1.492504e-23 1.492504e-23
1.464000e+02 2.599174e-23 2.599174e-23
1.465000e+02 8.312690e-23 8.312690e-23
1.466000e+02 1.402621e-22 1.402621e-22
1.467000e+02 3.733006e-22 3.733006e-22
1.468000e+02 6.063391e-22 6.063391e-22
1.469000e+02 1.353029e-21 1.353029e-21
1.470000e+02 2.099720e-21 2.099720e-21
1.471000e+02 3.962236e-21 3.962236e-21
1.472000e+02 5.824753e-21 5.824753e-21
1.473000e+02 9.384310e-21 9.384310e-21
1.474000e+02 1.294387e-20 1.294387e-20
1.475000e+02 1.799296e-20 1.799296e-20
1.476000e+02 2.304204e-20 2.304204e-20
1.477000e+02 2.795030e-20 2.795030e-20
1.478000e+02 3.285855e-20 3.285855e-20
1.479000e+02 3.519719e-20 3.519719e-20
1.480000e+02 3.753584e-20 3.753584e-20
1.481000e+02 3.594243e-20 3.594243e-20
1.482000e+02 3.434902e-20 3.434902e-20
1.483000e+02 2.976443e-20 2.976443e-20
1.484000e+02 2.517984e-20 2.517984e-20
1.485000e+02 1.998316e-20 1.998316e-20
1.486000e+02 1.478649e-20 1.478649e-20
1.487000e+02 1.087179e-20 1.087179e-20
1.488000e+02 6.957102e-21 6.957102e-21
1.489000e+02 4.796290e-21 4.796290e-21
1.490000e+02 2.635479e-21 2.635479e-21
1.491000e+02 1.772313e-21 1.772313e-21
1.492000e+02 9.091467e-22 9.091467e-22
1.493000e+02 9.386526e-22 9.386526e-22
1.494000e+02 9.681586e-22 9.681586e-22
1.495000e+02 2.552653e-21 2.552653e-21
1.496000e+02 4.137148e-21 4.137148e-21
1.497000e+02 1.073917e-20 1.073917e-20
1.498000e+02 1.734120e-20 1.734120e-20
1.499000e+02 3.802837e-20 3.802837e-20
1.500000e+02 5.871554e-20 5.871554e-20
1.501000e+02 1.090106e-19 1.090106e-19
1.502000e+02 1.593057e-19 1.593057e-19
1.503000e+02 2.527758e-19 2.527758e-19
1.504000e+02 3.462459e-19 3.462459e-19
1.505000e+02 4.745475e-19 4.745475e-19
1.506000e+02 6.028491e-19 6.028491e-19
1.507000e+02 7.218345e-19 7.218345e-19
1.508000e+02 8.408199e-19 8.408199e-19
1.509000e+02 8.901286e-19 8.901286e-19
1.510000e+02 9.394373e-19 9.394373e-19
1.511000e+02 8.901286e-19 8.901286e-19
1.512000e+02 8.408199e-19 8.408199e-19
1.513000e+02 7.218345e-19 7.218345e-19
1.514000e+02 6.028491e-19 6.028491e-19
1.515000e+02 4.745475e-19 4.745475e-19
1.516000e+02 3.462459e-19 3.462459e-19
1.517000e+02 2.527762e-19 2.527762e-19
1.518000e+02 1.593065e-19 1.593065e-19
1.519000e+02 1.090163e-19 1.090163e-19
1.520000e+02 5.872615e-20 5.872615e-20
1.521000e+02 3.808640e-20 3.808640e-20
1.522000e+02 1.744664e-20 1.744664e-20
1.523000e+02 1.121081e-20 1.121081e-20
1.524000e+02 4.974977e-21 4.974977e-21
1.525000e+02 5.633055e-21 5.633055e-21
1.526000e+02 6.291133e-21 6.291133e-21
1.527000e+02 1.712542e-20 1.712542e-20
1.528000e+02 2.795971e-20 2.795971e-20
1.529000e+02 7.029163e-20 7.029163e-20
1.530000e+02 1.126236e-19 1.126236e-19
1.531000e+02 2.387402e-19 2.387402e-19
1.532000e+02 3.648568e-19 3.648568e-19
1.533000e+02 6.559155e-19 6.559155e-19
1.534000e+02 9.469742e-19 9.469742e-19
1.535000e+02 1.457942e-18 1.457942e-18
1.536000e+02 1.968910e-18 1.968910e-18
1.537000e+02 2.624115e-18 2.624115e-18
1.538000e+02 3.279320e-18 3.279320e-18
1.539000e+02 3.827333e-18 3.827333e-18
1.540000e+02 4.375345e-18 4.375345e-18
1.541000e+02 4.525870e-18 4.525870e-18
1.542000e+02 4.676395e-18 4.676395e-18
1.543000e+02 4.340135e-18 4.340135e-18
1.544000e+02 4.003875e-18 4.003875e-18
1.545000e+02 3.374999e-18 3.374999e-18
1.546000e+02 2.746124e-18 2.746124e-18
1.547000e+02 2.127460e-18 2.127460e-18
1.548000e+02 1.508795e-18 1.508795e-18
1.549000e+02 1.086430e-18 1.086430e-18
1.550000e+02 6.640652e-19 6.640652e-19
1.551000e+02 4.490988e-19 4.490988e-19
1.552000e+02 2.341325e-19 2.341325e-19
1.553000e+02 1.501300e-19 1.501300e-19
1.554000e+02 6.612762e-20 6.612762e-20
1.555000e+02 4.054455e-20 4.054455e-20
1.556000e+02 1.496148e-20 1.496148e-20
1.557000e+02 8.836575e-21 8.836575e-21
1.558000e+02 2.711669e-21 2.711669e-21
1.559000e+02 1.552686e-21 1.552686e-21
1.560000e+02 3.937034e-22 3.937034e-22
1.561000e+02 2.197468e-22 2.197468e-22
1.562000e+02 4.579015e-23 4.579015e-23
1.563000e+02 2.502820e-23 2.502820e-23
1.564000e+02 4.266241e-24 4.266241e-24
1.565000e+02 2.292326e-24 2.292326e-24
1.566000e+02 3.184117e-25 3.184117e-25
1.567000e+02 1.687245e-25 1.687245e-25
1.568000e+02 1.903720e-26 1.903720e-26
1.569000e+02 9.974489e-27 9.974489e-27
1.570000e+02 9.117750e-28 9.117750e-28
1.571000e+02 4.733784e-28 4.733784e-28
1.572000e+02 3.498183e-29 3.498183e-29
1.573000e+02 1.802849e-29 1.802849e-29
1.574000e+02 1.075147e-30 1.075147e-30
