#
# H2O + PHOTON = OH + H
#
# 106
#
#
#
#
#
#
   91.1500   9.9170e-18 9.9170e-18
   91.5500   1.3275e-17 1.3275e-17
   91.6700   1.5163e-17 1.5163e-17
   91.7500   1.4219e-17 1.4219e-17
   91.8600   1.3511e-17 1.3511e-17
   92.3800   1.3275e-17 1.3275e-17
   92.5300   1.3983e-17 1.3983e-17
   92.6200   1.4986e-17 1.4986e-17
   92.7400   1.3806e-17 1.3806e-17
   93.0000   1.1387e-17 1.1387e-17
   93.2400   1.4160e-17 1.4160e-17
   93.3800   1.4337e-17 1.4337e-17
   93.4800   1.3865e-17 1.3865e-17
   93.6300   1.2980e-17 1.2980e-17
   94.1200   1.3511e-17 1.3511e-17
   94.2600   1.4219e-17 1.4219e-17
   94.3400   1.2862e-17 1.2862e-17
   94.5300   1.2154e-17 1.2154e-17
   94.8000   1.1800e-17 1.1800e-17
   94.9400   1.2154e-17 1.2154e-17
   95.1100   1.1918e-17 1.1918e-17
   95.2100   1.1918e-17 1.1918e-17
   95.8200   1.4322e-17 1.4322e-17
   95.9800   1.4938e-17 1.4938e-17
   96.0800   1.3629e-17 1.3629e-17
   96.3300   1.3706e-17 1.3706e-17
   96.5400   1.2859e-17 1.2859e-17
   96.7300   1.3552e-17 1.3552e-17
   96.8400   1.3629e-17 1.3629e-17
   97.0000   1.0626e-17 1.0626e-17
   97.2500   1.1627e-17 1.1627e-17
   97.3600   1.1550e-17 1.1550e-17
   97.7200   1.1627e-17 1.1627e-17
   97.8000   1.1627e-17 1.1627e-17
   98.0800   1.2859e-17 1.2859e-17
   98.2470   1.1200e-17 1.1200e-17
   98.9000   1.0000e-17 1.0000e-17
   99.4000   1.1500e-17 1.1500e-17
   99.7000   1.0100e-17 1.0100e-17
   99.9000   1.1500e-17 1.1500e-17
  100.1000   8.0000e-18 8.0000e-18
  100.4000   1.0000e-17 1.0000e-17
  100.7000   6.2300e-18 6.2300e-18
  101.0000   7.0000e-18 7.0000e-18
  101.1750   1.4000e-17 1.4000e-17
  101.5625   7.0000e-18 7.0000e-18
  102.0000   7.3300e-18 7.3300e-18
  102.4750   9.6000e-18 9.6000e-18
  102.7500   1.7200e-17 1.7200e-17
  102.9000   7.0000e-18 7.0000e-18
  103.4250   3.3300e-18 3.3300e-18
  104.0000   6.0000e-18 6.0000e-18
  104.5250   2.6700e-18 2.6700e-18
  105.0000   5.1700e-18 5.1700e-18
  105.6000   2.7500e-17 2.7500e-17
  106.5000   3.0000e-18 3.0000e-18
  106.8000   4.0000e-18 4.0000e-18
  107.1000   2.5000e-18 2.5000e-18
  107.7000   1.0800e-17 1.0800e-17
  108.3000   3.0000e-18 3.0000e-18
  109.1000   1.1500e-17 1.1500e-17
  109.6000   3.5000e-18 3.5000e-18
  109.9000   6.5000e-18 6.5000e-18
  110.5000   3.0000e-18 3.0000e-18
  111.7000   3.0200e-17 3.0200e-17
  112.0000   7.5000e-18 7.5000e-18
  112.5000   1.9500e-17 1.9500e-17
  112.7000   1.6500e-17 1.6500e-17
  113.1000   2.6200e-17 2.6200e-17
  114.3000   2.0000e-18 2.0000e-18
  115.0000   5.0000e-18 5.0000e-18
  116.2000   1.8000e-18 1.8000e-18
  117.5000   8.5000e-18 8.5000e-18
  118.4000   2.2000e-18 2.2000e-18
  120.6000   1.2000e-17 1.2000e-17
  122.1000   6.0000e-18 6.0000e-18
  123.1000   1.9000e-17 1.9000e-17
  124.0000   3.0000e-18 3.0000e-18
  124.7000   1.6500e-17 1.6500e-17
  125.0000   6.0000e-18 6.0000e-18
  125.6500   6.3000e-18 6.3000e-18
  126.2000   6.1000e-18 6.1000e-18
  126.8500   6.9000e-18 6.9000e-18
  127.6000   6.0000e-18 6.0000e-18
  128.1500   6.7000e-18 6.7000e-18
  129.0000   5.9000e-18 5.9000e-18
  129.4500   6.3000e-18 6.3000e-18
  130.3000   5.4000e-18 5.4000e-18
  130.7500   5.8000e-18 5.8000e-18
  131.5000   4.4000e-18 4.4000e-18
  132.0500   5.3000e-18 5.3000e-18
  132.8000   3.8000e-18 3.8000e-18
  133.3700   4.7000e-18 4.7000e-18
  134.5000   3.6000e-18 3.6000e-18
  134.7500   3.7000e-18 3.7000e-18
  136.0000   2.6000e-18 2.6000e-18
  136.5000   3.0000e-18 3.0000e-18
  137.0000   2.5000e-18 2.5000e-18
  140.0000   4.7700e-18 4.7700e-18
  145.0000   7.0000e-19 7.0000e-19
  155.0000   2.6000e-18 2.6000e-18
  165.0000   4.6000e-18 4.6000e-18
  175.0000   2.8000e-18 2.8000e-18
  185.0000   2.0000e-19 2.0000e-19
  195.0000   1.0000e-20 1.0000e-20
  242.0000   0.0000e+00 0.0000e+00
