#
# H2O + PHOTON = H2O+ + ELECTR
#
# 50
#
#
#
#
#
#
90.0058  9.39928e-18  9.39928e-18
90.1706  8.64746e-18  8.64746e-18
90.3340  7.86006e-18  7.86006e-18
90.4987  7.62881e-18  7.62881e-18
90.4987  7.62881e-18  7.62881e-18
90.6641  8.61093e-18  8.61093e-18
90.8302  8.88081e-18  8.88081e-18
90.9976  8.26172e-18  8.26172e-18
91.1647  7.71777e-18  7.71777e-18
91.3324  7.61364e-18  7.61364e-18
91.5007  8.44484e-18  8.44484e-18
91.6705  8.63507e-18  8.63507e-18
91.8395  7.84244e-18  7.84244e-18
92.0105  7.44973e-18  7.44973e-18
92.1817  7.45255e-18  7.45255e-18
92.3527  8.35240e-18  8.35240e-18
92.5259  8.37037e-18  8.37037e-18
92.6978  7.70871e-18  7.70871e-18
92.8721  7.09268e-18  7.09268e-18
93.0469  7.34768e-18  7.34768e-18
93.2214  8.05288e-18  8.05288e-18
93.3962  8.04274e-18  8.04274e-18
93.5721  7.48145e-18  7.48145e-18
93.7493  7.12817e-18  7.12817e-18
93.9266  7.44923e-18  7.44923e-18
94.1056  7.68119e-18  7.68119e-18
94.2837  7.60344e-18  7.60344e-18
94.4634  7.15155e-18  7.15155e-18
94.6444  6.80739e-18  6.80739e-18
94.8252  6.90662e-18  6.90662e-18
95.0062  7.07224e-18  7.07224e-18
95.1899  6.91521e-18  6.91521e-18
95.3723   6.2793e-18   6.2793e-18
95.5556  5.93378e-18  5.93378e-18
95.7402  6.07192e-18  6.07192e-18
95.9250  6.24844e-18  6.24844e-18
96.1116  5.67901e-18  5.67901e-18
96.2977  5.84036e-18  5.84036e-18
96.4859  5.82735e-18  5.82735e-18
96.6729  5.94507e-18  5.94507e-18
96.8623  5.67366e-18  5.67366e-18
97.0515  5.17046e-18  5.17046e-18
97.2428  5.36068e-18  5.36068e-18
97.4328  5.20715e-18  5.20715e-18
97.6258  5.28974e-18  5.28974e-18
97.8182  5.11998e-18  5.11998e-18
98.0104  5.45761e-18  5.45761e-18
98.2044  4.49294e-18  4.49294e-18
98.3997  2.92982e-18  2.92982e-18
98.5952       0.0e00       0.0e00
