# H2O cross sections
# From the Leiden database for photodissociation and photoionization of astrophysically relevant molecules, http://home.strw.leidenuniv.nl/~ewine/photo/
# File last modified by Alan Heays 2017-03-01
# references: smith1981 10.1086/159359, chan1993d 10.1016/0301-0104(93)85078-M, yoshino1996 10.1016/0301-0104(96)00210-8, yoshino1997 10.1016/S0301-0104(96)00381-3, parkinson2003 10.1016/S0301-0104(03)00361-6, fillion2003 http://stacks.iop.org/0953-4075/36/i=13/a=308, fillion2004 10.1063/1.1652566, mota2005 10.1016/j.cplett.2005.09.073, harrevelt2008 10.1021/jp711857w,
# no info on lines
# wavelength: (nm)
# photoabsorption   -- Photoabsorption cross section (cm2)
# photoionisation   -- Photoionisation cross section (cm2)
# This version has been resampled to a uniform 0.1nm grid while maintaining a constant integrated cross section (using trapezoidal integration).
# wavelength photoabsorption photoionisation
6.200000e+00 3.650000e-19 3.650000e-19
6.300000e+00 4.000000e-19 4.000000e-19
6.400000e+00 4.237000e-19 4.237000e-19
6.500000e+00 4.400000e-19 4.400000e-19
6.600000e+00 4.441905e-19 4.441905e-19
6.700000e+00 4.620000e-19 4.620000e-19
6.800000e+00 4.595111e-19 4.595111e-19
6.900000e+00 4.634783e-19 4.634783e-19
7.000000e+00 4.834286e-19 4.834286e-19
7.100000e+00 4.886667e-19 4.886667e-19
7.200000e+00 5.139400e-19 5.139400e-19
7.300000e+00 5.401961e-19 5.401961e-19
7.400000e+00 5.621111e-19 5.621111e-19
7.500000e+00 5.653333e-19 5.653333e-19
7.600000e+00 5.746667e-19 5.746667e-19
7.700000e+00 5.825000e-19 5.825000e-19
7.800000e+00 6.005000e-19 6.005000e-19
7.900000e+00 6.340000e-19 6.340000e-19
8.000000e+00 6.550000e-19 6.550000e-19
8.100000e+00 6.828182e-19 6.828182e-19
8.200000e+00 6.997273e-19 6.997273e-19
8.300000e+00 6.986364e-19 6.986364e-19
8.400000e+00 7.177273e-19 7.177273e-19
8.500000e+00 7.507500e-19 7.507500e-19
8.600000e+00 7.782500e-19 7.782500e-19
8.700000e+00 7.825000e-19 7.825000e-19
8.800000e+00 8.061538e-19 8.061538e-19
8.900000e+00 8.363333e-19 8.363333e-19
9.000000e+00 8.594286e-19 8.594286e-19
9.100000e+00 8.715714e-19 8.715714e-19
9.200000e+00 8.961538e-19 8.961538e-19
9.300000e+00 9.146429e-19 9.146429e-19
9.400000e+00 9.263333e-19 9.263333e-19
9.500000e+00 9.596667e-19 9.596667e-19
9.600000e+00 9.838000e-19 9.838000e-19
9.700000e+00 1.004000e-18 1.004000e-18
9.800000e+00 1.044000e-18 1.044000e-18
9.900000e+00 1.063750e-18 1.063750e-18
1.000000e+01 1.070000e-18 1.070000e-18
1.010000e+01 1.095000e-18 1.095000e-18
1.020000e+01 1.119412e-18 1.119412e-18
1.030000e+01 1.142941e-18 1.142941e-18
1.040000e+01 1.173333e-18 1.173333e-18
1.050000e+01 1.206667e-18 1.206667e-18
1.060000e+01 1.225000e-18 1.225000e-18
1.070000e+01 1.243684e-18 1.243684e-18
1.080000e+01 1.280526e-18 1.280526e-18
1.090000e+01 1.315263e-18 1.315263e-18
1.100000e+01 1.341579e-18 1.341579e-18
1.110000e+01 1.369000e-18 1.369000e-18
1.120000e+01 1.399000e-18 1.399000e-18
1.130000e+01 1.424286e-18 1.424286e-18
1.140000e+01 1.438571e-18 1.438571e-18
1.150000e+01 1.457273e-18 1.457273e-18
1.160000e+01 1.493636e-18 1.493636e-18
1.170000e+01 1.530000e-18 1.530000e-18
1.180000e+01 1.557273e-18 1.557273e-18
1.190000e+01 1.584545e-18 1.584545e-18
1.200000e+01 1.620000e-18 1.620000e-18
1.210000e+01 1.657500e-18 1.657500e-18
1.220000e+01 1.693333e-18 1.693333e-18
1.230000e+01 1.726667e-18 1.726667e-18
1.240000e+01 1.760000e-18 1.760000e-18
1.250000e+01 1.792000e-18 1.792000e-18
1.260000e+01 1.824000e-18 1.824000e-18
1.270000e+01 1.870769e-18 1.870769e-18
1.280000e+01 1.921429e-18 1.921429e-18
1.290000e+01 1.928571e-18 1.928571e-18
1.300000e+01 1.973077e-18 1.973077e-18
1.310000e+01 2.007143e-18 2.007143e-18
1.320000e+01 2.022857e-18 2.022857e-18
1.330000e+01 2.051429e-18 2.051429e-18
1.340000e+01 2.083333e-18 2.083333e-18
1.350000e+01 2.124286e-18 2.124286e-18
1.360000e+01 2.195714e-18 2.195714e-18
1.370000e+01 2.225000e-18 2.225000e-18
1.380000e+01 2.246667e-18 2.246667e-18
1.390000e+01 2.280000e-18 2.280000e-18
1.400000e+01 2.303125e-18 2.303125e-18
1.410000e+01 2.327500e-18 2.327500e-18
1.420000e+01 2.402500e-18 2.402500e-18
1.430000e+01 2.445882e-18 2.445882e-18
1.440000e+01 2.457647e-18 2.457647e-18
1.450000e+01 2.460000e-18 2.460000e-18
1.460000e+01 2.467059e-18 2.467059e-18
1.470000e+01 2.537647e-18 2.537647e-18
1.480000e+01 2.602222e-18 2.602222e-18
1.490000e+01 2.657778e-18 2.657778e-18
1.500000e+01 2.690000e-18 2.690000e-18
1.510000e+01 2.706667e-18 2.706667e-18
1.520000e+01 2.747895e-18 2.747895e-18
1.530000e+01 2.795263e-18 2.795263e-18
1.540000e+01 2.823684e-18 2.823684e-18
1.550000e+01 2.850000e-18 2.850000e-18
1.560000e+01 2.892105e-18 2.892105e-18
1.570000e+01 2.932857e-18 2.932857e-18
1.580000e+01 2.961429e-18 2.961429e-18
1.590000e+01 2.990000e-18 2.990000e-18
1.600000e+01 3.040000e-18 3.040000e-18
1.610000e+01 3.090000e-18 3.090000e-18
1.620000e+01 3.128095e-18 3.128095e-18
1.630000e+01 3.166190e-18 3.166190e-18
1.640000e+01 3.223182e-18 3.223182e-18
1.650000e+01 3.282273e-18 3.282273e-18
1.660000e+01 3.322273e-18 3.322273e-18
1.670000e+01 3.354091e-18 3.354091e-18
1.680000e+01 3.380870e-18 3.380870e-18
1.690000e+01 3.402609e-18 3.402609e-18
1.700000e+01 3.431667e-18 3.431667e-18
1.710000e+01 3.490000e-18 3.490000e-18
1.720000e+01 3.548333e-18 3.548333e-18
1.730000e+01 3.583333e-18 3.583333e-18
1.740000e+01 3.612500e-18 3.612500e-18
1.750000e+01 3.646000e-18 3.646000e-18
1.760000e+01 3.686000e-18 3.686000e-18
1.770000e+01 3.726000e-18 3.726000e-18
1.780000e+01 3.771538e-18 3.771538e-18
1.790000e+01 3.817692e-18 3.817692e-18
1.800000e+01 3.866154e-18 3.866154e-18
1.810000e+01 3.920000e-18 3.920000e-18
1.820000e+01 3.973846e-18 3.973846e-18
1.830000e+01 4.010000e-18 4.010000e-18
1.840000e+01 4.038571e-18 4.038571e-18
1.850000e+01 4.067143e-18 4.067143e-18
1.860000e+01 4.111786e-18 4.111786e-18
1.870000e+01 4.158214e-18 4.158214e-18
1.880000e+01 4.203929e-18 4.203929e-18
1.890000e+01 4.243214e-18 4.243214e-18
1.900000e+01 4.282500e-18 4.282500e-18
1.910000e+01 4.329000e-18 4.329000e-18
1.920000e+01 4.392333e-18 4.392333e-18
1.930000e+01 4.455667e-18 4.455667e-18
1.940000e+01 4.515484e-18 4.515484e-18
1.950000e+01 4.567097e-18 4.567097e-18
1.960000e+01 4.618710e-18 4.618710e-18
1.970000e+01 4.668125e-18 4.668125e-18
1.980000e+01 4.708750e-18 4.708750e-18
1.990000e+01 4.749375e-18 4.749375e-18
2.000000e+01 4.790000e-18 4.790000e-18
2.010000e+01 4.844545e-18 4.844545e-18
2.020000e+01 4.899091e-18 4.899091e-18
2.030000e+01 4.953636e-18 4.953636e-18
2.040000e+01 5.003939e-18 5.003939e-18
2.050000e+01 5.052424e-18 5.052424e-18
2.060000e+01 5.100909e-18 5.100909e-18
2.070000e+01 5.148286e-18 5.148286e-18
2.080000e+01 5.194000e-18 5.194000e-18
2.090000e+01 5.239714e-18 5.239714e-18
2.100000e+01 5.285429e-18 5.285429e-18
2.110000e+01 5.365405e-18 5.365405e-18
2.120000e+01 5.449189e-18 5.449189e-18
2.130000e+01 5.532973e-18 5.532973e-18
2.140000e+01 5.600541e-18 5.600541e-18
2.150000e+01 5.603243e-18 5.603243e-18
2.160000e+01 5.605946e-18 5.605946e-18
2.170000e+01 5.608649e-18 5.608649e-18
2.180000e+01 5.636923e-18 5.636923e-18
2.190000e+01 5.690769e-18 5.690769e-18
2.200000e+01 5.744615e-18 5.744615e-18
2.210000e+01 5.798462e-18 5.798462e-18
2.220000e+01 5.845500e-18 5.845500e-18
2.230000e+01 5.888000e-18 5.888000e-18
2.240000e+01 5.930500e-18 5.930500e-18
2.250000e+01 5.973000e-18 5.973000e-18
2.260000e+01 6.024286e-18 6.024286e-18
2.270000e+01 6.081429e-18 6.081429e-18
2.280000e+01 6.138571e-18 6.138571e-18
2.290000e+01 6.195714e-18 6.195714e-18
2.300000e+01 6.245814e-18 6.245814e-18
2.310000e+01 6.285349e-18 6.285349e-18
2.320000e+01 6.324884e-18 6.324884e-18
2.330000e+01 6.364419e-18 6.364419e-18
2.340000e+01 6.405111e-18 6.405111e-18
2.350000e+01 6.456222e-18 6.456222e-18
2.360000e+01 6.507333e-18 6.507333e-18
2.370000e+01 6.558444e-18 6.558444e-18
2.380000e+01 6.609556e-18 6.609556e-18
2.390000e+01 6.665745e-18 6.665745e-18
2.400000e+01 6.725319e-18 6.725319e-18
2.410000e+01 6.784894e-18 6.784894e-18
2.420000e+01 6.844468e-18 6.844468e-18
2.430000e+01 6.904043e-18 6.904043e-18
2.440000e+01 6.952245e-18 6.952245e-18
2.450000e+01 6.999184e-18 6.999184e-18
2.460000e+01 7.046122e-18 7.046122e-18
2.470000e+01 7.093061e-18 7.093061e-18
2.480000e+01 7.140000e-18 7.140000e-18
2.490000e+01 7.168000e-18 7.168000e-18
2.500000e+01 7.196000e-18 7.196000e-18
2.510000e+01 7.230000e-18 7.230000e-18
2.520000e+01 7.270000e-18 7.270000e-18
2.530000e+01 7.310000e-18 7.310000e-18
2.540000e+01 7.386923e-18 7.386923e-18
2.550000e+01 7.463846e-18 7.463846e-18
2.560000e+01 7.533704e-18 7.533704e-18
2.570000e+01 7.592963e-18 7.592963e-18
2.580000e+01 7.652222e-18 7.652222e-18
2.590000e+01 7.675185e-18 7.675185e-18
2.600000e+01 7.682593e-18 7.682593e-18
2.610000e+01 7.690000e-18 7.690000e-18
2.620000e+01 7.772143e-18 7.772143e-18
2.630000e+01 7.854286e-18 7.854286e-18
2.640000e+01 7.918571e-18 7.918571e-18
2.650000e+01 7.911429e-18 7.911429e-18
2.660000e+01 7.904286e-18 7.904286e-18
2.670000e+01 7.933103e-18 7.933103e-18
2.680000e+01 8.015862e-18 8.015862e-18
2.690000e+01 8.098621e-18 8.098621e-18
2.700000e+01 8.131667e-18 8.131667e-18
2.710000e+01 8.115000e-18 8.115000e-18
2.720000e+01 8.098333e-18 8.098333e-18
2.730000e+01 8.145000e-18 8.145000e-18
2.740000e+01 8.255000e-18 8.255000e-18
2.750000e+01 8.365000e-18 8.365000e-18
2.760000e+01 8.445806e-18 8.445806e-18
2.770000e+01 8.497419e-18 8.497419e-18
2.780000e+01 8.549032e-18 8.549032e-18
2.790000e+01 8.600000e-18 8.600000e-18
2.800000e+01 8.650000e-18 8.650000e-18
2.810000e+01 8.700000e-18 8.700000e-18
2.820000e+01 8.754375e-18 8.754375e-18
2.830000e+01 8.826250e-18 8.826250e-18
2.840000e+01 8.898125e-18 8.898125e-18
2.850000e+01 8.970000e-18 8.970000e-18
2.860000e+01 9.000303e-18 9.000303e-18
2.870000e+01 9.030606e-18 9.030606e-18
2.880000e+01 9.060909e-18 9.060909e-18
2.890000e+01 9.131765e-18 9.131765e-18
2.900000e+01 9.220000e-18 9.220000e-18
2.910000e+01 9.308235e-18 9.308235e-18
2.920000e+01 9.380286e-18 9.380286e-18
2.930000e+01 9.414571e-18 9.414571e-18
2.940000e+01 9.448857e-18 9.448857e-18
2.950000e+01 9.483143e-18 9.483143e-18
2.960000e+01 9.432222e-18 9.432222e-18
2.970000e+01 9.360000e-18 9.360000e-18
2.980000e+01 9.287778e-18 9.287778e-18
2.990000e+01 9.256667e-18 9.256667e-18
3.000000e+01 9.390000e-18 9.390000e-18
3.010000e+01 9.523333e-18 9.523333e-18
3.020000e+01 9.656667e-18 9.656667e-18
3.030000e+01 9.740811e-18 9.740811e-18
3.040000e+01 9.792162e-18 9.792162e-18
3.050000e+01 9.843514e-18 9.843514e-18
3.060000e+01 9.894865e-18 9.894865e-18
3.070000e+01 9.946154e-18 9.946154e-18
3.080000e+01 9.997436e-18 9.997436e-18
3.090000e+01 1.004872e-17 1.004872e-17
3.100000e+01 1.010000e-17 1.010000e-17
3.110000e+01 1.015128e-17 1.015128e-17
3.120000e+01 1.020256e-17 1.020256e-17
3.130000e+01 1.025385e-17 1.025385e-17
3.140000e+01 1.030000e-17 1.030000e-17
3.150000e+01 1.030000e-17 1.030000e-17
3.160000e+01 1.030000e-17 1.030000e-17
3.170000e+01 1.030000e-17 1.030000e-17
3.180000e+01 1.030976e-17 1.030976e-17
3.190000e+01 1.040732e-17 1.040732e-17
3.200000e+01 1.050488e-17 1.050488e-17
3.210000e+01 1.060244e-17 1.060244e-17
3.220000e+01 1.070000e-17 1.070000e-17
3.230000e+01 1.074651e-17 1.074651e-17
3.240000e+01 1.079302e-17 1.079302e-17
3.250000e+01 1.083953e-17 1.083953e-17
3.260000e+01 1.088605e-17 1.088605e-17
3.270000e+01 1.093256e-17 1.093256e-17
3.280000e+01 1.097907e-17 1.097907e-17
3.290000e+01 1.102558e-17 1.102558e-17
3.300000e+01 1.107209e-17 1.107209e-17
3.310000e+01 1.111778e-17 1.111778e-17
3.320000e+01 1.116222e-17 1.116222e-17
3.330000e+01 1.120667e-17 1.120667e-17
3.340000e+01 1.125111e-17 1.125111e-17
3.350000e+01 1.129556e-17 1.129556e-17
3.360000e+01 1.131957e-17 1.131957e-17
3.370000e+01 1.134130e-17 1.134130e-17
3.380000e+01 1.136304e-17 1.136304e-17
3.390000e+01 1.138478e-17 1.138478e-17
3.400000e+01 1.143830e-17 1.143830e-17
3.410000e+01 1.156596e-17 1.156596e-17
3.420000e+01 1.169362e-17 1.169362e-17
3.430000e+01 1.182128e-17 1.182128e-17
3.440000e+01 1.194894e-17 1.194894e-17
3.450000e+01 1.200000e-17 1.200000e-17
3.460000e+01 1.200000e-17 1.200000e-17
3.470000e+01 1.200000e-17 1.200000e-17
3.480000e+01 1.200000e-17 1.200000e-17
3.490000e+01 1.200000e-17 1.200000e-17
3.500000e+01 1.207143e-17 1.207143e-17
3.510000e+01 1.217347e-17 1.217347e-17
3.520000e+01 1.227551e-17 1.227551e-17
3.530000e+01 1.237755e-17 1.237755e-17
3.540000e+01 1.247959e-17 1.247959e-17
3.550000e+01 1.250000e-17 1.250000e-17
3.560000e+01 1.250000e-17 1.250000e-17
3.570000e+01 1.250000e-17 1.250000e-17
3.580000e+01 1.250000e-17 1.250000e-17
3.590000e+01 1.250000e-17 1.250000e-17
3.600000e+01 1.254528e-17 1.254528e-17
3.610000e+01 1.262075e-17 1.262075e-17
3.620000e+01 1.269623e-17 1.269623e-17
3.630000e+01 1.277170e-17 1.277170e-17
3.640000e+01 1.284717e-17 1.284717e-17
3.650000e+01 1.290556e-17 1.290556e-17
3.660000e+01 1.292407e-17 1.292407e-17
3.670000e+01 1.294259e-17 1.294259e-17
3.680000e+01 1.296111e-17 1.296111e-17
3.690000e+01 1.297963e-17 1.297963e-17
3.700000e+01 1.299815e-17 1.299815e-17
3.710000e+01 1.304821e-17 1.304821e-17
3.720000e+01 1.310179e-17 1.310179e-17
3.730000e+01 1.315536e-17 1.315536e-17
3.740000e+01 1.320893e-17 1.320893e-17
3.750000e+01 1.326250e-17 1.326250e-17
3.760000e+01 1.332586e-17 1.332586e-17
3.770000e+01 1.341207e-17 1.341207e-17
3.780000e+01 1.349828e-17 1.349828e-17
3.790000e+01 1.358448e-17 1.358448e-17
3.800000e+01 1.367069e-17 1.367069e-17
3.810000e+01 1.375690e-17 1.375690e-17
3.820000e+01 1.380833e-17 1.380833e-17
3.830000e+01 1.382500e-17 1.382500e-17
3.840000e+01 1.384167e-17 1.384167e-17
3.850000e+01 1.385833e-17 1.385833e-17
3.860000e+01 1.387500e-17 1.387500e-17
3.870000e+01 1.389167e-17 1.389167e-17
3.880000e+01 1.392459e-17 1.392459e-17
3.890000e+01 1.397377e-17 1.397377e-17
3.900000e+01 1.402295e-17 1.402295e-17
3.910000e+01 1.407213e-17 1.407213e-17
3.920000e+01 1.412131e-17 1.412131e-17
3.930000e+01 1.417049e-17 1.417049e-17
3.940000e+01 1.421270e-17 1.421270e-17
3.950000e+01 1.424444e-17 1.424444e-17
3.960000e+01 1.427619e-17 1.427619e-17
3.970000e+01 1.430794e-17 1.430794e-17
3.980000e+01 1.433968e-17 1.433968e-17
3.990000e+01 1.437143e-17 1.437143e-17
4.000000e+01 1.440455e-17 1.440455e-17
4.010000e+01 1.445000e-17 1.445000e-17
4.020000e+01 1.449545e-17 1.449545e-17
4.030000e+01 1.454091e-17 1.454091e-17
4.040000e+01 1.458636e-17 1.458636e-17
4.050000e+01 1.463182e-17 1.463182e-17
4.060000e+01 1.467727e-17 1.467727e-17
4.070000e+01 1.476618e-17 1.476618e-17
4.080000e+01 1.489853e-17 1.489853e-17
4.090000e+01 1.503088e-17 1.503088e-17
4.100000e+01 1.516324e-17 1.516324e-17
4.110000e+01 1.529559e-17 1.529559e-17
4.120000e+01 1.542794e-17 1.542794e-17
4.130000e+01 1.556029e-17 1.556029e-17
4.140000e+01 1.563000e-17 1.563000e-17
4.150000e+01 1.567286e-17 1.567286e-17
4.160000e+01 1.571571e-17 1.571571e-17
4.170000e+01 1.575857e-17 1.575857e-17
4.180000e+01 1.580143e-17 1.580143e-17
4.190000e+01 1.584429e-17 1.584429e-17
4.200000e+01 1.588714e-17 1.588714e-17
4.210000e+01 1.593889e-17 1.593889e-17
4.220000e+01 1.599444e-17 1.599444e-17
4.230000e+01 1.605000e-17 1.605000e-17
4.240000e+01 1.610556e-17 1.610556e-17
4.250000e+01 1.616111e-17 1.616111e-17
4.260000e+01 1.621667e-17 1.621667e-17
4.270000e+01 1.627222e-17 1.627222e-17
4.280000e+01 1.632667e-17 1.632667e-17
4.290000e+01 1.638000e-17 1.638000e-17
4.300000e+01 1.643333e-17 1.643333e-17
4.310000e+01 1.648667e-17 1.648667e-17
4.320000e+01 1.654000e-17 1.654000e-17
4.330000e+01 1.659333e-17 1.659333e-17
4.340000e+01 1.664667e-17 1.664667e-17
4.350000e+01 1.670000e-17 1.670000e-17
4.360000e+01 1.676410e-17 1.676410e-17
4.370000e+01 1.682821e-17 1.682821e-17
4.380000e+01 1.689231e-17 1.689231e-17
4.390000e+01 1.695641e-17 1.695641e-17
4.400000e+01 1.702051e-17 1.702051e-17
4.410000e+01 1.708462e-17 1.708462e-17
4.420000e+01 1.714872e-17 1.714872e-17
4.430000e+01 1.720741e-17 1.720741e-17
4.440000e+01 1.724444e-17 1.724444e-17
4.450000e+01 1.728148e-17 1.728148e-17
4.460000e+01 1.731852e-17 1.731852e-17
4.470000e+01 1.735556e-17 1.735556e-17
4.480000e+01 1.739259e-17 1.739259e-17
4.490000e+01 1.742963e-17 1.742963e-17
4.500000e+01 1.746667e-17 1.746667e-17
4.510000e+01 1.749880e-17 1.749880e-17
4.520000e+01 1.748675e-17 1.748675e-17
4.530000e+01 1.747470e-17 1.747470e-17
4.540000e+01 1.746265e-17 1.746265e-17
4.550000e+01 1.745060e-17 1.745060e-17
4.560000e+01 1.743855e-17 1.743855e-17
4.570000e+01 1.742651e-17 1.742651e-17
4.580000e+01 1.741446e-17 1.741446e-17
4.590000e+01 1.740241e-17 1.740241e-17
4.600000e+01 1.743678e-17 1.743678e-17
4.610000e+01 1.748276e-17 1.748276e-17
4.620000e+01 1.752874e-17 1.752874e-17
4.630000e+01 1.757471e-17 1.757471e-17
4.640000e+01 1.762069e-17 1.762069e-17
4.650000e+01 1.766667e-17 1.766667e-17
4.660000e+01 1.771264e-17 1.771264e-17
4.670000e+01 1.775862e-17 1.775862e-17
4.680000e+01 1.780222e-17 1.780222e-17
4.690000e+01 1.782444e-17 1.782444e-17
4.700000e+01 1.784667e-17 1.784667e-17
4.710000e+01 1.786889e-17 1.786889e-17
4.720000e+01 1.789111e-17 1.789111e-17
4.730000e+01 1.791333e-17 1.791333e-17
4.740000e+01 1.793556e-17 1.793556e-17
4.750000e+01 1.795778e-17 1.795778e-17
4.760000e+01 1.798000e-17 1.798000e-17
4.770000e+01 1.800753e-17 1.800753e-17
4.780000e+01 1.808280e-17 1.808280e-17
4.790000e+01 1.815806e-17 1.815806e-17
4.800000e+01 1.823333e-17 1.823333e-17
4.810000e+01 1.830860e-17 1.830860e-17
4.820000e+01 1.838387e-17 1.838387e-17
4.830000e+01 1.845914e-17 1.845914e-17
4.840000e+01 1.853441e-17 1.853441e-17
4.850000e+01 1.860968e-17 1.860968e-17
4.860000e+01 1.868495e-17 1.868495e-17
4.870000e+01 1.870000e-17 1.870000e-17
4.880000e+01 1.870000e-17 1.870000e-17
4.890000e+01 1.870000e-17 1.870000e-17
4.900000e+01 1.870000e-17 1.870000e-17
4.910000e+01 1.870000e-17 1.870000e-17
4.920000e+01 1.870000e-17 1.870000e-17
4.930000e+01 1.870000e-17 1.870000e-17
4.940000e+01 1.870000e-17 1.870000e-17
4.950000e+01 1.870000e-17 1.870000e-17
4.960000e+01 1.870490e-17 1.870490e-17
4.970000e+01 1.875392e-17 1.875392e-17
4.980000e+01 1.880294e-17 1.880294e-17
4.990000e+01 1.885196e-17 1.885196e-17
5.000000e+01 1.890098e-17 1.890098e-17
5.010000e+01 1.895000e-17 1.895000e-17
5.020000e+01 1.899902e-17 1.899902e-17
5.030000e+01 1.904804e-17 1.904804e-17
5.040000e+01 1.909706e-17 1.909706e-17
5.050000e+01 1.914608e-17 1.914608e-17
5.060000e+01 1.919510e-17 1.919510e-17
5.070000e+01 1.927714e-17 1.927714e-17
5.080000e+01 1.936286e-17 1.936286e-17
5.090000e+01 1.944857e-17 1.944857e-17
5.100000e+01 1.953429e-17 1.953429e-17
5.110000e+01 1.962000e-17 1.962000e-17
5.120000e+01 1.970571e-17 1.970571e-17
5.130000e+01 1.979143e-17 1.979143e-17
5.140000e+01 1.987714e-17 1.987714e-17
5.150000e+01 1.996286e-17 1.996286e-17
5.160000e+01 2.004857e-17 2.004857e-17
5.170000e+01 2.010364e-17 2.010364e-17
5.180000e+01 2.011273e-17 2.011273e-17
5.190000e+01 2.012182e-17 2.012182e-17
5.200000e+01 2.013091e-17 2.013091e-17
5.210000e+01 2.014000e-17 2.014000e-17
5.220000e+01 2.014909e-17 2.014909e-17
5.230000e+01 2.015818e-17 2.015818e-17
5.240000e+01 2.016727e-17 2.016727e-17
5.250000e+01 2.017636e-17 2.017636e-17
5.260000e+01 2.018545e-17 2.018545e-17
5.270000e+01 2.019455e-17 2.019455e-17
5.280000e+01 2.021043e-17 2.021043e-17
5.290000e+01 2.023652e-17 2.023652e-17
5.300000e+01 2.026261e-17 2.026261e-17
5.310000e+01 2.028870e-17 2.028870e-17
5.320000e+01 2.031478e-17 2.031478e-17
5.330000e+01 2.034087e-17 2.034087e-17
5.340000e+01 2.036696e-17 2.036696e-17
5.350000e+01 2.039304e-17 2.039304e-17
5.360000e+01 2.041913e-17 2.041913e-17
5.370000e+01 2.044522e-17 2.044522e-17
5.380000e+01 2.047130e-17 2.047130e-17
5.390000e+01 2.049739e-17 2.049739e-17
5.400000e+01 2.053025e-17 2.053025e-17
5.410000e+01 2.056387e-17 2.056387e-17
5.420000e+01 2.059748e-17 2.059748e-17
5.430000e+01 2.063109e-17 2.063109e-17
5.440000e+01 2.066471e-17 2.066471e-17
5.450000e+01 2.069832e-17 2.069832e-17
5.460000e+01 2.073193e-17 2.073193e-17
5.470000e+01 2.076555e-17 2.076555e-17
5.480000e+01 2.079916e-17 2.079916e-17
5.490000e+01 2.083277e-17 2.083277e-17
5.500000e+01 2.086639e-17 2.086639e-17
5.510000e+01 2.090000e-17 2.090000e-17
5.520000e+01 2.093968e-17 2.093968e-17
5.530000e+01 2.097937e-17 2.097937e-17
5.540000e+01 2.101905e-17 2.101905e-17
5.550000e+01 2.105873e-17 2.105873e-17
5.560000e+01 2.109841e-17 2.109841e-17
5.570000e+01 2.113810e-17 2.113810e-17
5.580000e+01 2.117778e-17 2.117778e-17
5.590000e+01 2.121746e-17 2.121746e-17
5.600000e+01 2.125714e-17 2.125714e-17
5.610000e+01 2.129683e-17 2.129683e-17
5.620000e+01 2.133651e-17 2.133651e-17
5.630000e+01 2.137619e-17 2.137619e-17
5.640000e+01 2.126169e-17 2.127193e-17
5.650000e+01 2.091592e-17 2.095174e-17
5.660000e+01 2.088379e-17 2.091140e-17
5.670000e+01 2.096998e-17 2.097657e-17
5.680000e+01 2.092064e-17 2.092071e-17
5.690000e+01 2.106341e-17 2.102476e-17
5.700000e+01 2.111180e-17 2.104571e-17
5.710000e+01 2.116639e-17 2.106968e-17
5.720000e+01 2.135105e-17 2.119910e-17
5.730000e+01 2.139377e-17 2.120869e-17
5.740000e+01 2.143629e-17 2.124734e-17
5.750000e+01 2.147868e-17 2.130723e-17
5.760000e+01 2.144825e-17 2.129352e-17
5.770000e+01 2.146726e-17 2.130379e-17
5.780000e+01 2.158058e-17 2.138625e-17
5.790000e+01 2.153769e-17 2.139367e-17
5.800000e+01 2.164869e-17 2.148854e-17
5.810000e+01 2.179152e-17 2.156007e-17
5.820000e+01 2.184584e-17 2.158878e-17
5.830000e+01 2.181460e-17 2.158105e-17
5.840000e+01 2.176188e-17 2.161432e-17
5.850000e+01 2.170877e-17 2.164809e-17
5.860000e+01 2.166825e-17 2.165534e-17
5.870000e+01 2.163793e-17 2.165727e-17
5.880000e+01 2.163803e-17 2.164334e-17
5.890000e+01 2.170567e-17 2.168420e-17
5.900000e+01 2.183089e-17 2.177600e-17
5.910000e+01 2.180052e-17 2.175560e-17
5.920000e+01 2.177565e-17 2.175616e-17
5.930000e+01 2.175459e-17 2.177123e-17
5.940000e+01 2.179345e-17 2.182331e-17
5.950000e+01 2.193928e-17 2.191226e-17
5.960000e+01 2.187665e-17 2.180988e-17
5.970000e+01 2.201646e-17 2.193095e-17
5.980000e+01 2.205579e-17 2.196669e-17
5.990000e+01 2.204435e-17 2.195931e-17
6.000000e+01 2.203866e-17 2.198572e-17
6.010000e+01 2.203878e-17 2.204618e-17
6.020000e+01 2.196999e-17 2.199571e-17
6.030000e+01 2.193929e-17 2.195636e-17
6.040000e+01 2.201227e-17 2.198871e-17
6.050000e+01 2.214224e-17 2.204979e-17
6.060000e+01 2.226646e-17 2.211343e-17
6.070000e+01 2.233411e-17 2.215652e-17
6.080000e+01 2.229242e-17 2.209570e-17
6.090000e+01 2.227519e-17 2.205067e-17
6.100000e+01 2.230029e-17 2.203629e-17
6.110000e+01 2.233197e-17 2.205675e-17
6.120000e+01 2.235508e-17 2.210151e-17
6.130000e+01 2.230565e-17 2.206162e-17
6.140000e+01 2.251263e-17 2.216373e-17
6.150000e+01 2.252436e-17 2.212385e-17
6.160000e+01 2.252425e-17 2.208267e-17
6.170000e+01 2.254878e-17 2.206764e-17
6.180000e+01 2.256957e-17 2.205785e-17
6.190000e+01 2.258358e-17 2.205760e-17
6.200000e+01 2.257195e-17 2.203477e-17
6.210000e+01 2.253984e-17 2.199391e-17
6.220000e+01 2.253713e-17 2.197690e-17
6.230000e+01 2.263323e-17 2.204008e-17
6.240000e+01 2.268107e-17 2.205738e-17
6.250000e+01 2.270205e-17 2.204141e-17
6.260000e+01 2.270864e-17 2.200826e-17
6.270000e+01 2.268769e-17 2.195144e-17
6.280000e+01 2.266674e-17 2.189463e-17
6.290000e+01 2.273892e-17 2.191531e-17
6.300000e+01 2.279504e-17 2.192435e-17
6.310000e+01 2.280852e-17 2.190120e-17
6.320000e+01 2.280825e-17 2.187826e-17
6.330000e+01 2.279278e-17 2.185557e-17
6.340000e+01 2.275880e-17 2.183372e-17
6.350000e+01 2.266523e-17 2.173858e-17
6.360000e+01 2.254337e-17 2.159360e-17
6.370000e+01 2.255654e-17 2.155271e-17
6.380000e+01 2.261232e-17 2.154626e-17
6.390000e+01 2.274685e-17 2.160079e-17
6.400000e+01 2.272142e-17 2.150392e-17
6.410000e+01 2.289190e-17 2.155050e-17
6.420000e+01 2.299146e-17 2.156398e-17
6.430000e+01 2.299353e-17 2.154682e-17
6.440000e+01 2.274363e-17 2.135301e-17
6.450000e+01 2.253422e-17 2.119840e-17
6.460000e+01 2.257691e-17 2.125156e-17
6.470000e+01 2.256365e-17 2.122586e-17
6.480000e+01 2.245263e-17 2.106747e-17
6.490000e+01 2.262201e-17 2.111424e-17
6.500000e+01 2.296159e-17 2.117867e-17
6.510000e+01 2.308023e-17 2.113970e-17
6.520000e+01 2.307031e-17 2.105155e-17
6.530000e+01 2.289610e-17 2.088835e-17
6.540000e+01 2.267207e-17 2.066527e-17
6.550000e+01 2.260262e-17 2.058051e-17
6.560000e+01 2.256112e-17 2.050474e-17
6.570000e+01 2.252422e-17 2.043045e-17
6.580000e+01 2.262570e-17 2.042351e-17
6.590000e+01 2.274486e-17 2.042106e-17
6.600000e+01 2.276626e-17 2.033032e-17
6.610000e+01 2.278767e-17 2.023957e-17
6.620000e+01 2.276127e-17 2.013866e-17
6.630000e+01 2.271026e-17 2.008038e-17
6.640000e+01 2.248920e-17 1.979166e-17
6.650000e+01 2.229631e-17 1.953419e-17
6.660000e+01 2.237757e-17 1.952864e-17
6.670000e+01 2.240559e-17 1.948169e-17
6.680000e+01 2.249739e-17 1.946866e-17
6.690000e+01 2.264564e-17 1.948303e-17
6.700000e+01 2.271485e-17 1.935906e-17
6.710000e+01 2.281143e-17 1.927316e-17
6.720000e+01 2.282777e-17 1.918223e-17
6.730000e+01 2.248694e-17 1.883352e-17
6.740000e+01 2.222828e-17 1.860315e-17
6.750000e+01 2.184265e-17 1.830474e-17
6.760000e+01 2.183251e-17 1.826542e-17
6.770000e+01 2.210487e-17 1.833817e-17
6.780000e+01 2.241140e-17 1.835121e-17
6.790000e+01 2.261254e-17 1.830229e-17
6.800000e+01 2.267977e-17 1.820774e-17
6.810000e+01 2.272781e-17 1.809243e-17
6.820000e+01 2.280972e-17 1.797836e-17
6.830000e+01 2.321123e-17 1.807550e-17
6.840000e+01 2.310360e-17 1.791230e-17
6.850000e+01 2.280776e-17 1.765804e-17
6.860000e+01 2.214430e-17 1.719560e-17
6.870000e+01 2.199778e-17 1.709787e-17
6.880000e+01 2.209049e-17 1.716659e-17
6.890000e+01 2.234708e-17 1.731976e-17
6.900000e+01 2.256184e-17 1.743814e-17
6.910000e+01 2.271847e-17 1.750700e-17
6.920000e+01 2.274237e-17 1.749244e-17
6.930000e+01 2.276461e-17 1.747684e-17
6.940000e+01 2.273276e-17 1.744213e-17
6.950000e+01 2.268209e-17 1.741548e-17
6.960000e+01 2.236730e-17 1.724675e-17
6.970000e+01 2.191531e-17 1.701520e-17
6.980000e+01 2.179294e-17 1.694422e-17
6.990000e+01 2.157950e-17 1.678451e-17
7.000000e+01 2.162908e-17 1.675959e-17
7.010000e+01 2.174671e-17 1.679009e-17
7.020000e+01 2.188327e-17 1.684637e-17
7.030000e+01 2.204984e-17 1.694978e-17
7.040000e+01 2.225201e-17 1.709473e-17
7.050000e+01 2.249202e-17 1.729110e-17
7.060000e+01 2.272733e-17 1.749416e-17
7.070000e+01 2.262683e-17 1.743346e-17
7.080000e+01 2.222164e-17 1.713242e-17
7.090000e+01 2.180619e-17 1.682087e-17
7.100000e+01 2.148057e-17 1.656732e-17
7.110000e+01 2.124821e-17 1.637622e-17
7.120000e+01 2.114185e-17 1.627417e-17
7.130000e+01 2.134750e-17 1.639831e-17
7.140000e+01 2.152895e-17 1.648880e-17
7.150000e+01 2.169341e-17 1.654909e-17
7.160000e+01 2.186894e-17 1.659955e-17
7.170000e+01 2.223362e-17 1.679140e-17
7.180000e+01 2.251315e-17 1.691674e-17
7.190000e+01 2.255851e-17 1.693991e-17
7.200000e+01 2.249876e-17 1.692405e-17
7.210000e+01 2.239238e-17 1.685457e-17
7.220000e+01 2.223445e-17 1.673063e-17
7.230000e+01 2.200578e-17 1.654853e-17
7.240000e+01 2.184654e-17 1.643455e-17
7.250000e+01 2.163448e-17 1.628289e-17
7.260000e+01 2.134876e-17 1.607654e-17
7.270000e+01 2.107429e-17 1.594529e-17
7.280000e+01 2.080604e-17 1.582922e-17
7.290000e+01 2.060413e-17 1.575193e-17
7.300000e+01 2.065674e-17 1.586786e-17
7.310000e+01 2.092446e-17 1.600695e-17
7.320000e+01 2.150191e-17 1.625859e-17
7.330000e+01 2.225837e-17 1.661957e-17
7.340000e+01 2.254429e-17 1.673568e-17
7.350000e+01 2.235327e-17 1.652255e-17
7.360000e+01 2.185257e-17 1.620594e-17
7.370000e+01 2.122570e-17 1.589221e-17
7.380000e+01 2.078437e-17 1.569167e-17
7.390000e+01 2.051428e-17 1.555634e-17
7.400000e+01 2.036258e-17 1.542368e-17
7.410000e+01 2.041690e-17 1.543256e-17
7.420000e+01 2.039080e-17 1.541309e-17
7.430000e+01 2.005773e-17 1.524318e-17
7.440000e+01 1.980968e-17 1.514408e-17
7.450000e+01 1.957904e-17 1.508070e-17
7.460000e+01 1.994886e-17 1.524873e-17
7.470000e+01 2.067973e-17 1.557147e-17
7.480000e+01 2.152962e-17 1.592027e-17
7.490000e+01 2.243633e-17 1.628117e-17
7.500000e+01 2.245528e-17 1.624085e-17
7.510000e+01 2.179427e-17 1.587218e-17
7.520000e+01 2.025277e-17 1.507933e-17
7.530000e+01 1.928021e-17 1.458886e-17
7.540000e+01 1.835121e-17 1.415946e-17
7.550000e+01 1.825261e-17 1.416747e-17
7.560000e+01 1.853018e-17 1.437654e-17
7.570000e+01 1.920355e-17 1.475178e-17
7.580000e+01 1.934654e-17 1.481451e-17
7.590000e+01 1.937823e-17 1.482895e-17
7.600000e+01 1.917394e-17 1.470456e-17
7.610000e+01 1.863225e-17 1.443069e-17
7.620000e+01 1.856627e-17 1.442965e-17
7.630000e+01 1.870861e-17 1.449315e-17
7.640000e+01 1.916497e-17 1.468651e-17
7.650000e+01 1.957167e-17 1.485177e-17
7.660000e+01 1.971746e-17 1.489846e-17
7.670000e+01 1.934574e-17 1.469027e-17
7.680000e+01 1.862815e-17 1.433011e-17
7.690000e+01 1.789986e-17 1.399031e-17
7.700000e+01 1.727736e-17 1.369555e-17
7.710000e+01 1.709882e-17 1.358390e-17
7.720000e+01 1.735739e-17 1.370760e-17
7.730000e+01 1.760738e-17 1.383298e-17
7.740000e+01 1.796008e-17 1.399182e-17
7.750000e+01 1.825549e-17 1.410680e-17
7.760000e+01 1.827148e-17 1.411517e-17
7.770000e+01 1.802647e-17 1.404535e-17
7.780000e+01 1.758586e-17 1.388064e-17
7.790000e+01 1.724393e-17 1.374516e-17
7.800000e+01 1.717163e-17 1.371735e-17
7.810000e+01 1.722573e-17 1.373157e-17
7.820000e+01 1.730708e-17 1.374837e-17
7.830000e+01 1.733977e-17 1.375377e-17
7.840000e+01 1.729145e-17 1.374021e-17
7.850000e+01 1.720215e-17 1.372141e-17
7.860000e+01 1.701376e-17 1.368222e-17
7.870000e+01 1.677025e-17 1.354473e-17
7.880000e+01 1.671046e-17 1.348885e-17
7.890000e+01 1.668018e-17 1.344854e-17
7.900000e+01 1.682977e-17 1.350314e-17
7.910000e+01 1.697204e-17 1.355755e-17
7.920000e+01 1.710609e-17 1.361175e-17
7.930000e+01 1.711029e-17 1.361125e-17
7.940000e+01 1.705328e-17 1.358016e-17
7.950000e+01 1.676096e-17 1.341120e-17
7.960000e+01 1.654736e-17 1.328550e-17
7.970000e+01 1.645386e-17 1.321535e-17
7.980000e+01 1.640960e-17 1.318057e-17
7.990000e+01 1.650292e-17 1.324462e-17
8.000000e+01 1.657592e-17 1.329882e-17
8.010000e+01 1.650351e-17 1.328249e-17
8.020000e+01 1.639103e-17 1.322263e-17
8.030000e+01 1.622979e-17 1.310458e-17
8.040000e+01 1.617227e-17 1.305108e-17
8.050000e+01 1.613563e-17 1.298278e-17
8.060000e+01 1.632270e-17 1.298506e-17
8.070000e+01 1.667119e-17 1.314246e-17
8.080000e+01 1.686317e-17 1.314374e-17
8.090000e+01 1.686831e-17 1.305443e-17
8.100000e+01 1.687781e-17 1.296821e-17
8.110000e+01 1.689324e-17 1.290423e-17
8.120000e+01 1.692716e-17 1.290947e-17
8.130000e+01 1.696805e-17 1.292005e-17
8.140000e+01 1.716792e-17 1.305188e-17
8.150000e+01 1.687070e-17 1.281127e-17
8.160000e+01 1.652370e-17 1.255022e-17
8.170000e+01 1.618608e-17 1.230208e-17
8.180000e+01 1.617267e-17 1.225653e-17
8.190000e+01 1.624663e-17 1.228159e-17
8.200000e+01 1.651120e-17 1.238165e-17
8.210000e+01 1.704608e-17 1.260140e-17
8.220000e+01 1.705977e-17 1.256311e-17
8.230000e+01 1.658616e-17 1.221541e-17
8.240000e+01 1.638655e-17 1.202092e-17
8.250000e+01 1.641060e-17 1.200359e-17
8.260000e+01 1.682749e-17 1.216832e-17
8.270000e+01 1.732751e-17 1.241012e-17
8.280000e+01 1.778940e-17 1.260898e-17
8.290000e+01 1.766411e-17 1.243956e-17
8.300000e+01 1.733290e-17 1.213911e-17
8.310000e+01 1.712537e-17 1.189207e-17
8.320000e+01 1.725004e-17 1.188285e-17
8.330000e+01 1.760268e-17 1.198019e-17
8.340000e+01 1.789288e-17 1.205000e-17
8.350000e+01 1.815922e-17 1.210480e-17
8.360000e+01 1.822987e-17 1.201674e-17
8.370000e+01 1.788437e-17 1.176210e-17
8.380000e+01 1.747474e-17 1.150083e-17
8.390000e+01 1.727728e-17 1.134830e-17
8.400000e+01 1.749031e-17 1.139684e-17
8.410000e+01 1.796796e-17 1.151387e-17
8.420000e+01 1.851161e-17 1.163150e-17
8.430000e+01 1.860144e-17 1.160486e-17
8.440000e+01 1.810366e-17 1.133235e-17
8.450000e+01 1.751192e-17 1.098387e-17
8.460000e+01 1.738519e-17 1.087928e-17
8.470000e+01 1.776053e-17 1.098477e-17
8.480000e+01 1.826126e-17 1.106750e-17
8.490000e+01 1.881543e-17 1.114155e-17
8.500000e+01 1.916034e-17 1.115960e-17
8.510000e+01 1.897792e-17 1.096593e-17
8.520000e+01 1.824755e-17 1.059925e-17
8.530000e+01 1.806407e-17 1.044216e-17
8.540000e+01 1.871188e-17 1.053591e-17
8.550000e+01 1.920917e-17 1.056559e-17
8.560000e+01 1.951275e-17 1.051284e-17
8.570000e+01 1.971926e-17 1.053974e-17
8.580000e+01 1.954522e-17 1.044514e-17
8.590000e+01 1.901532e-17 1.022818e-17
8.600000e+01 1.857488e-17 1.001595e-17
8.610000e+01 1.891078e-17 1.007793e-17
8.620000e+01 1.934209e-17 1.012452e-17
8.630000e+01 1.945822e-17 1.009774e-17
8.640000e+01 1.970862e-17 1.011450e-17
8.650000e+01 1.985057e-17 1.011719e-17
8.660000e+01 1.991286e-17 1.008885e-17
8.670000e+01 1.959985e-17 9.847886e-18
8.680000e+01 1.926260e-17 9.562671e-18
8.690000e+01 1.962599e-17 9.592298e-18
8.700000e+01 1.973159e-17 9.549890e-18
8.710000e+01 1.983720e-17 9.507482e-18
8.720000e+01 1.992364e-17 9.460986e-18
8.730000e+01 1.979412e-17 9.368424e-18
8.740000e+01 1.960356e-17 9.254930e-18
8.750000e+01 1.953469e-17 9.147567e-18
8.760000e+01 1.979803e-17 9.130283e-18
8.770000e+01 2.012038e-17 9.172055e-18
8.780000e+01 2.033219e-17 9.138676e-18
8.790000e+01 2.001015e-17 8.982524e-18
8.800000e+01 1.943584e-17 8.774351e-18
8.810000e+01 1.923432e-17 8.700473e-18
8.820000e+01 1.939707e-17 8.753075e-18
8.830000e+01 1.998923e-17 8.900034e-18
8.840000e+01 2.084468e-17 9.083021e-18
8.850000e+01 2.105155e-17 9.043138e-18
8.860000e+01 2.039977e-17 8.745782e-18
8.870000e+01 1.982706e-17 8.530304e-18
8.880000e+01 1.937000e-17 8.372116e-18
8.890000e+01 1.962660e-17 8.477537e-18
8.900000e+01 2.074929e-17 8.777281e-18
8.910000e+01 2.206888e-17 9.048054e-18
8.920000e+01 2.251035e-17 9.040903e-18
8.930000e+01 2.183236e-17 8.739381e-18
8.940000e+01 2.061929e-17 8.350113e-18
8.950000e+01 1.973200e-17 8.059203e-18
8.960000e+01 1.955742e-17 8.005601e-18
8.970000e+01 2.058510e-17 8.307942e-18
8.980000e+01 2.234260e-17 8.770581e-18
8.990000e+01 2.379811e-17 9.102776e-18
9.000000e+01 2.373182e-17 8.952112e-18
9.010000e+01 2.232786e-17 8.487725e-18
9.020000e+01 2.110827e-17 8.156004e-18
9.030000e+01 1.978387e-17 7.758849e-18
9.040000e+01 1.967244e-17 7.723817e-18
9.050000e+01 2.070265e-17 8.002839e-18
9.060000e+01 2.236063e-17 8.404173e-18
9.070000e+01 2.344833e-17 8.666218e-18
9.080000e+01 2.345688e-17 8.640281e-18
9.090000e+01 2.233313e-17 8.223827e-18
9.100000e+01 2.146057e-17 7.956822e-18
9.110000e+01 2.052574e-17 7.709138e-18
9.120000e+01 2.021153e-17 7.618119e-18
9.130000e+01 2.112287e-17 7.852553e-18
9.140000e+01 2.230305e-17 8.173154e-18
9.150000e+01 2.362711e-17 8.481395e-18
9.160000e+01 2.374756e-17 8.363399e-18
9.170000e+01 2.298154e-17 8.071994e-18
9.180000e+01 2.148297e-17 7.784692e-18
9.190000e+01 2.058337e-17 7.626089e-18
9.200000e+01 1.989492e-17 7.497331e-18
9.210000e+01 2.000683e-17 7.521449e-18
9.220000e+01 2.141292e-17 7.843520e-18
9.230000e+01 2.299775e-17 8.166579e-18
9.240000e+01 2.416222e-17 8.280138e-18
9.250000e+01 2.423573e-17 8.119118e-18
9.260000e+01 2.265699e-17 7.664306e-18
9.270000e+01 2.132228e-17 7.416008e-18
9.280000e+01 2.025038e-17 7.201921e-18
9.290000e+01 2.014968e-17 7.231711e-18
9.300000e+01 2.123651e-17 7.531949e-18
9.310000e+01 2.277905e-17 7.928371e-18
9.320000e+01 2.344229e-17 8.084415e-18
9.330000e+01 2.311716e-17 7.900785e-18
9.340000e+01 2.238985e-17 7.686823e-18
9.350000e+01 2.155919e-17 7.482650e-18
9.360000e+01 2.048240e-17 7.188101e-18
9.370000e+01 2.052127e-17 7.187103e-18
9.380000e+01 2.139299e-17 7.356985e-18
9.390000e+01 2.223628e-17 7.511546e-18
9.400000e+01 2.293306e-17 7.680479e-18
9.410000e+01 2.257850e-17 7.633424e-18
9.420000e+01 2.188222e-17 7.510417e-18
9.430000e+01 2.088742e-17 7.232573e-18
9.440000e+01 2.026226e-17 7.010967e-18
9.450000e+01 1.976374e-17 6.833423e-18
9.460000e+01 1.969695e-17 6.804565e-18
9.470000e+01 2.001255e-17 6.923447e-18
9.480000e+01 2.023781e-17 7.024523e-18
9.490000e+01 2.027647e-17 7.062554e-18
9.500000e+01 2.011334e-17 7.028773e-18
9.510000e+01 1.927073e-17 6.729433e-18
9.520000e+01 1.865789e-17 6.493111e-18
9.530000e+01 1.797202e-17 6.227903e-18
9.540000e+01 1.753905e-17 6.051871e-18
9.550000e+01 1.741135e-17 5.991241e-18
9.560000e+01 1.732752e-17 5.944333e-18
9.570000e+01 1.779092e-17 6.123998e-18
9.580000e+01 1.774575e-17 6.149465e-18
9.590000e+01 1.697876e-17 6.014069e-18
9.600000e+01 1.608031e-17 5.819167e-18
9.610000e+01 1.549303e-17 5.678679e-18
9.620000e+01 1.589872e-17 5.799652e-18
9.630000e+01 1.597905e-17 5.781736e-18
9.640000e+01 1.605179e-17 5.790979e-18
9.650000e+01 1.630812e-17 5.860370e-18
9.660000e+01 1.658412e-17 5.977682e-18
9.670000e+01 1.605194e-17 5.805904e-18
9.680000e+01 1.535942e-17 5.592398e-18
9.690000e+01 1.451392e-17 5.373875e-18
9.700000e+01 1.420612e-17 5.306056e-18
9.710000e+01 1.397170e-17 5.283120e-18
9.720000e+01 1.385901e-17 5.292052e-18
9.730000e+01 1.366835e-17 5.265366e-18
9.740000e+01 1.366115e-17 5.225586e-18
9.750000e+01 1.374656e-17 5.227738e-18
9.760000e+01 1.372092e-17 5.195785e-18
9.770000e+01 1.363219e-17 5.131737e-18
9.780000e+01 1.397125e-17 5.191657e-18
9.790000e+01 1.413422e-17 5.122796e-18
9.800000e+01 1.380513e-17 4.765554e-18
9.810000e+01 1.287382e-17 4.056662e-18
9.820000e+01 1.244887e-17 2.991083e-18
9.830000e+01 1.218587e-17 2.045495e-18
9.840000e+01 1.184440e-17 1.066761e-18
9.850000e+01 1.151376e-17 4.064589e-19
9.860000e+01 1.119759e-17 1.716508e-19
9.870000e+01 1.108278e-17 3.882833e-20
9.880000e+01 1.121033e-17 2.875410e-20
9.890000e+01 1.134079e-17 1.472064e-20
