# H2S cross sections
# From the Leiden database for photodissociation and photoionization of astrophysically relevant molecules, http://home.strw.leidenuniv.nl/~ewine/photo/
# File last modified by Alan Heays 2017-03-01
# references: lee1987 10.1063/1.451897, xia1991 10.1016/0022-4073(91)90102-V, feng1999 10.1016/S0301-0104(99)00088-9, feng1999b 10.1016/S0301-0104(99)00232-3,
# no info on lines
# wavelength: (nm)
# photoabsorption   -- Photoabsorption cross section (cm2)
# photoionisation   -- Photoionisation cross section (cm2)
# This version has been resampled to a uniform 0.1nm grid while maintaining a constant integrated cross section (using trapezoidal integration).
# wavelength photoabsorption photoionisation
4.160055e+01 6.857140e-18 6.857140e-18
4.170055e+01 6.857140e-18 6.857140e-18
4.180055e+01 6.857140e-18 6.857140e-18
4.190055e+01 6.857140e-18 6.857140e-18
4.200055e+01 6.920119e-18 6.920119e-18
4.210055e+01 6.992669e-18 6.992669e-18
4.220055e+01 7.073562e-18 7.073562e-18
4.230055e+01 7.240730e-18 7.240730e-18
4.240055e+01 7.407897e-18 7.407897e-18
4.250055e+01 7.425079e-18 7.425079e-18
4.260055e+01 7.370138e-18 7.370138e-18
4.270055e+01 7.315197e-18 7.315197e-18
4.280055e+01 7.262237e-18 7.262237e-18
4.290055e+01 7.652323e-18 7.652323e-18
4.300055e+01 8.042409e-18 8.042409e-18
4.310055e+01 7.976728e-18 7.976728e-18
4.320055e+01 7.880076e-18 7.880076e-18
4.330055e+01 8.039388e-18 8.039388e-18
4.340055e+01 8.243973e-18 8.243973e-18
4.350055e+01 8.448558e-18 8.448558e-18
4.360055e+01 8.610819e-18 8.610819e-18
4.370055e+01 8.767973e-18 8.767973e-18
4.380055e+01 8.873950e-18 8.873950e-18
4.390055e+01 8.873950e-18 8.873950e-18
4.400055e+01 8.873950e-18 8.873950e-18
4.410055e+01 9.017528e-18 9.017528e-18
4.420055e+01 9.214609e-18 9.214609e-18
4.430055e+01 9.411691e-18 9.411691e-18
4.440055e+01 9.521674e-18 9.521674e-18
4.450055e+01 9.586491e-18 9.586491e-18
4.460055e+01 9.651309e-18 9.651309e-18
4.470055e+01 9.750553e-18 9.750553e-18
4.480055e+01 9.878306e-18 9.878306e-18
4.490055e+01 1.000606e-17 1.000606e-17
4.500055e+01 1.015768e-17 1.015768e-17
4.510055e+01 1.034665e-17 1.034665e-17
4.520055e+01 1.053562e-17 1.053562e-17
4.530055e+01 1.070272e-17 1.070272e-17
4.540055e+01 1.077527e-17 1.077527e-17
4.550055e+01 1.084781e-17 1.084781e-17
4.560055e+01 1.091579e-17 1.091579e-17
4.570055e+01 1.097713e-17 1.097713e-17
4.580055e+01 1.103847e-17 1.103847e-17
4.590055e+01 1.110948e-17 1.110948e-17
4.600055e+01 1.125074e-17 1.125074e-17
4.610055e+01 1.139200e-17 1.139200e-17
4.620055e+01 1.155125e-17 1.155125e-17
4.630055e+01 1.176037e-17 1.176037e-17
4.640055e+01 1.196948e-17 1.196948e-17
4.650055e+01 1.215831e-17 1.215831e-17
4.660055e+01 1.231291e-17 1.231291e-17
4.670055e+01 1.246752e-17 1.246752e-17
4.680055e+01 1.262212e-17 1.262212e-17
4.690055e+01 1.273693e-17 1.273693e-17
4.700055e+01 1.280467e-17 1.280467e-17
4.710055e+01 1.287241e-17 1.287241e-17
4.720055e+01 1.290760e-17 1.290760e-17
4.730055e+01 1.290760e-17 1.290760e-17
4.740055e+01 1.290760e-17 1.290760e-17
4.750055e+01 1.290760e-17 1.290760e-17
4.760055e+01 1.309745e-17 1.309745e-17
4.770055e+01 1.329498e-17 1.329498e-17
4.780055e+01 1.349251e-17 1.349251e-17
4.790055e+01 1.371254e-17 1.371254e-17
4.800055e+01 1.393512e-17 1.393512e-17
4.810055e+01 1.415771e-17 1.415771e-17
4.820055e+01 1.437938e-17 1.437938e-17
4.830055e+01 1.459864e-17 1.459864e-17
4.840055e+01 1.481790e-17 1.481790e-17
4.850055e+01 1.503716e-17 1.503716e-17
4.860055e+01 1.515416e-17 1.515416e-17
4.870055e+01 1.520138e-17 1.520138e-17
4.880055e+01 1.524860e-17 1.524860e-17
4.890055e+01 1.529582e-17 1.529582e-17
4.900055e+01 1.539663e-17 1.539663e-17
4.910055e+01 1.560880e-17 1.560880e-17
4.920055e+01 1.582097e-17 1.582097e-17
4.930055e+01 1.603315e-17 1.603315e-17
4.940055e+01 1.616637e-17 1.616637e-17
4.950055e+01 1.622738e-17 1.622738e-17
4.960055e+01 1.628840e-17 1.628840e-17
4.970055e+01 1.637553e-17 1.637553e-17
4.980055e+01 1.655623e-17 1.655623e-17
4.990055e+01 1.673693e-17 1.673693e-17
5.000055e+01 1.691763e-17 1.691763e-17
5.010055e+01 1.709611e-17 1.709611e-17
5.020055e+01 1.727425e-17 1.727425e-17
5.030055e+01 1.745239e-17 1.745239e-17
5.040055e+01 1.760168e-17 1.760168e-17
5.050055e+01 1.771886e-17 1.771886e-17
5.060055e+01 1.783604e-17 1.783604e-17
5.070055e+01 1.795495e-17 1.795495e-17
5.080055e+01 1.812841e-17 1.812841e-17
5.090055e+01 1.830187e-17 1.830187e-17
5.100055e+01 1.847533e-17 1.847533e-17
5.110055e+01 1.858557e-17 1.858557e-17
5.120055e+01 1.864261e-17 1.864261e-17
5.130055e+01 1.869965e-17 1.869965e-17
5.140055e+01 1.875767e-17 1.875767e-17
5.150055e+01 1.896017e-17 1.896017e-17
5.160055e+01 1.916267e-17 1.916267e-17
5.170055e+01 1.936402e-17 1.936402e-17
5.180055e+01 1.950680e-17 1.950680e-17
5.190055e+01 1.964958e-17 1.964958e-17
5.200055e+01 1.979235e-17 1.979235e-17
5.210055e+01 1.993513e-17 1.993513e-17
5.220055e+01 2.001774e-17 2.001774e-17
5.230055e+01 2.008348e-17 2.008348e-17
5.240055e+01 2.014922e-17 2.014922e-17
5.250055e+01 2.021436e-17 2.021436e-17
5.260055e+01 2.027925e-17 2.027925e-17
5.270055e+01 2.034414e-17 2.034414e-17
5.280055e+01 2.046685e-17 2.046685e-17
5.290055e+01 2.062711e-17 2.062711e-17
5.300055e+01 2.078738e-17 2.078738e-17
5.310055e+01 2.094764e-17 2.094764e-17
5.320055e+01 2.117189e-17 2.117189e-17
5.330055e+01 2.140919e-17 2.140919e-17
5.340055e+01 2.166758e-17 2.166758e-17
5.350055e+01 2.197994e-17 2.197994e-17
5.360055e+01 2.229230e-17 2.229230e-17
5.370055e+01 2.260466e-17 2.260466e-17
5.380055e+01 2.282573e-17 2.282573e-17
5.390055e+01 2.291377e-17 2.291377e-17
5.400055e+01 2.300181e-17 2.300181e-17
5.410055e+01 2.308986e-17 2.308986e-17
5.420055e+01 2.317790e-17 2.317790e-17
5.430055e+01 2.330034e-17 2.330034e-17
5.440055e+01 2.343009e-17 2.343009e-17
5.450055e+01 2.355983e-17 2.355983e-17
5.460055e+01 2.368957e-17 2.368957e-17
5.470055e+01 2.383692e-17 2.383692e-17
5.480055e+01 2.407537e-17 2.407537e-17
5.490055e+01 2.431383e-17 2.431383e-17
5.500055e+01 2.455229e-17 2.455229e-17
5.510055e+01 2.470308e-17 2.470308e-17
5.520055e+01 2.482900e-17 2.482900e-17
5.530055e+01 2.495491e-17 2.495491e-17
5.540055e+01 2.508083e-17 2.508083e-17
5.550055e+01 2.520674e-17 2.520674e-17
5.560055e+01 2.539768e-17 2.539768e-17
5.570055e+01 2.559041e-17 2.559041e-17
5.580055e+01 2.578314e-17 2.578314e-17
5.590055e+01 2.597587e-17 2.597587e-17
5.600055e+01 2.607277e-17 2.607277e-17
5.610055e+01 2.614383e-17 2.614383e-17
5.620055e+01 2.621489e-17 2.621489e-17
5.630055e+01 2.628596e-17 2.628596e-17
5.640055e+01 2.635702e-17 2.635702e-17
5.650055e+01 2.644497e-17 2.644497e-17
5.660055e+01 2.666839e-17 2.666839e-17
5.670055e+01 2.689181e-17 2.689181e-17
5.680055e+01 2.711522e-17 2.711522e-17
5.690055e+01 2.729620e-17 2.729620e-17
5.700055e+01 2.743835e-17 2.743835e-17
5.710055e+01 2.765780e-17 2.765780e-17
5.720055e+01 2.787725e-17 2.787725e-17
5.730055e+01 2.809670e-17 2.809670e-17
5.740055e+01 2.826017e-17 2.826017e-17
5.750055e+01 2.832769e-17 2.832769e-17
5.760055e+01 2.839521e-17 2.839521e-17
5.770055e+01 2.846272e-17 2.846272e-17
5.780055e+01 2.853024e-17 2.853024e-17
5.790055e+01 2.859776e-17 2.859776e-17
5.800055e+01 2.869085e-17 2.869085e-17
5.810055e+01 2.882335e-17 2.882335e-17
5.820055e+01 2.895584e-17 2.895584e-17
5.830055e+01 2.908834e-17 2.908834e-17
5.840055e+01 2.922084e-17 2.922084e-17
5.850055e+01 2.936692e-17 2.936692e-17
5.860055e+01 2.951584e-17 2.951584e-17
5.870055e+01 2.966475e-17 2.966475e-17
5.880055e+01 2.981367e-17 2.981367e-17
5.890055e+01 2.996259e-17 2.996259e-17
5.900055e+01 3.008543e-17 3.008543e-17
5.910055e+01 3.017080e-17 3.017080e-17
5.920055e+01 3.025616e-17 3.025616e-17
5.930055e+01 3.034153e-17 3.034153e-17
5.940055e+01 3.042690e-17 3.042690e-17
5.950055e+01 3.045380e-17 3.045380e-17
5.960055e+01 3.045380e-17 3.045380e-17
5.970055e+01 3.052787e-17 3.052787e-17
5.980055e+01 3.077771e-17 3.077771e-17
5.990055e+01 3.102755e-17 3.102755e-17
6.000055e+01 3.127738e-17 3.127738e-17
6.010055e+01 3.152722e-17 3.152722e-17
6.020055e+01 3.177522e-17 3.177522e-17
6.030055e+01 3.202102e-17 3.202102e-17
6.040055e+01 3.226681e-17 3.226681e-17
6.050055e+01 3.251260e-17 3.251260e-17
6.060055e+01 3.275839e-17 3.275839e-17
6.070055e+01 3.289960e-17 3.289960e-17
6.080055e+01 3.294807e-17 3.294807e-17
6.090055e+01 3.299655e-17 3.299655e-17
6.100055e+01 3.304502e-17 3.304502e-17
6.110055e+01 3.314617e-17 3.314617e-17
6.120055e+01 3.333729e-17 3.333729e-17
6.130055e+01 3.352841e-17 3.352841e-17
6.140055e+01 3.371954e-17 3.371954e-17
6.150055e+01 3.388240e-17 3.388240e-17
6.160055e+01 3.388240e-17 3.388240e-17
6.170055e+01 3.388240e-17 3.388240e-17
6.180055e+01 3.388240e-17 3.388240e-17
6.190055e+01 3.405372e-17 3.405372e-17
6.200055e+01 3.428672e-17 3.428672e-17
6.210055e+01 3.451971e-17 3.451971e-17
6.220055e+01 3.475271e-17 3.475271e-17
6.230055e+01 3.496567e-17 3.496567e-17
6.240055e+01 3.514947e-17 3.514947e-17
6.250055e+01 3.533327e-17 3.533327e-17
6.260055e+01 3.551707e-17 3.551707e-17
6.270055e+01 3.570415e-17 3.570415e-17
6.280055e+01 3.606608e-17 3.606608e-17
6.290055e+01 3.642801e-17 3.642801e-17
6.300055e+01 3.678995e-17 3.678995e-17
6.310055e+01 3.715188e-17 3.715188e-17
6.320055e+01 3.726897e-17 3.726897e-17
6.330055e+01 3.719417e-17 3.719417e-17
6.340055e+01 3.711938e-17 3.711938e-17
6.350055e+01 3.717295e-17 3.717295e-17
6.360055e+01 3.724674e-17 3.724674e-17
6.370055e+01 3.732054e-17 3.732054e-17
6.380055e+01 3.739433e-17 3.739433e-17
6.390055e+01 3.746813e-17 3.746813e-17
6.400055e+01 3.759909e-17 3.759909e-17
6.410055e+01 3.781675e-17 3.781675e-17
6.420055e+01 3.803441e-17 3.803441e-17
6.430055e+01 3.825206e-17 3.825206e-17
6.440055e+01 3.846972e-17 3.846972e-17
6.450055e+01 3.876694e-17 3.876694e-17
6.460055e+01 3.908869e-17 3.908869e-17
6.470055e+01 3.941043e-17 3.941043e-17
6.480055e+01 3.973145e-17 3.973145e-17
6.490055e+01 3.983736e-17 3.983736e-17
6.500055e+01 3.994327e-17 3.994327e-17
6.510055e+01 4.004917e-17 4.004917e-17
6.520055e+01 4.015508e-17 4.015508e-17
6.530055e+01 4.026098e-17 4.026098e-17
6.540055e+01 4.037925e-17 4.037925e-17
6.550055e+01 4.052766e-17 4.052766e-17
6.560055e+01 4.067608e-17 4.067608e-17
6.570055e+01 4.082449e-17 4.082449e-17
6.580055e+01 4.097290e-17 4.097290e-17
6.590055e+01 4.112132e-17 4.112132e-17
6.600055e+01 4.126973e-17 4.126973e-17
6.610055e+01 4.139494e-17 4.139494e-17
6.620055e+01 4.149658e-17 4.149658e-17
6.630055e+01 4.159822e-17 4.159822e-17
6.640055e+01 4.169986e-17 4.169986e-17
6.650055e+01 4.180151e-17 4.180151e-17
6.660055e+01 4.190315e-17 4.190315e-17
6.670055e+01 4.200479e-17 4.200479e-17
6.680055e+01 4.210644e-17 4.210644e-17
6.690055e+01 4.223490e-17 4.223490e-17
6.700055e+01 4.238455e-17 4.238455e-17
6.710055e+01 4.253421e-17 4.253421e-17
6.720055e+01 4.268387e-17 4.268387e-17
6.730055e+01 4.282393e-17 4.282393e-17
6.740055e+01 4.295501e-17 4.295501e-17
6.750055e+01 4.308608e-17 4.308608e-17
6.760055e+01 4.321715e-17 4.321715e-17
6.770055e+01 4.334823e-17 4.334823e-17
6.780055e+01 4.347930e-17 4.347930e-17
6.790055e+01 4.357296e-17 4.356765e-17
6.800055e+01 4.360052e-17 4.358051e-17
6.810055e+01 4.362809e-17 4.359337e-17
6.820055e+01 4.365565e-17 4.360624e-17
6.830055e+01 4.368321e-17 4.361910e-17
6.840055e+01 4.371077e-17 4.363196e-17
6.850055e+01 4.373834e-17 4.364482e-17
6.860055e+01 4.377785e-17 4.366922e-17
6.870055e+01 4.408004e-17 4.394709e-17
6.880055e+01 4.438223e-17 4.422496e-17
6.890055e+01 4.468443e-17 4.450282e-17
6.900055e+01 4.498662e-17 4.478069e-17
6.910055e+01 4.528881e-17 4.505856e-17
6.920055e+01 4.537820e-17 4.512415e-17
6.930055e+01 4.537820e-17 4.510057e-17
6.940055e+01 4.537820e-17 4.507699e-17
6.950055e+01 4.537820e-17 4.505341e-17
6.960055e+01 4.537820e-17 4.502983e-17
6.970055e+01 4.537820e-17 4.500625e-17
6.980055e+01 4.537820e-17 4.498267e-17
6.990055e+01 4.537820e-17 4.495909e-17
7.000055e+01 4.537931e-17 4.493713e-17
7.010055e+01 4.547001e-17 4.504616e-17
7.020055e+01 4.556070e-17 4.515520e-17
7.030055e+01 4.565140e-17 4.526423e-17
7.040055e+01 4.574209e-17 4.537326e-17
7.050055e+01 4.583278e-17 4.548229e-17
7.060055e+01 4.592348e-17 4.559132e-17
7.070055e+01 4.602372e-17 4.571120e-17
7.080055e+01 4.614237e-17 4.585200e-17
7.090055e+01 4.626101e-17 4.599280e-17
7.100055e+01 4.637966e-17 4.613360e-17
7.110055e+01 4.649831e-17 4.627439e-17
7.120055e+01 4.661695e-17 4.641519e-17
7.130055e+01 4.673560e-17 4.655599e-17
7.140055e+01 4.685302e-17 4.669600e-17
7.150055e+01 4.696941e-17 4.683534e-17
7.160055e+01 4.708579e-17 4.697468e-17
7.170055e+01 4.720218e-17 4.711402e-17
7.180055e+01 4.731857e-17 4.725336e-17
7.190055e+01 4.743495e-17 4.739270e-17
7.200055e+01 4.755134e-17 4.753203e-17
7.210055e+01 4.768374e-17 4.766136e-17
7.220055e+01 4.782634e-17 4.778432e-17
7.230055e+01 4.796894e-17 4.790729e-17
7.240055e+01 4.811154e-17 4.803025e-17
7.250055e+01 4.825414e-17 4.815321e-17
7.260055e+01 4.839674e-17 4.827617e-17
7.270055e+01 4.853934e-17 4.839913e-17
7.280055e+01 4.864131e-17 4.847969e-17
7.290055e+01 4.870860e-17 4.852406e-17
7.300055e+01 4.877589e-17 4.856844e-17
7.310055e+01 4.884318e-17 4.861282e-17
7.320055e+01 4.891048e-17 4.865719e-17
7.330055e+01 4.897777e-17 4.870157e-17
7.340055e+01 4.911324e-17 4.881327e-17
7.350055e+01 4.930569e-17 4.898123e-17
7.360055e+01 4.949813e-17 4.914919e-17
7.370055e+01 4.969058e-17 4.931715e-17
7.380055e+01 4.988303e-17 4.948511e-17
7.390055e+01 5.007547e-17 4.965306e-17
7.400055e+01 5.026792e-17 4.982102e-17
7.410055e+01 5.043374e-17 4.995922e-17
7.420055e+01 5.049860e-17 4.998456e-17
7.430055e+01 5.056347e-17 5.000990e-17
7.440055e+01 5.062833e-17 5.003524e-17
7.450055e+01 5.069320e-17 5.006058e-17
7.460055e+01 5.075807e-17 5.008592e-17
7.470055e+01 5.082293e-17 5.011126e-17
7.480055e+01 5.102116e-17 5.026153e-17
7.490055e+01 5.122057e-17 5.041291e-17
7.500055e+01 5.141998e-17 5.056428e-17
7.510055e+01 5.161939e-17 5.071566e-17
7.520055e+01 5.181880e-17 5.086704e-17
7.530055e+01 5.186133e-17 5.086343e-17
7.540055e+01 5.189282e-17 5.084893e-17
7.550055e+01 5.192431e-17 5.083442e-17
7.560055e+01 5.195581e-17 5.081992e-17
7.570055e+01 5.198730e-17 5.080542e-17
7.580055e+01 5.201880e-17 5.079092e-17
7.590055e+01 5.205695e-17 5.077441e-17
7.600055e+01 5.210100e-17 5.075613e-17
7.610055e+01 5.214505e-17 5.073785e-17
7.620055e+01 5.218911e-17 5.071956e-17
7.630055e+01 5.223316e-17 5.070128e-17
7.640055e+01 5.227721e-17 5.068300e-17
7.650055e+01 5.232126e-17 5.066471e-17
7.660055e+01 5.236532e-17 5.064643e-17
7.670055e+01 5.240937e-17 5.062815e-17
7.680055e+01 5.245573e-17 5.059436e-17
7.690055e+01 5.250599e-17 5.053447e-17
7.700055e+01 5.255625e-17 5.047459e-17
7.710055e+01 5.260651e-17 5.041470e-17
7.720055e+01 5.265676e-17 5.035482e-17
7.730055e+01 5.270702e-17 5.029494e-17
7.740055e+01 5.275728e-17 5.023505e-17
7.750055e+01 5.280753e-17 5.017517e-17
7.760055e+01 5.286606e-17 5.012256e-17
7.770055e+01 5.294010e-17 5.008358e-17
7.780055e+01 5.301414e-17 5.004461e-17
7.790055e+01 5.308817e-17 5.000563e-17
7.800055e+01 5.316221e-17 4.996666e-17
7.810055e+01 5.323625e-17 4.992768e-17
7.820055e+01 5.332238e-17 4.989818e-17
7.830055e+01 5.340986e-17 4.986975e-17
7.840055e+01 5.349734e-17 4.984131e-17
7.850055e+01 5.358483e-17 4.981287e-17
7.860055e+01 5.367231e-17 4.978444e-17
7.870055e+01 5.375979e-17 4.975600e-17
7.880055e+01 5.384727e-17 4.972756e-17
7.890055e+01 5.387691e-17 4.961807e-17
7.900055e+01 5.390558e-17 4.950724e-17
7.910055e+01 5.393426e-17 4.939641e-17
7.920055e+01 5.396293e-17 4.928558e-17
7.930055e+01 5.399161e-17 4.917475e-17
7.940055e+01 5.402028e-17 4.906392e-17
7.950055e+01 5.404895e-17 4.895308e-17
7.960055e+01 5.405040e-17 4.880919e-17
7.970055e+01 5.405040e-17 4.866354e-17
7.980055e+01 5.405040e-17 4.851789e-17
7.990055e+01 5.405040e-17 4.837225e-17
8.000055e+01 5.405040e-17 4.822660e-17
8.010055e+01 5.405040e-17 4.808095e-17
8.020055e+01 5.405040e-17 4.793530e-17
8.030055e+01 5.418103e-17 4.790286e-17
8.040055e+01 5.434664e-17 4.790073e-17
8.050055e+01 5.451226e-17 4.789861e-17
8.060055e+01 5.467787e-17 4.789648e-17
8.070055e+01 5.484348e-17 4.789435e-17
8.080055e+01 5.500909e-17 4.789222e-17
8.090055e+01 5.517470e-17 4.789010e-17
8.100055e+01 5.523871e-17 4.780913e-17
8.110055e+01 5.519351e-17 4.764341e-17
8.120055e+01 5.514831e-17 4.747769e-17
8.130055e+01 5.510311e-17 4.731197e-17
8.140055e+01 5.505790e-17 4.714624e-17
8.150055e+01 5.501270e-17 4.698052e-17
8.160055e+01 5.496750e-17 4.681480e-17
8.170055e+01 5.492229e-17 4.664908e-17
8.180055e+01 5.487709e-17 4.648336e-17
8.190055e+01 5.507920e-17 4.655240e-17
8.200055e+01 5.547743e-17 4.680761e-17
8.210055e+01 5.587566e-17 4.706281e-17
8.220055e+01 5.627390e-17 4.731802e-17
8.230055e+01 5.667213e-17 4.757322e-17
8.240055e+01 5.656708e-17 4.740450e-17
8.250055e+01 5.646182e-17 4.723559e-17
8.260055e+01 5.635655e-17 4.706668e-17
8.270055e+01 5.625128e-17 4.689777e-17
8.280055e+01 5.614602e-17 4.672887e-17
8.290055e+01 5.604075e-17 4.655996e-17
8.300055e+01 5.593549e-17 4.639105e-17
8.310055e+01 5.594104e-17 4.631365e-17
8.320055e+01 5.616645e-17 4.641780e-17
8.330055e+01 5.639185e-17 4.652195e-17
8.340055e+01 5.661726e-17 4.662609e-17
8.350055e+01 5.684267e-17 4.673024e-17
8.360055e+01 5.706807e-17 4.683439e-17
8.370055e+01 5.727119e-17 4.692017e-17
8.380055e+01 5.718606e-17 4.676841e-17
8.390055e+01 5.710092e-17 4.661666e-17
8.400055e+01 5.701579e-17 4.646491e-17
8.410055e+01 5.693065e-17 4.631316e-17
8.420055e+01 5.687390e-17 4.619793e-17
8.430055e+01 5.687390e-17 4.615576e-17
8.440055e+01 5.687390e-17 4.611358e-17
8.450055e+01 5.687390e-17 4.607141e-17
8.460055e+01 5.687390e-17 4.602924e-17
8.470055e+01 5.702311e-17 4.611977e-17
8.480055e+01 5.730192e-17 4.632555e-17
8.490055e+01 5.758072e-17 4.653134e-17
8.500055e+01 5.785952e-17 4.673712e-17
8.510055e+01 5.813833e-17 4.694290e-17
8.520055e+01 5.841713e-17 4.714869e-17
8.530055e+01 5.868684e-17 4.734713e-17
8.540055e+01 5.859483e-17 4.725333e-17
8.550055e+01 5.850281e-17 4.715953e-17
8.560055e+01 5.841079e-17 4.706573e-17
8.570055e+01 5.831877e-17 4.697194e-17
8.580055e+01 5.822675e-17 4.687814e-17
8.590055e+01 5.813473e-17 4.678434e-17
8.600055e+01 5.802960e-17 4.668015e-17
8.610055e+01 5.790835e-17 4.656317e-17
8.620055e+01 5.778709e-17 4.644619e-17
8.630055e+01 5.772454e-17 4.637631e-17
8.640055e+01 5.808226e-17 4.664369e-17
8.650055e+01 5.843997e-17 4.691106e-17
8.660055e+01 5.879769e-17 4.717843e-17
8.670055e+01 5.915540e-17 4.744581e-17
8.680055e+01 5.949808e-17 4.770076e-17
8.690055e+01 5.954528e-17 4.771154e-17
8.700055e+01 5.959248e-17 4.772233e-17
8.710055e+01 5.963967e-17 4.773311e-17
8.720055e+01 5.968687e-17 4.774390e-17
8.730055e+01 5.973406e-17 4.775469e-17
8.740055e+01 5.978126e-17 4.776547e-17
8.750055e+01 5.982845e-17 4.777626e-17
8.760055e+01 5.987565e-17 4.778704e-17
8.770055e+01 5.992239e-17 4.779197e-17
8.780055e+01 5.996869e-17 4.779106e-17
8.790055e+01 6.001499e-17 4.779016e-17
8.800055e+01 6.006128e-17 4.778925e-17
8.810055e+01 6.010758e-17 4.778834e-17
8.820055e+01 6.015388e-17 4.778743e-17
8.830055e+01 6.020017e-17 4.778652e-17
8.840055e+01 6.024647e-17 4.778561e-17
8.850055e+01 6.029277e-17 4.778471e-17
8.860055e+01 6.050376e-17 4.791320e-17
8.870055e+01 6.075859e-17 4.807615e-17
8.880055e+01 6.101341e-17 4.823909e-17
8.890055e+01 6.126824e-17 4.840203e-17
8.900055e+01 6.152307e-17 4.856497e-17
8.910055e+01 6.177790e-17 4.872791e-17
8.920055e+01 6.203272e-17 4.889086e-17
8.930055e+01 6.213625e-17 4.893374e-17
8.940055e+01 6.216422e-17 4.891666e-17
8.950055e+01 6.219218e-17 4.889958e-17
8.960055e+01 6.222015e-17 4.888251e-17
8.970055e+01 6.224812e-17 4.886543e-17
8.980055e+01 6.227608e-17 4.884835e-17
8.990055e+01 6.230405e-17 4.883127e-17
9.000055e+01 6.238173e-17 4.884661e-17
9.010055e+01 6.251906e-17 4.890083e-17
9.020055e+01 6.265638e-17 4.895505e-17
9.030055e+01 6.279371e-17 4.900928e-17
9.040055e+01 6.293104e-17 4.906350e-17
9.050055e+01 6.306836e-17 4.911772e-17
9.060055e+01 6.320569e-17 4.917194e-17
9.070055e+01 6.331320e-17 4.919875e-17
9.080055e+01 6.318321e-17 4.900711e-17
9.090055e+01 6.305321e-17 4.881547e-17
9.100055e+01 6.292321e-17 4.862383e-17
9.110055e+01 6.279321e-17 4.843219e-17
9.120055e+01 6.266321e-17 4.824054e-17
9.130055e+01 6.253321e-17 4.804890e-17
9.140055e+01 6.240322e-17 4.785726e-17
9.150055e+01 6.227322e-17 4.766562e-17
9.160055e+01 6.214322e-17 4.747398e-17
9.170055e+01 6.203245e-17 4.729962e-17
9.180055e+01 6.192640e-17 4.712950e-17
9.190055e+01 6.182035e-17 4.695938e-17
9.200055e+01 6.171429e-17 4.678926e-17
9.210055e+01 6.160824e-17 4.661914e-17
9.220055e+01 6.150219e-17 4.644902e-17
9.230055e+01 6.139614e-17 4.627891e-17
9.240055e+01 6.129009e-17 4.610879e-17
9.250055e+01 6.118404e-17 4.593867e-17
9.260055e+01 6.101676e-17 4.572386e-17
9.270055e+01 6.070270e-17 4.540189e-17
9.280055e+01 6.038864e-17 4.507993e-17
9.290055e+01 6.007458e-17 4.475797e-17
9.300055e+01 5.976052e-17 4.443601e-17
9.310055e+01 5.944646e-17 4.411405e-17
9.320055e+01 5.875370e-17 4.351421e-17
9.330055e+01 5.770409e-17 4.265254e-17
9.340055e+01 5.707340e-17 4.210375e-17
9.350055e+01 5.672978e-17 4.176938e-17
9.360055e+01 5.638615e-17 4.143500e-17
9.370055e+01 5.604253e-17 4.110062e-17
9.380055e+01 5.569891e-17 4.076625e-17
9.390055e+01 5.535529e-17 4.043187e-17
9.400055e+01 5.503962e-17 4.012606e-17
9.410055e+01 5.473459e-17 3.983113e-17
9.420055e+01 5.442957e-17 3.953621e-17
9.430055e+01 5.412455e-17 3.924128e-17
9.440055e+01 5.381953e-17 3.894635e-17
9.450055e+01 5.351450e-17 3.865142e-17
9.460055e+01 5.265704e-17 3.796167e-17
9.470055e+01 5.163776e-17 3.715627e-17
9.480055e+01 5.102901e-17 3.665049e-17
9.490055e+01 5.052625e-17 3.622205e-17
9.500055e+01 5.002349e-17 3.579362e-17
9.510055e+01 4.952073e-17 3.536519e-17
9.520055e+01 4.902129e-17 3.494341e-17
9.530055e+01 4.852277e-17 3.452346e-17
9.540055e+01 4.802425e-17 3.410351e-17
9.550055e+01 4.752573e-17 3.368356e-17
9.560055e+01 4.703032e-17 3.326984e-17
9.570055e+01 4.653602e-17 3.285833e-17
9.580055e+01 4.604172e-17 3.244683e-17
9.590055e+01 4.554743e-17 3.203533e-17
9.600055e+01 4.518592e-17 3.172056e-17
9.610055e+01 4.489355e-17 3.145617e-17
9.620055e+01 4.460118e-17 3.119177e-17
9.630055e+01 4.430881e-17 3.092737e-17
9.640055e+01 4.401643e-17 3.066297e-17
9.650055e+01 4.372406e-17 3.039857e-17
9.660055e+01 4.341898e-17 3.012768e-17
9.670055e+01 4.309832e-17 2.984881e-17
9.680055e+01 4.277765e-17 2.956995e-17
9.690055e+01 4.245698e-17 2.929108e-17
9.700055e+01 4.213632e-17 2.901221e-17
9.710055e+01 4.181565e-17 2.873335e-17
9.720055e+01 4.153416e-17 2.848427e-17
9.730055e+01 4.145881e-17 2.839193e-17
9.740055e+01 4.138346e-17 2.829959e-17
9.750055e+01 4.130810e-17 2.820725e-17
9.760055e+01 4.123275e-17 2.811491e-17
9.770055e+01 4.115739e-17 2.802257e-17
9.780055e+01 4.108204e-17 2.793023e-17
9.790055e+01 4.100668e-17 2.783789e-17
9.800055e+01 4.093133e-17 2.774555e-17
9.810055e+01 4.085597e-17 2.765321e-17
9.820055e+01 4.078062e-17 2.756087e-17
9.830055e+01 4.069754e-17 2.746855e-17
9.840055e+01 4.060520e-17 2.737625e-17
9.850055e+01 4.051285e-17 2.728395e-17
9.860055e+01 4.042050e-17 2.719165e-17
9.870055e+01 4.032816e-17 2.709935e-17
9.880055e+01 4.023581e-17 2.700704e-17
9.890055e+01 4.014346e-17 2.691474e-17
9.900055e+01 4.005112e-17 2.682244e-17
9.910055e+01 3.995877e-17 2.673014e-17
9.920055e+01 3.997597e-17 2.671110e-17
9.930055e+01 4.003603e-17 2.672071e-17
9.940055e+01 4.009609e-17 2.673033e-17
9.950055e+01 4.015616e-17 2.673995e-17
9.960055e+01 4.021622e-17 2.674957e-17
9.970055e+01 4.027628e-17 2.675919e-17
9.980055e+01 4.033634e-17 2.676881e-17
9.990055e+01 4.039640e-17 2.677842e-17
1.000005e+02 4.045646e-17 2.678804e-17
1.001005e+02 4.051653e-17 2.679766e-17
1.002005e+02 4.057659e-17 2.680728e-17
1.003005e+02 4.063665e-17 2.681690e-17
1.004005e+02 4.069671e-17 2.682652e-17
1.005005e+02 4.073950e-17 2.682458e-17
1.006005e+02 4.073950e-17 2.679404e-17
1.007005e+02 4.073950e-17 2.676349e-17
1.008005e+02 4.073950e-17 2.673294e-17
1.009005e+02 4.073950e-17 2.670240e-17
1.010005e+02 4.105836e-17 2.687967e-17
1.011005e+02 4.149393e-17 2.713302e-17
1.012005e+02 4.192950e-17 2.738636e-17
1.013005e+02 4.236508e-17 2.763971e-17
1.014005e+02 4.278712e-17 2.788206e-17
1.015005e+02 4.308978e-17 2.802740e-17
1.016005e+02 4.339245e-17 2.817275e-17
1.017005e+02 4.369512e-17 2.831809e-17
1.018005e+02 4.399778e-17 2.846343e-17
1.019005e+02 4.453964e-17 2.875280e-17
1.020005e+02 4.538932e-17 2.922749e-17
1.021005e+02 4.621195e-17 2.968439e-17
1.022005e+02 4.663684e-17 2.987968e-17
1.023005e+02 4.706173e-17 3.007496e-17
1.024005e+02 4.748662e-17 3.027024e-17
1.025005e+02 4.791151e-17 3.046553e-17
1.026005e+02 4.832202e-17 3.064973e-17
1.027005e+02 4.870156e-17 3.081004e-17
1.028005e+02 4.908109e-17 3.097036e-17
1.029005e+02 4.946063e-17 3.113068e-17
1.030005e+02 4.984016e-17 3.129099e-17
1.031005e+02 5.021782e-17 3.144700e-17
1.032005e+02 5.059383e-17 3.159926e-17
1.033005e+02 5.096984e-17 3.175151e-17
1.034005e+02 5.134585e-17 3.190377e-17
1.035005e+02 5.172187e-17 3.205603e-17
1.036005e+02 5.163445e-17 3.192150e-17
1.037005e+02 5.135533e-17 3.166834e-17
1.038005e+02 5.107620e-17 3.141518e-17
1.039005e+02 5.079708e-17 3.116202e-17
1.040005e+02 5.051795e-17 3.090886e-17
1.041005e+02 5.023883e-17 3.065570e-17
1.042005e+02 4.995970e-17 3.040254e-17
1.043005e+02 4.941135e-17 2.998892e-17
1.044005e+02 4.857362e-17 2.940281e-17
1.045005e+02 4.776754e-17 2.883629e-17
1.046005e+02 4.735459e-17 2.851317e-17
1.047005e+02 4.694165e-17 2.819005e-17
1.048005e+02 4.652871e-17 2.786692e-17
1.049005e+02 4.611577e-17 2.754380e-17
1.050005e+02 4.576995e-17 2.726141e-17
1.051005e+02 4.570932e-17 2.715204e-17
1.052005e+02 4.564869e-17 2.704268e-17
1.053005e+02 4.558806e-17 2.693332e-17
1.054005e+02 4.552743e-17 2.682396e-17
1.055005e+02 4.546680e-17 2.671459e-17
1.056005e+02 4.540617e-17 2.660523e-17
1.057005e+02 4.534554e-17 2.649587e-17
1.058005e+02 4.528491e-17 2.638651e-17
1.059005e+02 4.522428e-17 2.627714e-17
1.060005e+02 4.476507e-17 2.473508e-17
1.061005e+02 4.470172e-17 2.435476e-17
1.062005e+02 4.345249e-17 1.800844e-17
1.063005e+02 4.657483e-17 1.997511e-17
1.064005e+02 4.700602e-17 2.003815e-17
1.065005e+02 4.738914e-17 2.024519e-17
1.066005e+02 4.693325e-17 2.009328e-17
1.067005e+02 4.650247e-17 1.980051e-17
1.068005e+02 4.558580e-17 1.952075e-17
1.069005e+02 4.487025e-17 1.922008e-17
1.070005e+02 4.457191e-17 1.979456e-17
1.071005e+02 4.530831e-17 2.132432e-17
1.072005e+02 4.712997e-17 2.248199e-17
1.073005e+02 4.949193e-17 2.355238e-17
1.074005e+02 5.038674e-17 2.372507e-17
1.075005e+02 4.967726e-17 2.323880e-17
1.076005e+02 4.730172e-17 2.210024e-17
1.077005e+02 4.625261e-17 2.157766e-17
1.078005e+02 4.598099e-17 2.129031e-17
1.079005e+02 4.622302e-17 2.132586e-17
1.080005e+02 4.548269e-17 2.102482e-17
1.081005e+02 4.321422e-17 2.001379e-17
1.082005e+02 4.252614e-17 1.976011e-17
1.083005e+02 4.281053e-17 1.985227e-17
1.084005e+02 4.341052e-17 2.056253e-17
1.085005e+02 4.423839e-17 2.138857e-17
1.086005e+02 4.599971e-17 2.331104e-17
1.087005e+02 4.853701e-17 2.463799e-17
1.088005e+02 4.846014e-17 2.412044e-17
1.089005e+02 4.539505e-17 2.146444e-17
1.090005e+02 4.561554e-17 2.105247e-17
1.091005e+02 4.457256e-17 2.017045e-17
1.092005e+02 4.304206e-17 1.933491e-17
1.093005e+02 4.090061e-17 1.872830e-17
1.094005e+02 4.050371e-17 1.883973e-17
1.095005e+02 4.075326e-17 1.914478e-17
1.096005e+02 4.124019e-17 1.946426e-17
1.097005e+02 4.173961e-17 1.972564e-17
1.098005e+02 4.233773e-17 1.989656e-17
1.099005e+02 4.512047e-17 2.123237e-17
1.100005e+02 4.711360e-17 2.263085e-17
1.101005e+02 4.962143e-17 2.434382e-17
1.102005e+02 4.953945e-17 2.432198e-17
1.103005e+02 4.742939e-17 2.295688e-17
1.104005e+02 4.573327e-17 2.186992e-17
1.105005e+02 4.375730e-17 2.098782e-17
1.106005e+02 4.386974e-17 2.067984e-17
1.107005e+02 4.401249e-17 2.035923e-17
1.108005e+02 4.327320e-17 1.990341e-17
1.109005e+02 4.204936e-17 1.939960e-17
1.110005e+02 4.168408e-17 1.912690e-17
1.111005e+02 4.138186e-17 1.900422e-17
1.112005e+02 4.222554e-17 1.920385e-17
1.113005e+02 4.315061e-17 1.931144e-17
1.114005e+02 4.341778e-17 1.914135e-17
1.115005e+02 4.242851e-17 1.886491e-17
1.116005e+02 4.191844e-17 1.863299e-17
1.117005e+02 4.174195e-17 1.849047e-17
1.118005e+02 4.215568e-17 1.826378e-17
1.119005e+02 4.203827e-17 1.788941e-17
1.120005e+02 4.184970e-17 1.754109e-17
1.121005e+02 4.124000e-17 1.724362e-17
1.122005e+02 3.954312e-17 1.689690e-17
1.123005e+02 3.803998e-17 1.643914e-17
1.124005e+02 3.682890e-17 1.592727e-17
1.125005e+02 3.662165e-17 1.577609e-17
1.126005e+02 3.808225e-17 1.587470e-17
1.127005e+02 3.919900e-17 1.602990e-17
1.128005e+02 4.000728e-17 1.619916e-17
1.129005e+02 3.956606e-17 1.637253e-17
1.130005e+02 3.953760e-17 1.669519e-17
1.131005e+02 4.017681e-17 1.691992e-17
1.132005e+02 4.026175e-17 1.693628e-17
1.133005e+02 3.950293e-17 1.673393e-17
1.134005e+02 3.920848e-17 1.640478e-17
1.135005e+02 3.929074e-17 1.611275e-17
1.136005e+02 3.884944e-17 1.590789e-17
1.137005e+02 3.819460e-17 1.576647e-17
1.138005e+02 3.765553e-17 1.575391e-17
1.139005e+02 3.776008e-17 1.595739e-17
1.140005e+02 3.829914e-17 1.617893e-17
1.141005e+02 3.923608e-17 1.656495e-17
1.142005e+02 3.996569e-17 1.690473e-17
1.143005e+02 4.016099e-17 1.721056e-17
1.144005e+02 3.972913e-17 1.718896e-17
1.145005e+02 3.914052e-17 1.676300e-17
1.146005e+02 3.845079e-17 1.677694e-17
1.147005e+02 3.922919e-17 1.693884e-17
1.148005e+02 4.033065e-17 1.712556e-17
1.149005e+02 4.084591e-17 1.706341e-17
1.150005e+02 4.092153e-17 1.688647e-17
1.151005e+02 4.075747e-17 1.658983e-17
1.152005e+02 4.044028e-17 1.647553e-17
1.153005e+02 4.132222e-17 1.656047e-17
1.154005e+02 4.285678e-17 1.670950e-17
1.155005e+02 4.514607e-17 1.663653e-17
1.156005e+02 4.604479e-17 1.620176e-17
1.157005e+02 4.392191e-17 1.498125e-17
1.158005e+02 4.177419e-17 1.444082e-17
1.159005e+02 3.955215e-17 1.396742e-17
1.160005e+02 3.849710e-17 1.385429e-17
1.161005e+02 3.705116e-17 1.383778e-17
1.162005e+02 3.664740e-17 1.398975e-17
1.163005e+02 3.664740e-17 1.426209e-17
1.164005e+02 3.701604e-17 1.447247e-17
1.165005e+02 3.761557e-17 1.465901e-17
1.166005e+02 3.795842e-17 1.478073e-17
1.167005e+02 3.782388e-17 1.480322e-17
1.168005e+02 3.765159e-17 1.454098e-17
1.169005e+02 3.714712e-17 1.400552e-17
1.170005e+02 3.520727e-17 1.301278e-17
1.171005e+02 3.369796e-17 1.293407e-17
1.172005e+02 3.308712e-17 1.321139e-17
1.173005e+02 3.363976e-17 1.364299e-17
1.174005e+02 3.538267e-17 1.433525e-17
1.175005e+02 3.814419e-17 1.507369e-17
1.176005e+02 4.098030e-17 1.539224e-17
1.177005e+02 4.131363e-17 1.459714e-17
1.178005e+02 3.933335e-17 1.361569e-17
1.179005e+02 3.606861e-17 1.296513e-17
1.180005e+02 3.438279e-17 1.291743e-17
1.181005e+02 3.409970e-17 1.274835e-17
1.182005e+02 3.323885e-17 1.217025e-17
1.183005e+02 3.218940e-17 1.080336e-17
1.184005e+02 3.294098e-17 8.711579e-18
1.185005e+02 3.321458e-17 6.520130e-18
1.186005e+02 3.262591e-17 3.328256e-18
1.187005e+02 3.154906e-17 1.095538e-18
1.188005e+02 3.186739e-17 2.095215e-19
