# Cross sections for H3+
# From the Leiden database for photodissociation and photoionization of astrophysically relevant molecules, http://home.strw.leidenuniv.nl/~ewine/photo/
# Converted from earlier Leiden database cross sections by Alan Heays 2016-02-24
# Photodissociation source: H3+ PHOTODISSOCIATION, V=0 CALC. van Dishoeck
# Lines represented with gaussian of width 1.0 nm FWHM
# wavelength: (nm)
# photoabsorption:    cross section (cm2)
# photodissociation:  cross section (cm2)
# This version has been resampled to a uniform 0.1nm grid while maintaining a constant integrated cross section (using trapezoidal integration).
# wavelength photoabsorption photodissociation
4.140000e+01 7.333333e-20 7.333333e-20
4.150000e+01 1.466667e-19 1.466667e-19
4.160000e+01 2.200000e-19 2.200000e-19
4.170000e+01 2.933333e-19 2.933333e-19
4.180000e+01 3.666667e-19 3.666667e-19
4.190000e+01 4.400000e-19 4.400000e-19
4.200000e+01 5.133333e-19 5.133333e-19
4.210000e+01 5.866667e-19 5.866667e-19
4.220000e+01 6.600000e-19 6.600000e-19
4.230000e+01 7.333333e-19 7.333333e-19
4.240000e+01 8.066667e-19 8.066667e-19
4.250000e+01 8.800000e-19 8.800000e-19
4.260000e+01 9.533333e-19 9.533333e-19
4.270000e+01 1.026667e-18 1.026667e-18
4.280000e+01 1.100000e-18 1.100000e-18
4.290000e+01 1.173333e-18 1.173333e-18
4.300000e+01 1.246667e-18 1.246667e-18
4.310000e+01 1.320000e-18 1.320000e-18
4.320000e+01 1.393333e-18 1.393333e-18
4.330000e+01 1.466667e-18 1.466667e-18
4.340000e+01 1.540000e-18 1.540000e-18
4.350000e+01 1.613333e-18 1.613333e-18
4.360000e+01 1.686667e-18 1.686667e-18
4.370000e+01 1.760000e-18 1.760000e-18
4.380000e+01 1.833333e-18 1.833333e-18
4.390000e+01 1.906667e-18 1.906667e-18
4.400000e+01 1.980000e-18 1.980000e-18
4.410000e+01 2.053333e-18 2.053333e-18
4.420000e+01 2.126667e-18 2.126667e-18
4.430000e+01 2.200000e-18 2.200000e-18
4.440000e+01 2.300000e-18 2.300000e-18
4.450000e+01 2.400000e-18 2.400000e-18
4.460000e+01 2.500000e-18 2.500000e-18
4.470000e+01 2.600000e-18 2.600000e-18
4.480000e+01 2.700000e-18 2.700000e-18
4.490000e+01 2.800000e-18 2.800000e-18
4.500000e+01 2.900000e-18 2.900000e-18
4.510000e+01 3.000000e-18 3.000000e-18
4.520000e+01 3.100000e-18 3.100000e-18
4.530000e+01 3.200000e-18 3.200000e-18
4.540000e+01 3.300000e-18 3.300000e-18
4.550000e+01 3.400000e-18 3.400000e-18
4.560000e+01 3.500000e-18 3.500000e-18
4.570000e+01 3.600000e-18 3.600000e-18
4.580000e+01 3.700000e-18 3.700000e-18
4.590000e+01 3.800000e-18 3.800000e-18
4.600000e+01 3.900000e-18 3.900000e-18
4.610000e+01 4.000000e-18 4.000000e-18
4.620000e+01 4.100000e-18 4.100000e-18
4.630000e+01 4.200000e-18 4.200000e-18
4.640000e+01 4.300000e-18 4.300000e-18
4.650000e+01 4.400000e-18 4.400000e-18
4.660000e+01 4.500000e-18 4.500000e-18
4.670000e+01 4.600000e-18 4.600000e-18
4.680000e+01 4.700000e-18 4.700000e-18
4.690000e+01 4.800000e-18 4.800000e-18
4.700000e+01 4.900000e-18 4.900000e-18
4.710000e+01 5.000000e-18 5.000000e-18
4.720000e+01 5.100000e-18 5.100000e-18
4.730000e+01 5.200000e-18 5.200000e-18
4.740000e+01 5.300000e-18 5.300000e-18
4.750000e+01 5.400000e-18 5.400000e-18
4.760000e+01 5.500000e-18 5.500000e-18
4.770000e+01 5.600000e-18 5.600000e-18
4.780000e+01 5.835000e-18 5.835000e-18
4.790000e+01 6.070000e-18 6.070000e-18
4.800000e+01 6.305000e-18 6.305000e-18
4.810000e+01 6.540000e-18 6.540000e-18
4.820000e+01 6.775000e-18 6.775000e-18
4.830000e+01 7.010000e-18 7.010000e-18
4.840000e+01 7.245000e-18 7.245000e-18
4.850000e+01 7.480000e-18 7.480000e-18
4.860000e+01 7.715000e-18 7.715000e-18
4.870000e+01 7.950000e-18 7.950000e-18
4.880000e+01 8.185000e-18 8.185000e-18
4.890000e+01 8.420000e-18 8.420000e-18
4.900000e+01 8.655000e-18 8.655000e-18
4.910000e+01 8.890000e-18 8.890000e-18
4.920000e+01 9.125000e-18 9.125000e-18
4.930000e+01 9.360000e-18 9.360000e-18
4.940000e+01 9.595000e-18 9.595000e-18
4.950000e+01 9.830000e-18 9.830000e-18
4.960000e+01 1.006500e-17 1.006500e-17
4.970000e+01 1.030000e-17 1.030000e-17
4.980000e+01 1.053500e-17 1.053500e-17
4.990000e+01 1.077000e-17 1.077000e-17
5.000000e+01 1.100500e-17 1.100500e-17
5.010000e+01 1.124000e-17 1.124000e-17
5.020000e+01 1.147500e-17 1.147500e-17
5.030000e+01 1.171000e-17 1.171000e-17
5.040000e+01 1.194500e-17 1.194500e-17
5.050000e+01 1.218000e-17 1.218000e-17
5.060000e+01 1.241500e-17 1.241500e-17
5.070000e+01 1.265000e-17 1.265000e-17
5.080000e+01 1.288500e-17 1.288500e-17
5.090000e+01 1.312000e-17 1.312000e-17
5.100000e+01 1.335500e-17 1.335500e-17
5.110000e+01 1.359000e-17 1.359000e-17
5.120000e+01 1.382500e-17 1.382500e-17
5.130000e+01 1.406000e-17 1.406000e-17
5.140000e+01 1.429500e-17 1.429500e-17
5.150000e+01 1.453000e-17 1.453000e-17
5.160000e+01 1.476500e-17 1.476500e-17
5.170000e+01 1.500000e-17 1.500000e-17
5.180000e+01 1.519149e-17 1.519149e-17
5.190000e+01 1.538298e-17 1.538298e-17
5.200000e+01 1.557447e-17 1.557447e-17
5.210000e+01 1.576596e-17 1.576596e-17
5.220000e+01 1.595745e-17 1.595745e-17
5.230000e+01 1.614894e-17 1.614894e-17
5.240000e+01 1.634043e-17 1.634043e-17
5.250000e+01 1.653191e-17 1.653191e-17
5.260000e+01 1.672340e-17 1.672340e-17
5.270000e+01 1.691489e-17 1.691489e-17
5.280000e+01 1.710638e-17 1.710638e-17
5.290000e+01 1.729787e-17 1.729787e-17
5.300000e+01 1.748936e-17 1.748936e-17
5.310000e+01 1.768085e-17 1.768085e-17
5.320000e+01 1.787234e-17 1.787234e-17
5.330000e+01 1.806383e-17 1.806383e-17
5.340000e+01 1.825532e-17 1.825532e-17
5.350000e+01 1.844681e-17 1.844681e-17
5.360000e+01 1.863830e-17 1.863830e-17
5.370000e+01 1.882979e-17 1.882979e-17
5.380000e+01 1.902128e-17 1.902128e-17
5.390000e+01 1.921277e-17 1.921277e-17
5.400000e+01 1.940426e-17 1.940426e-17
5.410000e+01 1.959574e-17 1.959574e-17
5.420000e+01 1.978723e-17 1.978723e-17
5.430000e+01 1.997872e-17 1.997872e-17
5.440000e+01 2.017021e-17 2.017021e-17
5.450000e+01 2.036170e-17 2.036170e-17
5.460000e+01 2.055319e-17 2.055319e-17
5.470000e+01 2.074468e-17 2.074468e-17
5.480000e+01 2.093617e-17 2.093617e-17
5.490000e+01 2.112766e-17 2.112766e-17
5.500000e+01 2.131915e-17 2.131915e-17
5.510000e+01 2.151064e-17 2.151064e-17
5.520000e+01 2.170213e-17 2.170213e-17
5.530000e+01 2.189362e-17 2.189362e-17
5.540000e+01 2.208511e-17 2.208511e-17
5.550000e+01 2.227660e-17 2.227660e-17
5.560000e+01 2.246809e-17 2.246809e-17
5.570000e+01 2.265957e-17 2.265957e-17
5.580000e+01 2.285106e-17 2.285106e-17
5.590000e+01 2.304255e-17 2.304255e-17
5.600000e+01 2.323404e-17 2.323404e-17
5.610000e+01 2.342553e-17 2.342553e-17
5.620000e+01 2.361702e-17 2.361702e-17
5.630000e+01 2.380851e-17 2.380851e-17
5.640000e+01 2.400000e-17 2.400000e-17
5.650000e+01 2.407692e-17 2.407692e-17
5.660000e+01 2.415385e-17 2.415385e-17
5.670000e+01 2.423077e-17 2.423077e-17
5.680000e+01 2.430769e-17 2.430769e-17
5.690000e+01 2.438462e-17 2.438462e-17
5.700000e+01 2.446154e-17 2.446154e-17
5.710000e+01 2.453846e-17 2.453846e-17
5.720000e+01 2.461538e-17 2.461538e-17
5.730000e+01 2.469231e-17 2.469231e-17
5.740000e+01 2.476923e-17 2.476923e-17
5.750000e+01 2.484615e-17 2.484615e-17
5.760000e+01 2.492308e-17 2.492308e-17
5.770000e+01 2.500000e-17 2.500000e-17
5.780000e+01 2.507692e-17 2.507692e-17
5.790000e+01 2.515385e-17 2.515385e-17
5.800000e+01 2.523077e-17 2.523077e-17
5.810000e+01 2.530769e-17 2.530769e-17
5.820000e+01 2.538462e-17 2.538462e-17
5.830000e+01 2.546154e-17 2.546154e-17
5.840000e+01 2.553846e-17 2.553846e-17
5.850000e+01 2.561538e-17 2.561538e-17
5.860000e+01 2.569231e-17 2.569231e-17
5.870000e+01 2.576923e-17 2.576923e-17
5.880000e+01 2.584615e-17 2.584615e-17
5.890000e+01 2.592308e-17 2.592308e-17
5.900000e+01 2.600000e-17 2.600000e-17
5.910000e+01 2.593333e-17 2.593333e-17
5.920000e+01 2.586667e-17 2.586667e-17
5.930000e+01 2.580000e-17 2.580000e-17
5.940000e+01 2.573333e-17 2.573333e-17
5.950000e+01 2.566667e-17 2.566667e-17
5.960000e+01 2.560000e-17 2.560000e-17
5.970000e+01 2.553333e-17 2.553333e-17
5.980000e+01 2.546667e-17 2.546667e-17
5.990000e+01 2.540000e-17 2.540000e-17
6.000000e+01 2.533333e-17 2.533333e-17
6.010000e+01 2.526667e-17 2.526667e-17
6.020000e+01 2.520000e-17 2.520000e-17
6.030000e+01 2.513333e-17 2.513333e-17
6.040000e+01 2.506667e-17 2.506667e-17
6.050000e+01 2.500000e-17 2.500000e-17
6.060000e+01 2.493333e-17 2.493333e-17
6.070000e+01 2.486667e-17 2.486667e-17
6.080000e+01 2.480000e-17 2.480000e-17
6.090000e+01 2.473333e-17 2.473333e-17
6.100000e+01 2.466667e-17 2.466667e-17
6.110000e+01 2.460000e-17 2.460000e-17
6.120000e+01 2.453333e-17 2.453333e-17
6.130000e+01 2.446667e-17 2.446667e-17
6.140000e+01 2.440000e-17 2.440000e-17
6.150000e+01 2.433333e-17 2.433333e-17
6.160000e+01 2.426667e-17 2.426667e-17
6.170000e+01 2.420000e-17 2.420000e-17
6.180000e+01 2.413333e-17 2.413333e-17
6.190000e+01 2.406667e-17 2.406667e-17
6.200000e+01 2.400000e-17 2.400000e-17
6.210000e+01 2.381818e-17 2.381818e-17
6.220000e+01 2.363636e-17 2.363636e-17
6.230000e+01 2.345455e-17 2.345455e-17
6.240000e+01 2.327273e-17 2.327273e-17
6.250000e+01 2.309091e-17 2.309091e-17
6.260000e+01 2.290909e-17 2.290909e-17
6.270000e+01 2.272727e-17 2.272727e-17
6.280000e+01 2.254545e-17 2.254545e-17
6.290000e+01 2.236364e-17 2.236364e-17
6.300000e+01 2.218182e-17 2.218182e-17
6.310000e+01 2.200000e-17 2.200000e-17
6.320000e+01 2.181818e-17 2.181818e-17
6.330000e+01 2.163636e-17 2.163636e-17
6.340000e+01 2.145455e-17 2.145455e-17
6.350000e+01 2.127273e-17 2.127273e-17
6.360000e+01 2.109091e-17 2.109091e-17
6.370000e+01 2.090909e-17 2.090909e-17
6.380000e+01 2.072727e-17 2.072727e-17
6.390000e+01 2.054545e-17 2.054545e-17
6.400000e+01 2.036364e-17 2.036364e-17
6.410000e+01 2.018182e-17 2.018182e-17
6.420000e+01 2.000000e-17 2.000000e-17
6.430000e+01 1.981818e-17 1.981818e-17
6.440000e+01 1.963636e-17 1.963636e-17
6.450000e+01 1.945455e-17 1.945455e-17
6.460000e+01 1.927273e-17 1.927273e-17
6.470000e+01 1.909091e-17 1.909091e-17
6.480000e+01 1.890909e-17 1.890909e-17
6.490000e+01 1.872727e-17 1.872727e-17
6.500000e+01 1.854545e-17 1.854545e-17
6.510000e+01 1.836364e-17 1.836364e-17
6.520000e+01 1.818182e-17 1.818182e-17
6.530000e+01 1.800000e-17 1.800000e-17
6.540000e+01 1.776667e-17 1.776667e-17
6.550000e+01 1.753333e-17 1.753333e-17
6.560000e+01 1.730000e-17 1.730000e-17
6.570000e+01 1.706667e-17 1.706667e-17
6.580000e+01 1.683333e-17 1.683333e-17
6.590000e+01 1.660000e-17 1.660000e-17
6.600000e+01 1.636667e-17 1.636667e-17
6.610000e+01 1.613333e-17 1.613333e-17
6.620000e+01 1.590000e-17 1.590000e-17
6.630000e+01 1.566667e-17 1.566667e-17
6.640000e+01 1.543333e-17 1.543333e-17
6.650000e+01 1.520000e-17 1.520000e-17
6.660000e+01 1.496667e-17 1.496667e-17
6.670000e+01 1.473333e-17 1.473333e-17
6.680000e+01 1.450000e-17 1.450000e-17
6.690000e+01 1.426667e-17 1.426667e-17
6.700000e+01 1.403333e-17 1.403333e-17
6.710000e+01 1.380000e-17 1.380000e-17
6.720000e+01 1.356667e-17 1.356667e-17
6.730000e+01 1.333333e-17 1.333333e-17
6.740000e+01 1.310000e-17 1.310000e-17
6.750000e+01 1.286667e-17 1.286667e-17
6.760000e+01 1.263333e-17 1.263333e-17
6.770000e+01 1.240000e-17 1.240000e-17
6.780000e+01 1.216667e-17 1.216667e-17
6.790000e+01 1.193333e-17 1.193333e-17
6.800000e+01 1.170000e-17 1.170000e-17
6.810000e+01 1.146667e-17 1.146667e-17
6.820000e+01 1.123333e-17 1.123333e-17
6.830000e+01 1.100000e-17 1.100000e-17
6.840000e+01 1.076667e-17 1.076667e-17
6.850000e+01 1.053333e-17 1.053333e-17
6.860000e+01 1.030000e-17 1.030000e-17
6.870000e+01 1.006667e-17 1.006667e-17
6.880000e+01 9.833333e-18 9.833333e-18
6.890000e+01 9.600000e-18 9.600000e-18
6.900000e+01 9.470000e-18 9.470000e-18
6.910000e+01 9.340000e-18 9.340000e-18
6.920000e+01 9.210000e-18 9.210000e-18
6.930000e+01 9.080000e-18 9.080000e-18
6.940000e+01 8.950000e-18 8.950000e-18
6.950000e+01 8.820000e-18 8.820000e-18
6.960000e+01 8.690000e-18 8.690000e-18
6.970000e+01 8.560000e-18 8.560000e-18
6.980000e+01 8.430000e-18 8.430000e-18
6.990000e+01 8.300000e-18 8.300000e-18
7.000000e+01 8.170000e-18 8.170000e-18
7.010000e+01 8.040000e-18 8.040000e-18
7.020000e+01 7.910000e-18 7.910000e-18
7.030000e+01 7.780000e-18 7.780000e-18
7.040000e+01 7.650000e-18 7.650000e-18
7.050000e+01 7.520000e-18 7.520000e-18
7.060000e+01 7.390000e-18 7.390000e-18
7.070000e+01 7.260000e-18 7.260000e-18
7.080000e+01 7.130000e-18 7.130000e-18
7.090000e+01 7.000000e-18 7.000000e-18
7.100000e+01 6.870000e-18 6.870000e-18
7.110000e+01 6.740000e-18 6.740000e-18
7.120000e+01 6.610000e-18 6.610000e-18
7.130000e+01 6.480000e-18 6.480000e-18
7.140000e+01 6.350000e-18 6.350000e-18
7.150000e+01 6.220000e-18 6.220000e-18
7.160000e+01 6.090000e-18 6.090000e-18
7.170000e+01 5.960000e-18 5.960000e-18
7.180000e+01 5.830000e-18 5.830000e-18
7.190000e+01 5.700000e-18 5.700000e-18
7.200000e+01 5.570000e-18 5.570000e-18
7.210000e+01 5.440000e-18 5.440000e-18
7.220000e+01 5.310000e-18 5.310000e-18
7.230000e+01 5.180000e-18 5.180000e-18
7.240000e+01 5.050000e-18 5.050000e-18
7.250000e+01 4.920000e-18 4.920000e-18
7.260000e+01 4.790000e-18 4.790000e-18
7.270000e+01 4.660000e-18 4.660000e-18
7.280000e+01 4.530000e-18 4.530000e-18
7.290000e+01 4.400000e-18 4.400000e-18
7.300000e+01 4.352174e-18 4.352174e-18
7.310000e+01 4.304348e-18 4.304348e-18
7.320000e+01 4.256522e-18 4.256522e-18
7.330000e+01 4.208696e-18 4.208696e-18
7.340000e+01 4.160870e-18 4.160870e-18
7.350000e+01 4.113043e-18 4.113043e-18
7.360000e+01 4.065217e-18 4.065217e-18
7.370000e+01 4.017391e-18 4.017391e-18
7.380000e+01 3.969565e-18 3.969565e-18
7.390000e+01 3.921739e-18 3.921739e-18
7.400000e+01 3.873913e-18 3.873913e-18
7.410000e+01 3.826087e-18 3.826087e-18
7.420000e+01 3.778261e-18 3.778261e-18
7.430000e+01 3.730435e-18 3.730435e-18
7.440000e+01 3.682609e-18 3.682609e-18
7.450000e+01 3.634783e-18 3.634783e-18
7.460000e+01 3.586957e-18 3.586957e-18
7.470000e+01 3.539130e-18 3.539130e-18
7.480000e+01 3.491304e-18 3.491304e-18
7.490000e+01 3.443478e-18 3.443478e-18
7.500000e+01 3.395652e-18 3.395652e-18
7.510000e+01 3.347826e-18 3.347826e-18
7.520000e+01 3.300000e-18 3.300000e-18
7.530000e+01 3.252174e-18 3.252174e-18
7.540000e+01 3.204348e-18 3.204348e-18
7.550000e+01 3.156522e-18 3.156522e-18
7.560000e+01 3.108696e-18 3.108696e-18
7.570000e+01 3.060870e-18 3.060870e-18
7.580000e+01 3.013043e-18 3.013043e-18
7.590000e+01 2.965217e-18 2.965217e-18
7.600000e+01 2.917391e-18 2.917391e-18
7.610000e+01 2.869565e-18 2.869565e-18
7.620000e+01 2.821739e-18 2.821739e-18
7.630000e+01 2.773913e-18 2.773913e-18
7.640000e+01 2.726087e-18 2.726087e-18
7.650000e+01 2.678261e-18 2.678261e-18
7.660000e+01 2.630435e-18 2.630435e-18
7.670000e+01 2.582609e-18 2.582609e-18
7.680000e+01 2.534783e-18 2.534783e-18
7.690000e+01 2.486957e-18 2.486957e-18
7.700000e+01 2.439130e-18 2.439130e-18
7.710000e+01 2.391304e-18 2.391304e-18
7.720000e+01 2.343478e-18 2.343478e-18
7.730000e+01 2.295652e-18 2.295652e-18
7.740000e+01 2.247826e-18 2.247826e-18
7.750000e+01 2.200000e-18 2.200000e-18
7.760000e+01 2.180180e-18 2.180180e-18
7.770000e+01 2.160360e-18 2.160360e-18
7.780000e+01 2.140541e-18 2.140541e-18
7.790000e+01 2.120721e-18 2.120721e-18
7.800000e+01 2.100901e-18 2.100901e-18
7.810000e+01 2.081081e-18 2.081081e-18
7.820000e+01 2.061261e-18 2.061261e-18
7.830000e+01 2.041441e-18 2.041441e-18
7.840000e+01 2.021622e-18 2.021622e-18
7.850000e+01 2.001802e-18 2.001802e-18
7.860000e+01 1.981982e-18 1.981982e-18
7.870000e+01 1.962162e-18 1.962162e-18
7.880000e+01 1.942342e-18 1.942342e-18
7.890000e+01 1.922523e-18 1.922523e-18
7.900000e+01 1.902703e-18 1.902703e-18
7.910000e+01 1.882883e-18 1.882883e-18
7.920000e+01 1.863063e-18 1.863063e-18
7.930000e+01 1.843243e-18 1.843243e-18
7.940000e+01 1.823423e-18 1.823423e-18
7.950000e+01 1.803604e-18 1.803604e-18
7.960000e+01 1.783784e-18 1.783784e-18
7.970000e+01 1.763964e-18 1.763964e-18
7.980000e+01 1.744144e-18 1.744144e-18
7.990000e+01 1.724324e-18 1.724324e-18
8.000000e+01 1.704505e-18 1.704505e-18
8.010000e+01 1.684685e-18 1.684685e-18
8.020000e+01 1.664865e-18 1.664865e-18
8.030000e+01 1.645045e-18 1.645045e-18
8.040000e+01 1.625225e-18 1.625225e-18
8.050000e+01 1.605405e-18 1.605405e-18
8.060000e+01 1.585586e-18 1.585586e-18
8.070000e+01 1.565766e-18 1.565766e-18
8.080000e+01 1.545946e-18 1.545946e-18
8.090000e+01 1.526126e-18 1.526126e-18
8.100000e+01 1.506306e-18 1.506306e-18
8.110000e+01 1.486486e-18 1.486486e-18
8.120000e+01 1.466667e-18 1.466667e-18
8.130000e+01 1.446847e-18 1.446847e-18
8.140000e+01 1.427027e-18 1.427027e-18
8.150000e+01 1.407207e-18 1.407207e-18
8.160000e+01 1.387387e-18 1.387387e-18
8.170000e+01 1.367568e-18 1.367568e-18
8.180000e+01 1.347748e-18 1.347748e-18
8.190000e+01 1.327928e-18 1.327928e-18
8.200000e+01 1.308108e-18 1.308108e-18
8.210000e+01 1.288288e-18 1.288288e-18
8.220000e+01 1.268468e-18 1.268468e-18
8.230000e+01 1.248649e-18 1.248649e-18
8.240000e+01 1.228829e-18 1.228829e-18
8.250000e+01 1.209009e-18 1.209009e-18
8.260000e+01 1.189189e-18 1.189189e-18
8.270000e+01 1.169369e-18 1.169369e-18
8.280000e+01 1.149550e-18 1.149550e-18
8.290000e+01 1.129730e-18 1.129730e-18
8.300000e+01 1.109910e-18 1.109910e-18
8.310000e+01 1.090090e-18 1.090090e-18
8.320000e+01 1.070270e-18 1.070270e-18
8.330000e+01 1.050450e-18 1.050450e-18
8.340000e+01 1.030631e-18 1.030631e-18
8.350000e+01 1.010811e-18 1.010811e-18
8.360000e+01 9.909910e-19 9.909910e-19
8.370000e+01 9.711712e-19 9.711712e-19
8.380000e+01 9.513514e-19 9.513514e-19
8.390000e+01 9.315315e-19 9.315315e-19
8.400000e+01 9.117117e-19 9.117117e-19
8.410000e+01 8.918919e-19 8.918919e-19
8.420000e+01 8.720721e-19 8.720721e-19
8.430000e+01 8.522523e-19 8.522523e-19
8.440000e+01 8.324324e-19 8.324324e-19
8.450000e+01 8.126126e-19 8.126126e-19
8.460000e+01 7.927928e-19 7.927928e-19
8.470000e+01 7.729730e-19 7.729730e-19
8.480000e+01 7.531532e-19 7.531532e-19
8.490000e+01 7.333333e-19 7.333333e-19
8.500000e+01 7.135135e-19 7.135135e-19
8.510000e+01 6.936937e-19 6.936937e-19
8.520000e+01 6.738739e-19 6.738739e-19
8.530000e+01 6.540541e-19 6.540541e-19
8.540000e+01 6.342342e-19 6.342342e-19
8.550000e+01 6.144144e-19 6.144144e-19
8.560000e+01 5.945946e-19 5.945946e-19
8.570000e+01 5.747748e-19 5.747748e-19
8.580000e+01 5.549550e-19 5.549550e-19
8.590000e+01 5.351351e-19 5.351351e-19
8.600000e+01 5.153153e-19 5.153153e-19
8.610000e+01 4.954955e-19 4.954955e-19
8.620000e+01 4.756757e-19 4.756757e-19
8.630000e+01 4.558559e-19 4.558559e-19
8.640000e+01 4.360360e-19 4.360360e-19
8.650000e+01 4.162162e-19 4.162162e-19
8.660000e+01 3.963964e-19 3.963964e-19
8.670000e+01 3.765766e-19 3.765766e-19
8.680000e+01 3.567568e-19 3.567568e-19
8.690000e+01 3.369369e-19 3.369369e-19
8.700000e+01 3.171171e-19 3.171171e-19
8.710000e+01 2.972973e-19 2.972973e-19
8.720000e+01 2.774775e-19 2.774775e-19
8.730000e+01 2.576577e-19 2.576577e-19
8.740000e+01 2.378378e-19 2.378378e-19
8.750000e+01 2.180180e-19 2.180180e-19
8.760000e+01 1.981982e-19 1.981982e-19
8.770000e+01 1.783784e-19 1.783784e-19
8.780000e+01 1.585586e-19 1.585586e-19
8.790000e+01 1.387387e-19 1.387387e-19
8.800000e+01 1.189189e-19 1.189189e-19
8.810000e+01 9.909910e-20 9.909910e-20
8.820000e+01 7.927928e-20 7.927928e-20
8.830000e+01 5.945946e-20 5.945946e-20
8.840000e+01 3.963964e-20 3.963964e-20
8.850000e+01 1.981982e-20 1.981982e-20
