# H cross sections
# From the Leiden database for photodissociation and photoionization of astrophysically relevant molecules, http://home.strw.leidenuniv.nl/~ewine/photo/
# File last modified by Alan Heays 2017-03-01
# references: NIST, mendoza1996 http://stacks.iop.org/1402-4896/1996/i=T65/a=030, TOPbase_database,
# no info on lines
# wavelength: (nm)
# photoabsorption: Photoabsorption cross section (cm2)
# photoionisation: Photoionisation cross section (cm2)
# This version has been resampled to a uniform 0.1nm grid while maintaining a constant integrated cross section (using trapezoidal integration).
# wavelength photoabsorption photoionisation
7.669500e+00 4.316000e-21 4.316000e-21
7.769500e+00 4.498380e-21 4.498380e-21
7.869500e+00 4.681350e-21 4.681350e-21
7.969500e+00 4.873715e-21 4.873715e-21
8.069500e+00 5.066793e-21 5.066793e-21
8.169500e+00 5.269635e-21 5.269635e-21
8.269500e+00 5.472766e-21 5.472766e-21
8.369500e+00 5.686335e-21 5.686335e-21
8.469500e+00 5.899904e-21 5.899904e-21
8.569500e+00 6.124651e-21 6.124651e-21
8.669500e+00 6.350186e-21 6.350186e-21
8.769500e+00 6.584971e-21 6.584971e-21
8.869500e+00 6.822244e-21 6.822244e-21
8.969500e+00 7.067000e-21 7.067000e-21
9.069500e+00 7.317000e-21 7.317000e-21
9.169500e+00 7.571452e-21 7.571452e-21
9.269500e+00 7.834860e-21 7.834860e-21
9.369500e+00 8.098556e-21 8.098556e-21
9.469500e+00 8.376381e-21 8.376381e-21
9.569500e+00 8.654206e-21 8.654206e-21
9.669500e+00 8.941522e-21 8.941522e-21
9.769500e+00 9.233994e-21 9.233994e-21
9.869500e+00 9.529763e-21 9.529763e-21
9.969500e+00 9.837424e-21 9.837424e-21
1.006950e+01 1.014509e-20 1.014509e-20
1.016950e+01 1.046510e-20 1.046510e-20
1.026950e+01 1.078983e-20 1.078983e-20
1.036950e+01 1.111769e-20 1.111769e-20
1.046950e+01 1.146107e-20 1.146107e-20
1.056950e+01 1.180445e-20 1.180445e-20
1.066950e+01 1.215543e-20 1.215543e-20
1.076950e+01 1.251271e-20 1.251271e-20
1.086950e+01 1.286998e-20 1.286998e-20
1.096950e+01 1.324777e-20 1.324777e-20
1.106950e+01 1.362889e-20 1.362889e-20
1.116950e+01 1.401163e-20 1.401163e-20
1.126950e+01 1.440809e-20 1.440809e-20
1.136950e+01 1.480455e-20 1.480455e-20
1.146950e+01 1.520792e-20 1.520792e-20
1.156950e+01 1.562904e-20 1.562904e-20
1.166950e+01 1.605017e-20 1.605017e-20
1.176950e+01 1.647893e-20 1.647893e-20
1.186950e+01 1.692001e-20 1.692001e-20
1.196950e+01 1.736109e-20 1.736109e-20
1.206950e+01 1.781260e-20 1.781260e-20
1.216950e+01 1.827894e-20 1.827894e-20
1.226950e+01 1.874527e-20 1.874527e-20
1.236950e+01 1.921917e-20 1.921917e-20
1.246950e+01 1.970603e-20 1.970603e-20
1.256950e+01 2.019290e-20 2.019290e-20
1.266950e+01 2.068680e-20 2.068680e-20
1.276950e+01 2.120227e-20 2.120227e-20
1.286950e+01 2.171773e-20 2.171773e-20
1.296950e+01 2.223441e-20 2.223441e-20
1.306950e+01 2.277676e-20 2.277676e-20
1.316950e+01 2.331911e-20 2.331911e-20
1.326950e+01 2.386146e-20 2.386146e-20
1.336950e+01 2.442535e-20 2.442535e-20
1.346950e+01 2.499593e-20 2.499593e-20
1.356950e+01 2.556651e-20 2.556651e-20
1.366950e+01 2.614880e-20 2.614880e-20
1.376950e+01 2.674880e-20 2.674880e-20
1.386950e+01 2.734880e-20 2.734880e-20
1.396950e+01 2.794880e-20 2.794880e-20
1.406950e+01 2.857752e-20 2.857752e-20
1.416950e+01 2.920782e-20 2.920782e-20
1.426950e+01 2.983812e-20 2.983812e-20
1.436950e+01 3.048130e-20 3.048130e-20
1.446950e+01 3.114300e-20 3.114300e-20
1.456950e+01 3.180471e-20 3.180471e-20
1.466950e+01 3.246641e-20 3.246641e-20
1.476950e+01 3.315741e-20 3.315741e-20
1.486950e+01 3.385652e-20 3.385652e-20
1.496950e+01 3.455563e-20 3.455563e-20
1.506950e+01 3.525682e-20 3.525682e-20
1.516950e+01 3.598833e-20 3.598833e-20
1.526950e+01 3.671985e-20 3.671985e-20
1.536950e+01 3.745136e-20 3.745136e-20
1.546950e+01 3.819250e-20 3.819250e-20
1.556950e+01 3.896252e-20 3.896252e-20
1.566950e+01 3.973254e-20 3.973254e-20
1.576950e+01 4.050256e-20 4.050256e-20
1.586950e+01 4.128644e-20 4.128644e-20
1.596950e+01 4.209712e-20 4.209712e-20
1.606950e+01 4.290779e-20 4.290779e-20
1.616950e+01 4.371847e-20 4.371847e-20
1.626950e+01 4.454273e-20 4.454273e-20
1.636950e+01 4.539431e-20 4.539431e-20
1.646950e+01 4.624589e-20 4.624589e-20
1.656950e+01 4.709747e-20 4.709747e-20
1.666950e+01 4.795909e-20 4.795909e-20
1.676950e+01 4.885589e-20 4.885589e-20
1.686950e+01 4.975268e-20 4.975268e-20
1.696950e+01 5.064948e-20 5.064948e-20
1.706950e+01 5.154658e-20 5.154658e-20
1.716950e+01 5.248617e-20 5.248617e-20
1.726950e+01 5.342577e-20 5.342577e-20
1.736950e+01 5.436537e-20 5.436537e-20
1.746950e+01 5.530497e-20 5.530497e-20
1.756950e+01 5.627826e-20 5.627826e-20
1.766950e+01 5.726697e-20 5.726697e-20
1.776950e+01 5.825568e-20 5.825568e-20
1.786950e+01 5.924440e-20 5.924440e-20
1.796950e+01 6.024541e-20 6.024541e-20
1.806950e+01 6.128217e-20 6.128217e-20
1.816950e+01 6.231893e-20 6.231893e-20
1.826950e+01 6.335569e-20 6.335569e-20
1.836950e+01 6.439245e-20 6.439245e-20
1.846950e+01 6.546776e-20 6.546776e-20
1.856950e+01 6.655859e-20 6.655859e-20
1.866950e+01 6.764942e-20 6.764942e-20
1.876950e+01 6.874026e-20 6.874026e-20
1.886950e+01 6.983425e-20 6.983425e-20
1.896950e+01 7.098166e-20 7.098166e-20
1.906950e+01 7.212906e-20 7.212906e-20
1.916950e+01 7.327647e-20 7.327647e-20
1.926950e+01 7.442387e-20 7.442387e-20
1.936950e+01 7.558685e-20 7.558685e-20
1.946950e+01 7.678987e-20 7.678987e-20
1.956950e+01 7.799289e-20 7.799289e-20
1.966950e+01 7.919592e-20 7.919592e-20
1.976950e+01 8.039894e-20 8.039894e-20
1.986950e+01 8.162497e-20 8.162497e-20
1.996950e+01 8.288792e-20 8.288792e-20
2.006950e+01 8.415087e-20 8.415087e-20
2.016950e+01 8.541382e-20 8.541382e-20
2.026950e+01 8.667676e-20 8.667676e-20
2.036950e+01 8.796293e-20 8.796293e-20
2.046950e+01 8.928966e-20 8.928966e-20
2.056950e+01 9.061639e-20 9.061639e-20
2.066950e+01 9.194312e-20 9.194312e-20
2.076950e+01 9.326984e-20 9.326984e-20
2.086950e+01 9.461249e-20 9.461249e-20
2.096950e+01 9.601291e-20 9.601291e-20
2.106950e+01 9.741332e-20 9.741332e-20
2.116950e+01 9.881374e-20 9.881374e-20
2.126950e+01 1.002142e-19 1.002142e-19
2.136950e+01 1.016146e-19 1.016146e-19
2.146950e+01 1.030709e-19 1.030709e-19
2.156950e+01 1.045309e-19 1.045309e-19
2.166950e+01 1.059909e-19 1.059909e-19
2.176950e+01 1.074509e-19 1.074509e-19
2.186950e+01 1.089109e-19 1.089109e-19
2.196950e+01 1.104088e-19 1.104088e-19
2.206950e+01 1.119406e-19 1.119406e-19
2.216950e+01 1.134724e-19 1.134724e-19
2.226950e+01 1.150042e-19 1.150042e-19
2.236950e+01 1.165360e-19 1.165360e-19
2.246950e+01 1.180678e-19 1.180678e-19
2.256950e+01 1.196663e-19 1.196663e-19
2.266950e+01 1.212661e-19 1.212661e-19
2.276950e+01 1.228660e-19 1.228660e-19
2.286950e+01 1.244658e-19 1.244658e-19
2.296950e+01 1.260657e-19 1.260657e-19
2.306950e+01 1.276939e-19 1.276939e-19
2.316950e+01 1.293911e-19 1.293911e-19
2.326950e+01 1.310884e-19 1.310884e-19
2.336950e+01 1.327856e-19 1.327856e-19
2.346950e+01 1.344829e-19 1.344829e-19
2.356950e+01 1.361801e-19 1.361801e-19
2.366950e+01 1.379118e-19 1.379118e-19
2.376950e+01 1.396844e-19 1.396844e-19
2.386950e+01 1.414570e-19 1.414570e-19
2.396950e+01 1.432296e-19 1.432296e-19
2.406950e+01 1.450021e-19 1.450021e-19
2.416950e+01 1.467747e-19 1.467747e-19
2.426950e+01 1.485886e-19 1.485886e-19
2.436950e+01 1.504477e-19 1.504477e-19
2.446950e+01 1.523068e-19 1.523068e-19
2.456950e+01 1.541659e-19 1.541659e-19
2.466950e+01 1.560250e-19 1.560250e-19
2.476950e+01 1.578841e-19 1.578841e-19
2.486950e+01 1.597769e-19 1.597769e-19
2.496950e+01 1.617333e-19 1.617333e-19
2.506950e+01 1.636898e-19 1.636898e-19
2.516950e+01 1.656462e-19 1.656462e-19
2.526950e+01 1.676026e-19 1.676026e-19
2.536950e+01 1.695590e-19 1.695590e-19
2.546950e+01 1.715208e-19 1.715208e-19
2.556950e+01 1.735686e-19 1.735686e-19
2.566950e+01 1.756164e-19 1.756164e-19
2.576950e+01 1.776642e-19 1.776642e-19
2.586950e+01 1.797119e-19 1.797119e-19
2.596950e+01 1.817597e-19 1.817597e-19
2.606950e+01 1.838075e-19 1.838075e-19
2.616950e+01 1.859076e-19 1.859076e-19
2.626950e+01 1.880407e-19 1.880407e-19
2.636950e+01 1.901739e-19 1.901739e-19
2.646950e+01 1.923070e-19 1.923070e-19
2.656950e+01 1.944401e-19 1.944401e-19
2.666950e+01 1.965733e-19 1.965733e-19
2.676950e+01 1.987068e-19 1.987068e-19
2.686950e+01 2.009647e-19 2.009647e-19
2.696950e+01 2.032227e-19 2.032227e-19
2.706950e+01 2.054807e-19 2.054807e-19
2.716950e+01 2.077387e-19 2.077387e-19
2.726950e+01 2.099966e-19 2.099966e-19
2.736950e+01 2.122546e-19 2.122546e-19
2.746950e+01 2.145357e-19 2.145357e-19
2.756950e+01 2.168958e-19 2.168958e-19
2.766950e+01 2.192558e-19 2.192558e-19
2.776950e+01 2.216159e-19 2.216159e-19
2.786950e+01 2.239759e-19 2.239759e-19
2.796950e+01 2.263360e-19 2.263360e-19
2.806950e+01 2.286960e-19 2.286960e-19
2.816950e+01 2.310868e-19 2.310868e-19
2.826950e+01 2.335573e-19 2.335573e-19
2.836950e+01 2.360278e-19 2.360278e-19
2.846950e+01 2.384984e-19 2.384984e-19
2.856950e+01 2.409689e-19 2.409689e-19
2.866950e+01 2.434394e-19 2.434394e-19
2.876950e+01 2.459099e-19 2.459099e-19
2.886950e+01 2.483985e-19 2.483985e-19
2.896950e+01 2.509861e-19 2.509861e-19
2.906950e+01 2.535737e-19 2.535737e-19
2.916950e+01 2.561614e-19 2.561614e-19
2.926950e+01 2.587490e-19 2.587490e-19
2.936950e+01 2.613366e-19 2.613366e-19
2.946950e+01 2.639242e-19 2.639242e-19
2.956950e+01 2.665119e-19 2.665119e-19
2.966950e+01 2.692040e-19 2.692040e-19
2.976950e+01 2.719147e-19 2.719147e-19
2.986950e+01 2.746253e-19 2.746253e-19
2.996950e+01 2.773360e-19 2.773360e-19
3.006950e+01 2.800466e-19 2.800466e-19
3.016950e+01 2.827573e-19 2.827573e-19
3.026950e+01 2.854679e-19 2.854679e-19
3.036950e+01 2.882295e-19 2.882295e-19
3.046950e+01 2.910815e-19 2.910815e-19
3.056950e+01 2.939334e-19 2.939334e-19
3.066950e+01 2.967853e-19 2.967853e-19
3.076950e+01 2.996373e-19 2.996373e-19
3.086950e+01 3.024892e-19 3.024892e-19
3.096950e+01 3.053412e-19 3.053412e-19
3.106950e+01 3.081931e-19 3.081931e-19
3.116950e+01 3.111268e-19 3.111268e-19
3.126950e+01 3.140986e-19 3.140986e-19
3.136950e+01 3.170704e-19 3.170704e-19
3.146950e+01 3.200422e-19 3.200422e-19
3.156950e+01 3.230140e-19 3.230140e-19
3.166950e+01 3.259858e-19 3.259858e-19
3.176950e+01 3.289576e-19 3.289576e-19
3.186950e+01 3.319294e-19 3.319294e-19
3.196950e+01 3.350225e-19 3.350225e-19
3.206950e+01 3.381444e-19 3.381444e-19
3.216950e+01 3.412663e-19 3.412663e-19
3.226950e+01 3.443882e-19 3.443882e-19
3.236950e+01 3.475101e-19 3.475101e-19
3.246950e+01 3.506320e-19 3.506320e-19
3.256950e+01 3.537539e-19 3.537539e-19
3.266950e+01 3.568758e-19 3.568758e-19
3.276950e+01 3.601098e-19 3.601098e-19
3.286950e+01 3.633839e-19 3.633839e-19
3.296950e+01 3.666580e-19 3.666580e-19
3.306950e+01 3.699322e-19 3.699322e-19
3.316950e+01 3.732063e-19 3.732063e-19
3.326950e+01 3.764804e-19 3.764804e-19
3.336950e+01 3.797546e-19 3.797546e-19
3.346950e+01 3.830287e-19 3.830287e-19
3.356950e+01 3.863684e-19 3.863684e-19
3.366950e+01 3.897854e-19 3.897854e-19
3.376950e+01 3.932024e-19 3.932024e-19
3.386950e+01 3.966194e-19 3.966194e-19
3.396950e+01 4.000364e-19 4.000364e-19
3.406950e+01 4.034534e-19 4.034534e-19
3.416950e+01 4.068703e-19 4.068703e-19
3.426950e+01 4.102873e-19 4.102873e-19
3.436950e+01 4.137043e-19 4.137043e-19
3.446950e+01 4.172854e-19 4.172854e-19
3.456950e+01 4.208712e-19 4.208712e-19
3.466950e+01 4.244570e-19 4.244570e-19
3.476950e+01 4.280428e-19 4.280428e-19
3.486950e+01 4.316286e-19 4.316286e-19
3.496950e+01 4.352144e-19 4.352144e-19
3.506950e+01 4.388002e-19 4.388002e-19
3.516950e+01 4.423860e-19 4.423860e-19
3.526950e+01 4.460175e-19 4.460175e-19
3.536950e+01 4.497723e-19 4.497723e-19
3.546950e+01 4.535271e-19 4.535271e-19
3.556950e+01 4.572818e-19 4.572818e-19
3.566950e+01 4.610366e-19 4.610366e-19
3.576950e+01 4.647914e-19 4.647914e-19
3.586950e+01 4.685461e-19 4.685461e-19
3.596950e+01 4.723009e-19 4.723009e-19
3.606950e+01 4.760556e-19 4.760556e-19
3.616950e+01 4.798696e-19 4.798696e-19
3.626950e+01 4.837940e-19 4.837940e-19
3.636950e+01 4.877183e-19 4.877183e-19
3.646950e+01 4.916427e-19 4.916427e-19
3.656950e+01 4.955670e-19 4.955670e-19
3.666950e+01 4.994914e-19 4.994914e-19
3.676950e+01 5.034157e-19 5.034157e-19
3.686950e+01 5.073401e-19 5.073401e-19
3.696950e+01 5.112644e-19 5.112644e-19
3.706950e+01 5.152251e-19 5.152251e-19
3.716950e+01 5.193300e-19 5.193300e-19
3.726950e+01 5.234349e-19 5.234349e-19
3.736950e+01 5.275398e-19 5.275398e-19
3.746950e+01 5.316447e-19 5.316447e-19
3.756950e+01 5.357497e-19 5.357497e-19
3.766950e+01 5.398546e-19 5.398546e-19
3.776950e+01 5.439595e-19 5.439595e-19
3.786950e+01 5.480644e-19 5.480644e-19
3.796950e+01 5.521693e-19 5.521693e-19
3.806950e+01 5.564390e-19 5.564390e-19
3.816950e+01 5.607443e-19 5.607443e-19
3.826950e+01 5.650496e-19 5.650496e-19
3.836950e+01 5.693550e-19 5.693550e-19
3.846950e+01 5.736603e-19 5.736603e-19
3.856950e+01 5.779656e-19 5.779656e-19
3.866950e+01 5.822709e-19 5.822709e-19
3.876950e+01 5.865762e-19 5.865762e-19
3.886950e+01 5.908816e-19 5.908816e-19
3.896950e+01 5.952255e-19 5.952255e-19
3.906950e+01 5.997184e-19 5.997184e-19
3.916950e+01 6.042113e-19 6.042113e-19
3.926950e+01 6.087042e-19 6.087042e-19
3.936950e+01 6.131971e-19 6.131971e-19
3.946950e+01 6.176900e-19 6.176900e-19
3.956950e+01 6.221829e-19 6.221829e-19
3.966950e+01 6.266758e-19 6.266758e-19
3.976950e+01 6.311687e-19 6.311687e-19
3.986950e+01 6.356616e-19 6.356616e-19
3.996950e+01 6.402290e-19 6.402290e-19
4.006950e+01 6.449373e-19 6.449373e-19
4.016950e+01 6.496455e-19 6.496455e-19
4.026950e+01 6.543537e-19 6.543537e-19
4.036950e+01 6.590619e-19 6.590619e-19
4.046950e+01 6.637701e-19 6.637701e-19
4.056950e+01 6.684783e-19 6.684783e-19
4.066950e+01 6.731865e-19 6.731865e-19
4.076950e+01 6.778947e-19 6.778947e-19
4.086950e+01 6.826029e-19 6.826029e-19
4.096950e+01 6.873612e-19 6.873612e-19
4.106950e+01 6.922816e-19 6.922816e-19
4.116950e+01 6.972020e-19 6.972020e-19
4.126950e+01 7.021224e-19 7.021224e-19
4.136950e+01 7.070428e-19 7.070428e-19
4.146950e+01 7.119632e-19 7.119632e-19
4.156950e+01 7.168836e-19 7.168836e-19
4.166950e+01 7.218041e-19 7.218041e-19
4.176950e+01 7.267245e-19 7.267245e-19
4.186950e+01 7.316449e-19 7.316449e-19
4.196950e+01 7.365653e-19 7.365653e-19
4.206950e+01 7.416828e-19 7.416828e-19
4.216950e+01 7.468296e-19 7.468296e-19
4.226950e+01 7.519764e-19 7.519764e-19
4.236950e+01 7.571232e-19 7.571232e-19
4.246950e+01 7.622700e-19 7.622700e-19
4.256950e+01 7.674168e-19 7.674168e-19
4.266950e+01 7.725635e-19 7.725635e-19
4.276950e+01 7.777103e-19 7.777103e-19
4.286950e+01 7.828571e-19 7.828571e-19
4.296950e+01 7.880039e-19 7.880039e-19
4.306950e+01 7.932090e-19 7.932090e-19
4.316950e+01 7.985958e-19 7.985958e-19
4.326950e+01 8.039826e-19 8.039826e-19
4.336950e+01 8.093694e-19 8.093694e-19
4.346950e+01 8.147562e-19 8.147562e-19
4.356950e+01 8.201430e-19 8.201430e-19
4.366950e+01 8.255298e-19 8.255298e-19
4.376950e+01 8.309166e-19 8.309166e-19
4.386950e+01 8.363034e-19 8.363034e-19
4.396950e+01 8.416902e-19 8.416902e-19
4.406950e+01 8.470770e-19 8.470770e-19
4.416950e+01 8.525448e-19 8.525448e-19
4.426950e+01 8.581655e-19 8.581655e-19
4.436950e+01 8.637861e-19 8.637861e-19
4.446950e+01 8.694068e-19 8.694068e-19
4.456950e+01 8.750275e-19 8.750275e-19
4.466950e+01 8.806482e-19 8.806482e-19
4.476950e+01 8.862689e-19 8.862689e-19
4.486950e+01 8.918896e-19 8.918896e-19
4.496950e+01 8.975103e-19 8.975103e-19
4.506950e+01 9.031310e-19 9.031310e-19
4.516950e+01 9.087517e-19 9.087517e-19
4.526950e+01 9.144164e-19 9.144164e-19
4.536950e+01 9.202916e-19 9.202916e-19
4.546950e+01 9.261667e-19 9.261667e-19
4.556950e+01 9.320419e-19 9.320419e-19
4.566950e+01 9.379171e-19 9.379171e-19
4.576950e+01 9.437922e-19 9.437922e-19
4.586950e+01 9.496674e-19 9.496674e-19
4.596950e+01 9.555425e-19 9.555425e-19
4.606950e+01 9.614177e-19 9.614177e-19
4.616950e+01 9.672929e-19 9.672929e-19
4.626950e+01 9.731680e-19 9.731680e-19
4.636950e+01 9.790432e-19 9.790432e-19
4.646950e+01 9.851195e-19 9.851195e-19
4.656950e+01 9.912748e-19 9.912748e-19
4.666950e+01 9.974301e-19 9.974301e-19
4.676950e+01 1.003585e-18 1.003585e-18
4.686950e+01 1.009741e-18 1.009741e-18
4.696950e+01 1.015896e-18 1.015896e-18
4.706950e+01 1.022051e-18 1.022051e-18
4.716950e+01 1.028207e-18 1.028207e-18
4.726950e+01 1.034362e-18 1.034362e-18
4.736950e+01 1.040517e-18 1.040517e-18
4.746950e+01 1.046672e-18 1.046672e-18
4.756950e+01 1.052828e-18 1.052828e-18
4.766950e+01 1.059215e-18 1.059215e-18
4.776950e+01 1.065608e-18 1.065608e-18
4.786950e+01 1.072002e-18 1.072002e-18
4.796950e+01 1.078396e-18 1.078396e-18
4.806950e+01 1.084790e-18 1.084790e-18
4.816950e+01 1.091184e-18 1.091184e-18
4.826950e+01 1.097577e-18 1.097577e-18
4.836950e+01 1.103971e-18 1.103971e-18
4.846950e+01 1.110365e-18 1.110365e-18
4.856950e+01 1.116759e-18 1.116759e-18
4.866950e+01 1.123152e-18 1.123152e-18
4.876950e+01 1.129546e-18 1.129546e-18
4.886950e+01 1.136244e-18 1.136244e-18
4.896950e+01 1.142966e-18 1.142966e-18
4.906950e+01 1.149688e-18 1.149688e-18
4.916950e+01 1.156410e-18 1.156410e-18
4.926950e+01 1.163131e-18 1.163131e-18
4.936950e+01 1.169853e-18 1.169853e-18
4.946950e+01 1.176575e-18 1.176575e-18
4.956950e+01 1.183297e-18 1.183297e-18
4.966950e+01 1.190018e-18 1.190018e-18
4.976950e+01 1.196740e-18 1.196740e-18
4.986950e+01 1.203462e-18 1.203462e-18
4.996950e+01 1.210184e-18 1.210184e-18
5.006950e+01 1.217084e-18 1.217084e-18
5.016950e+01 1.224114e-18 1.224114e-18
5.026950e+01 1.231143e-18 1.231143e-18
5.036950e+01 1.238172e-18 1.238172e-18
5.046950e+01 1.245202e-18 1.245202e-18
5.056950e+01 1.252231e-18 1.252231e-18
5.066950e+01 1.259261e-18 1.259261e-18
5.076950e+01 1.266290e-18 1.266290e-18
5.086950e+01 1.273320e-18 1.273320e-18
5.096950e+01 1.280349e-18 1.280349e-18
5.106950e+01 1.287379e-18 1.287379e-18
5.116950e+01 1.294408e-18 1.294408e-18
5.126950e+01 1.301438e-18 1.301438e-18
5.136950e+01 1.308733e-18 1.308733e-18
5.146950e+01 1.316052e-18 1.316052e-18
5.156950e+01 1.323371e-18 1.323371e-18
5.166950e+01 1.330690e-18 1.330690e-18
5.176950e+01 1.338009e-18 1.338009e-18
5.186950e+01 1.345328e-18 1.345328e-18
5.196950e+01 1.352647e-18 1.352647e-18
5.206950e+01 1.359966e-18 1.359966e-18
5.216950e+01 1.367285e-18 1.367285e-18
5.226950e+01 1.374604e-18 1.374604e-18
5.236950e+01 1.381923e-18 1.381923e-18
5.246950e+01 1.389242e-18 1.389242e-18
5.256950e+01 1.396561e-18 1.396561e-18
5.266950e+01 1.404133e-18 1.404133e-18
5.276950e+01 1.411721e-18 1.411721e-18
5.286950e+01 1.419310e-18 1.419310e-18
5.296950e+01 1.426898e-18 1.426898e-18
5.306950e+01 1.434486e-18 1.434486e-18
5.316950e+01 1.442074e-18 1.442074e-18
5.326950e+01 1.449663e-18 1.449663e-18
5.336950e+01 1.457251e-18 1.457251e-18
5.346950e+01 1.464839e-18 1.464839e-18
5.356950e+01 1.472427e-18 1.472427e-18
5.366950e+01 1.480016e-18 1.480016e-18
5.376950e+01 1.487604e-18 1.487604e-18
5.386950e+01 1.495192e-18 1.495192e-18
5.396950e+01 1.503032e-18 1.503032e-18
5.406950e+01 1.511020e-18 1.511020e-18
5.416950e+01 1.519008e-18 1.519008e-18
5.426950e+01 1.526995e-18 1.526995e-18
5.436950e+01 1.534983e-18 1.534983e-18
5.446950e+01 1.542971e-18 1.542971e-18
5.456950e+01 1.550958e-18 1.550958e-18
5.466950e+01 1.558946e-18 1.558946e-18
5.476950e+01 1.566934e-18 1.566934e-18
5.486950e+01 1.574921e-18 1.574921e-18
5.496950e+01 1.582909e-18 1.582909e-18
5.506950e+01 1.590897e-18 1.590897e-18
5.516950e+01 1.598885e-18 1.598885e-18
5.526950e+01 1.606872e-18 1.606872e-18
5.536950e+01 1.615158e-18 1.615158e-18
5.546950e+01 1.623448e-18 1.623448e-18
5.556950e+01 1.631739e-18 1.631739e-18
5.566950e+01 1.640029e-18 1.640029e-18
5.576950e+01 1.648320e-18 1.648320e-18
5.586950e+01 1.656610e-18 1.656610e-18
5.596950e+01 1.664901e-18 1.664901e-18
5.606950e+01 1.673191e-18 1.673191e-18
5.616950e+01 1.681481e-18 1.681481e-18
5.626950e+01 1.689772e-18 1.689772e-18
5.636950e+01 1.698062e-18 1.698062e-18
5.646950e+01 1.706353e-18 1.706353e-18
5.656950e+01 1.714643e-18 1.714643e-18
5.666950e+01 1.722934e-18 1.722934e-18
5.676950e+01 1.731643e-18 1.731643e-18
5.686950e+01 1.740356e-18 1.740356e-18
5.696950e+01 1.749068e-18 1.749068e-18
5.706950e+01 1.757781e-18 1.757781e-18
5.716950e+01 1.766493e-18 1.766493e-18
5.726950e+01 1.775206e-18 1.775206e-18
5.736950e+01 1.783919e-18 1.783919e-18
5.746950e+01 1.792631e-18 1.792631e-18
5.756950e+01 1.801344e-18 1.801344e-18
5.766950e+01 1.810057e-18 1.810057e-18
5.776950e+01 1.818769e-18 1.818769e-18
5.786950e+01 1.827482e-18 1.827482e-18
5.796950e+01 1.836194e-18 1.836194e-18
5.806950e+01 1.844907e-18 1.844907e-18
5.816950e+01 1.853832e-18 1.853832e-18
5.826950e+01 1.862874e-18 1.862874e-18
5.836950e+01 1.871916e-18 1.871916e-18
5.846950e+01 1.880958e-18 1.880958e-18
5.856950e+01 1.890000e-18 1.890000e-18
5.866950e+01 1.899043e-18 1.899043e-18
5.876950e+01 1.908085e-18 1.908085e-18
5.886950e+01 1.917127e-18 1.917127e-18
5.896950e+01 1.926169e-18 1.926169e-18
5.906950e+01 1.935211e-18 1.935211e-18
5.916950e+01 1.944253e-18 1.944253e-18
5.926950e+01 1.953295e-18 1.953295e-18
5.936950e+01 1.962337e-18 1.962337e-18
5.946950e+01 1.971379e-18 1.971379e-18
5.956950e+01 1.980421e-18 1.980421e-18
5.966950e+01 1.989813e-18 1.989813e-18
5.976950e+01 1.999229e-18 1.999229e-18
5.986950e+01 2.008645e-18 2.008645e-18
5.996950e+01 2.018061e-18 2.018061e-18
6.006950e+01 2.027476e-18 2.027476e-18
6.016950e+01 2.036892e-18 2.036892e-18
6.026950e+01 2.046308e-18 2.046308e-18
6.036950e+01 2.055724e-18 2.055724e-18
6.046950e+01 2.065140e-18 2.065140e-18
6.056950e+01 2.074556e-18 2.074556e-18
6.066950e+01 2.083971e-18 2.083971e-18
6.076950e+01 2.093387e-18 2.093387e-18
6.086950e+01 2.102803e-18 2.102803e-18
6.096950e+01 2.112219e-18 2.112219e-18
6.106950e+01 2.121635e-18 2.121635e-18
6.116950e+01 2.131459e-18 2.131459e-18
6.126950e+01 2.141353e-18 2.141353e-18
6.136950e+01 2.151247e-18 2.151247e-18
6.146950e+01 2.161141e-18 2.161141e-18
6.156950e+01 2.171035e-18 2.171035e-18
6.166950e+01 2.180929e-18 2.180929e-18
6.176950e+01 2.190823e-18 2.190823e-18
6.186950e+01 2.200717e-18 2.200717e-18
6.196950e+01 2.210611e-18 2.210611e-18
6.206950e+01 2.220505e-18 2.220505e-18
6.216950e+01 2.230399e-18 2.230399e-18
6.226950e+01 2.240293e-18 2.240293e-18
6.236950e+01 2.250187e-18 2.250187e-18
6.246950e+01 2.260081e-18 2.260081e-18
6.256950e+01 2.269975e-18 2.269975e-18
6.266950e+01 2.279995e-18 2.279995e-18
6.276950e+01 2.290213e-18 2.290213e-18
6.286950e+01 2.300430e-18 2.300430e-18
6.296950e+01 2.310648e-18 2.310648e-18
6.306950e+01 2.320865e-18 2.320865e-18
6.316950e+01 2.331083e-18 2.331083e-18
6.326950e+01 2.341301e-18 2.341301e-18
6.336950e+01 2.351518e-18 2.351518e-18
6.346950e+01 2.361736e-18 2.361736e-18
6.356950e+01 2.371953e-18 2.371953e-18
6.366950e+01 2.382171e-18 2.382171e-18
6.376950e+01 2.392389e-18 2.392389e-18
6.386950e+01 2.402606e-18 2.402606e-18
6.396950e+01 2.412824e-18 2.412824e-18
6.406950e+01 2.423041e-18 2.423041e-18
6.416950e+01 2.433259e-18 2.433259e-18
6.426950e+01 2.443770e-18 2.443770e-18
6.436950e+01 2.454535e-18 2.454535e-18
6.446950e+01 2.465301e-18 2.465301e-18
6.456950e+01 2.476066e-18 2.476066e-18
6.466950e+01 2.486831e-18 2.486831e-18
6.476950e+01 2.497596e-18 2.497596e-18
6.486950e+01 2.508362e-18 2.508362e-18
6.496950e+01 2.519127e-18 2.519127e-18
6.506950e+01 2.529892e-18 2.529892e-18
6.516950e+01 2.540657e-18 2.540657e-18
6.526950e+01 2.551423e-18 2.551423e-18
6.536950e+01 2.562188e-18 2.562188e-18
6.546950e+01 2.572953e-18 2.572953e-18
6.556950e+01 2.583719e-18 2.583719e-18
6.566950e+01 2.594484e-18 2.594484e-18
6.576950e+01 2.605249e-18 2.605249e-18
6.586950e+01 2.616125e-18 2.616125e-18
6.596950e+01 2.627284e-18 2.627284e-18
6.606950e+01 2.638443e-18 2.638443e-18
6.616950e+01 2.649602e-18 2.649602e-18
6.626950e+01 2.660761e-18 2.660761e-18
6.636950e+01 2.671920e-18 2.671920e-18
6.646950e+01 2.683079e-18 2.683079e-18
6.656950e+01 2.694238e-18 2.694238e-18
6.666950e+01 2.705397e-18 2.705397e-18
6.676950e+01 2.716557e-18 2.716557e-18
6.686950e+01 2.727716e-18 2.727716e-18
6.696950e+01 2.738875e-18 2.738875e-18
6.706950e+01 2.750034e-18 2.750034e-18
6.716950e+01 2.761193e-18 2.761193e-18
6.726950e+01 2.772352e-18 2.772352e-18
6.736950e+01 2.783511e-18 2.783511e-18
6.746950e+01 2.794670e-18 2.794670e-18
6.756950e+01 2.806090e-18 2.806090e-18
6.766950e+01 2.817676e-18 2.817676e-18
6.776950e+01 2.829262e-18 2.829262e-18
6.786950e+01 2.840848e-18 2.840848e-18
6.796950e+01 2.852433e-18 2.852433e-18
6.806950e+01 2.864019e-18 2.864019e-18
6.816950e+01 2.875605e-18 2.875605e-18
6.826950e+01 2.887191e-18 2.887191e-18
6.836950e+01 2.898776e-18 2.898776e-18
6.846950e+01 2.910362e-18 2.910362e-18
6.856950e+01 2.921948e-18 2.921948e-18
6.866950e+01 2.933533e-18 2.933533e-18
6.876950e+01 2.945119e-18 2.945119e-18
6.886950e+01 2.956705e-18 2.956705e-18
6.896950e+01 2.968291e-18 2.968291e-18
6.906950e+01 2.979876e-18 2.979876e-18
6.916950e+01 2.991462e-18 2.991462e-18
6.926950e+01 3.003345e-18 3.003345e-18
6.936950e+01 3.015501e-18 3.015501e-18
6.946950e+01 3.027656e-18 3.027656e-18
6.956950e+01 3.039812e-18 3.039812e-18
6.966950e+01 3.051967e-18 3.051967e-18
6.976950e+01 3.064122e-18 3.064122e-18
6.986950e+01 3.076278e-18 3.076278e-18
6.996950e+01 3.088433e-18 3.088433e-18
7.006950e+01 3.100589e-18 3.100589e-18
7.016950e+01 3.112744e-18 3.112744e-18
7.026950e+01 3.124900e-18 3.124900e-18
7.036950e+01 3.137055e-18 3.137055e-18
7.046950e+01 3.149211e-18 3.149211e-18
7.056950e+01 3.161366e-18 3.161366e-18
7.066950e+01 3.173521e-18 3.173521e-18
7.076950e+01 3.185677e-18 3.185677e-18
7.086950e+01 3.197832e-18 3.197832e-18
7.096950e+01 3.209988e-18 3.209988e-18
7.106950e+01 3.222567e-18 3.222567e-18
7.116950e+01 3.235147e-18 3.235147e-18
7.126950e+01 3.247727e-18 3.247727e-18
7.136950e+01 3.260307e-18 3.260307e-18
7.146950e+01 3.272888e-18 3.272888e-18
7.156950e+01 3.285468e-18 3.285468e-18
7.166950e+01 3.298048e-18 3.298048e-18
7.176950e+01 3.310628e-18 3.310628e-18
7.186950e+01 3.323208e-18 3.323208e-18
7.196950e+01 3.335788e-18 3.335788e-18
7.206950e+01 3.348368e-18 3.348368e-18
7.216950e+01 3.360948e-18 3.360948e-18
7.226950e+01 3.373528e-18 3.373528e-18
7.236950e+01 3.386108e-18 3.386108e-18
7.246950e+01 3.398688e-18 3.398688e-18
7.256950e+01 3.411268e-18 3.411268e-18
7.266950e+01 3.423848e-18 3.423848e-18
7.276950e+01 3.436449e-18 3.436449e-18
7.286950e+01 3.449640e-18 3.449640e-18
7.296950e+01 3.462831e-18 3.462831e-18
7.306950e+01 3.476023e-18 3.476023e-18
7.316950e+01 3.489214e-18 3.489214e-18
7.326950e+01 3.502406e-18 3.502406e-18
7.336950e+01 3.515597e-18 3.515597e-18
7.346950e+01 3.528789e-18 3.528789e-18
7.356950e+01 3.541980e-18 3.541980e-18
7.366950e+01 3.555172e-18 3.555172e-18
7.376950e+01 3.568363e-18 3.568363e-18
7.386950e+01 3.581555e-18 3.581555e-18
7.396950e+01 3.594746e-18 3.594746e-18
7.406950e+01 3.607938e-18 3.607938e-18
7.416950e+01 3.621129e-18 3.621129e-18
7.426950e+01 3.634321e-18 3.634321e-18
7.436950e+01 3.647512e-18 3.647512e-18
7.446950e+01 3.660703e-18 3.660703e-18
7.456950e+01 3.673895e-18 3.673895e-18
7.466950e+01 3.687373e-18 3.687373e-18
7.476950e+01 3.701033e-18 3.701033e-18
7.486950e+01 3.714692e-18 3.714692e-18
7.496950e+01 3.728352e-18 3.728352e-18
7.506950e+01 3.742011e-18 3.742011e-18
7.516950e+01 3.755671e-18 3.755671e-18
7.526950e+01 3.769330e-18 3.769330e-18
7.536950e+01 3.782990e-18 3.782990e-18
7.546950e+01 3.796649e-18 3.796649e-18
7.556950e+01 3.810308e-18 3.810308e-18
7.566950e+01 3.823968e-18 3.823968e-18
7.576950e+01 3.837627e-18 3.837627e-18
7.586950e+01 3.851287e-18 3.851287e-18
7.596950e+01 3.864946e-18 3.864946e-18
7.606950e+01 3.878606e-18 3.878606e-18
7.616950e+01 3.892265e-18 3.892265e-18
7.626950e+01 3.905925e-18 3.905925e-18
7.636950e+01 3.919584e-18 3.919584e-18
7.646950e+01 3.933244e-18 3.933244e-18
7.656950e+01 3.947333e-18 3.947333e-18
7.666950e+01 3.961586e-18 3.961586e-18
7.676950e+01 3.975838e-18 3.975838e-18
7.686950e+01 3.990091e-18 3.990091e-18
7.696950e+01 4.004343e-18 4.004343e-18
7.706950e+01 4.018596e-18 4.018596e-18
7.716950e+01 4.032848e-18 4.032848e-18
7.726950e+01 4.047101e-18 4.047101e-18
7.736950e+01 4.061353e-18 4.061353e-18
7.746950e+01 4.075606e-18 4.075606e-18
7.756950e+01 4.089858e-18 4.089858e-18
7.766950e+01 4.104111e-18 4.104111e-18
7.776950e+01 4.118363e-18 4.118363e-18
7.786950e+01 4.132616e-18 4.132616e-18
7.796950e+01 4.146868e-18 4.146868e-18
7.806950e+01 4.161121e-18 4.161121e-18
7.816950e+01 4.175373e-18 4.175373e-18
7.826950e+01 4.189626e-18 4.189626e-18
7.836950e+01 4.203878e-18 4.203878e-18
7.846950e+01 4.218349e-18 4.218349e-18
7.856950e+01 4.233205e-18 4.233205e-18
7.866950e+01 4.248062e-18 4.248062e-18
7.876950e+01 4.262919e-18 4.262919e-18
7.886950e+01 4.277776e-18 4.277776e-18
7.896950e+01 4.292633e-18 4.292633e-18
7.906950e+01 4.307490e-18 4.307490e-18
7.916950e+01 4.322347e-18 4.322347e-18
7.926950e+01 4.337204e-18 4.337204e-18
7.936950e+01 4.352061e-18 4.352061e-18
7.946950e+01 4.366918e-18 4.366918e-18
7.956950e+01 4.381775e-18 4.381775e-18
7.966950e+01 4.396632e-18 4.396632e-18
7.976950e+01 4.411489e-18 4.411489e-18
7.986950e+01 4.426346e-18 4.426346e-18
7.996950e+01 4.441203e-18 4.441203e-18
8.006950e+01 4.456060e-18 4.456060e-18
8.016950e+01 4.470917e-18 4.470917e-18
8.026950e+01 4.485774e-18 4.485774e-18
8.036950e+01 4.500631e-18 4.500631e-18
8.046950e+01 4.515774e-18 4.515774e-18
8.056950e+01 4.531199e-18 4.531199e-18
8.066950e+01 4.546623e-18 4.546623e-18
8.076950e+01 4.562048e-18 4.562048e-18
8.086950e+01 4.577473e-18 4.577473e-18
8.096950e+01 4.592897e-18 4.592897e-18
8.106950e+01 4.608322e-18 4.608322e-18
8.116950e+01 4.623747e-18 4.623747e-18
8.126950e+01 4.639171e-18 4.639171e-18
8.136950e+01 4.654596e-18 4.654596e-18
8.146950e+01 4.670021e-18 4.670021e-18
8.156950e+01 4.685445e-18 4.685445e-18
8.166950e+01 4.700870e-18 4.700870e-18
8.176950e+01 4.716295e-18 4.716295e-18
8.186950e+01 4.731719e-18 4.731719e-18
8.196950e+01 4.747144e-18 4.747144e-18
8.206950e+01 4.762569e-18 4.762569e-18
8.216950e+01 4.777993e-18 4.777993e-18
8.226950e+01 4.793418e-18 4.793418e-18
8.236950e+01 4.808843e-18 4.808843e-18
8.246950e+01 4.824366e-18 4.824366e-18
8.256950e+01 4.840463e-18 4.840463e-18
8.266950e+01 4.856559e-18 4.856559e-18
8.276950e+01 4.872656e-18 4.872656e-18
8.286950e+01 4.888753e-18 4.888753e-18
8.296950e+01 4.904849e-18 4.904849e-18
8.306950e+01 4.920946e-18 4.920946e-18
8.316950e+01 4.937042e-18 4.937042e-18
8.326950e+01 4.953139e-18 4.953139e-18
8.336950e+01 4.969235e-18 4.969235e-18
8.346950e+01 4.985332e-18 4.985332e-18
8.356950e+01 5.001429e-18 5.001429e-18
8.366950e+01 5.017525e-18 5.017525e-18
8.376950e+01 5.033622e-18 5.033622e-18
8.386950e+01 5.049718e-18 5.049718e-18
8.396950e+01 5.065815e-18 5.065815e-18
8.406950e+01 5.081911e-18 5.081911e-18
8.416950e+01 5.098008e-18 5.098008e-18
8.426950e+01 5.114105e-18 5.114105e-18
8.436950e+01 5.130201e-18 5.130201e-18
8.446950e+01 5.146298e-18 5.146298e-18
8.456950e+01 5.162567e-18 5.162567e-18
8.466950e+01 5.179294e-18 5.179294e-18
8.476950e+01 5.196021e-18 5.196021e-18
8.486950e+01 5.212749e-18 5.212749e-18
8.496950e+01 5.229476e-18 5.229476e-18
8.506950e+01 5.246204e-18 5.246204e-18
8.516950e+01 5.262931e-18 5.262931e-18
8.526950e+01 5.279658e-18 5.279658e-18
8.536950e+01 5.296386e-18 5.296386e-18
8.546950e+01 5.313113e-18 5.313113e-18
8.556950e+01 5.329841e-18 5.329841e-18
8.566950e+01 5.346568e-18 5.346568e-18
8.576950e+01 5.363295e-18 5.363295e-18
8.586950e+01 5.380023e-18 5.380023e-18
8.596950e+01 5.396750e-18 5.396750e-18
8.606950e+01 5.413478e-18 5.413478e-18
8.616950e+01 5.430205e-18 5.430205e-18
8.626950e+01 5.446933e-18 5.446933e-18
8.636950e+01 5.463660e-18 5.463660e-18
8.646950e+01 5.480387e-18 5.480387e-18
8.656950e+01 5.497115e-18 5.497115e-18
8.666950e+01 5.513842e-18 5.513842e-18
8.676950e+01 5.531123e-18 5.531123e-18
8.686950e+01 5.548485e-18 5.548485e-18
8.696950e+01 5.565847e-18 5.565847e-18
8.706950e+01 5.583210e-18 5.583210e-18
8.716950e+01 5.600572e-18 5.600572e-18
8.726950e+01 5.617935e-18 5.617935e-18
8.736950e+01 5.635297e-18 5.635297e-18
8.746950e+01 5.652659e-18 5.652659e-18
8.756950e+01 5.670022e-18 5.670022e-18
8.766950e+01 5.687384e-18 5.687384e-18
8.776950e+01 5.704746e-18 5.704746e-18
8.786950e+01 5.722109e-18 5.722109e-18
8.796950e+01 5.739471e-18 5.739471e-18
8.806950e+01 5.756834e-18 5.756834e-18
8.816950e+01 5.774196e-18 5.774196e-18
8.826950e+01 5.791558e-18 5.791558e-18
8.836950e+01 5.808921e-18 5.808921e-18
8.846950e+01 5.826283e-18 5.826283e-18
8.856950e+01 5.843645e-18 5.843645e-18
8.866950e+01 5.861008e-18 5.861008e-18
8.876950e+01 5.878370e-18 5.878370e-18
8.886950e+01 5.895733e-18 5.895733e-18
8.896950e+01 5.913769e-18 5.913769e-18
8.906950e+01 5.931859e-18 5.931859e-18
8.916950e+01 5.949949e-18 5.949949e-18
8.926950e+01 5.968038e-18 5.968038e-18
8.936950e+01 5.986128e-18 5.986128e-18
8.946950e+01 6.004218e-18 6.004218e-18
8.956950e+01 6.022307e-18 6.022307e-18
8.966950e+01 6.040397e-18 6.040397e-18
8.976950e+01 6.058487e-18 6.058487e-18
8.986950e+01 6.076576e-18 6.076576e-18
8.996950e+01 6.094666e-18 6.094666e-18
9.006950e+01 6.112756e-18 6.112756e-18
9.016950e+01 6.130845e-18 6.130845e-18
9.026950e+01 6.148935e-18 6.148935e-18
9.036950e+01 6.167025e-18 6.167025e-18
9.046950e+01 6.185115e-18 6.185115e-18
9.056950e+01 6.203204e-18 6.203204e-18
9.066950e+01 6.221294e-18 6.221294e-18
9.076950e+01 6.239384e-18 6.239384e-18
9.086950e+01 6.257473e-18 6.257473e-18
9.096950e+01 6.275563e-18 6.275563e-18
9.106950e+01 6.293653e-18 6.293653e-18
9.116950e+01 6.056456e-18 5.776182e-18
