# Cross sections for HC3H
# From the Leiden database for photodissociation and photoionization of astrophysically relevant molecules, http://home.strw.leidenuniv.nl/~ewine/photo/
# Converted from earlier Leiden database cross sections by Alan Heays 2016-02-24
# Photodissociation source: HC3H van Hemert and van Dishoeck 2007
# Lines represented with gaussian of width 1.0 nm FWHM
# wavelength: (nm)
# photoabsorption:    cross section (cm2)
# photodissociation:  cross section (cm2)
# This version has been resampled to a uniform 0.1nm grid while maintaining a constant integrated cross section (using trapezoidal integration).
# wavelength photoabsorption photodissociation
9.120000e+01 5.000000e-20 5.000000e-20
9.130000e+01 5.000000e-20 5.000000e-20
9.140000e+01 5.000000e-20 5.000000e-20
9.150000e+01 5.000000e-20 5.000000e-20
9.160000e+01 5.000000e-20 5.000000e-20
9.170000e+01 5.000000e-20 5.000000e-20
9.180000e+01 5.000000e-20 5.000000e-20
9.190000e+01 5.000000e-20 5.000000e-20
9.200000e+01 5.000000e-20 5.000000e-20
9.210000e+01 5.000000e-20 5.000000e-20
9.220000e+01 5.000000e-20 5.000000e-20
9.230000e+01 5.000000e-20 5.000000e-20
9.240000e+01 5.000000e-20 5.000000e-20
9.250000e+01 5.000000e-20 5.000000e-20
9.260000e+01 5.000000e-20 5.000000e-20
9.270000e+01 5.000000e-20 5.000000e-20
9.280000e+01 5.000000e-20 5.000000e-20
9.290000e+01 5.000000e-20 5.000000e-20
9.300000e+01 5.000000e-20 5.000000e-20
9.310000e+01 5.000000e-20 5.000000e-20
9.320000e+01 5.000000e-20 5.000000e-20
9.330000e+01 5.000000e-20 5.000000e-20
9.340000e+01 5.000000e-20 5.000000e-20
9.350000e+01 5.000000e-20 5.000000e-20
9.360000e+01 5.000000e-20 5.000000e-20
9.370000e+01 5.000000e-20 5.000000e-20
9.380000e+01 5.000000e-20 5.000000e-20
9.390000e+01 5.000000e-20 5.000000e-20
9.400000e+01 5.000000e-20 5.000000e-20
9.410000e+01 5.000000e-20 5.000000e-20
9.420000e+01 5.000000e-20 5.000000e-20
9.430000e+01 5.000000e-20 5.000000e-20
9.440000e+01 5.000000e-20 5.000000e-20
9.450000e+01 5.000000e-20 5.000000e-20
9.460000e+01 5.000000e-20 5.000000e-20
9.470000e+01 5.000000e-20 5.000000e-20
9.480000e+01 5.000000e-20 5.000000e-20
9.490000e+01 5.000000e-20 5.000000e-20
9.500000e+01 5.000000e-20 5.000000e-20
9.510000e+01 5.000000e-20 5.000000e-20
9.520000e+01 5.000000e-20 5.000000e-20
9.530000e+01 5.000000e-20 5.000000e-20
9.540000e+01 5.000000e-20 5.000000e-20
9.550000e+01 5.000000e-20 5.000000e-20
9.560000e+01 5.000000e-20 5.000000e-20
9.570000e+01 5.000000e-20 5.000000e-20
9.580000e+01 5.000000e-20 5.000000e-20
9.590000e+01 5.000000e-20 5.000000e-20
9.600000e+01 5.000000e-20 5.000000e-20
9.610000e+01 5.000000e-20 5.000000e-20
9.620000e+01 5.000000e-20 5.000000e-20
9.630000e+01 5.000000e-20 5.000000e-20
9.640000e+01 5.000000e-20 5.000000e-20
9.650000e+01 5.000000e-20 5.000000e-20
9.660000e+01 5.000000e-20 5.000000e-20
9.670000e+01 5.000000e-20 5.000000e-20
9.680000e+01 5.000000e-20 5.000000e-20
9.690000e+01 5.000000e-20 5.000000e-20
9.700000e+01 5.000000e-20 5.000000e-20
9.710000e+01 5.000000e-20 5.000000e-20
9.720000e+01 5.000000e-20 5.000000e-20
9.730000e+01 5.000000e-20 5.000000e-20
9.740000e+01 5.000000e-20 5.000000e-20
9.750000e+01 5.000000e-20 5.000000e-20
9.760000e+01 5.000000e-20 5.000000e-20
9.770000e+01 5.000000e-20 5.000000e-20
9.780000e+01 5.000000e-20 5.000000e-20
9.790000e+01 5.000000e-20 5.000000e-20
9.800000e+01 5.000000e-20 5.000000e-20
9.810000e+01 5.000000e-20 5.000000e-20
9.820000e+01 5.000000e-20 5.000000e-20
9.830000e+01 5.000000e-20 5.000000e-20
9.840000e+01 5.000000e-20 5.000000e-20
9.850000e+01 5.000000e-20 5.000000e-20
9.860000e+01 5.000000e-20 5.000000e-20
9.870000e+01 5.000000e-20 5.000000e-20
9.880000e+01 5.000000e-20 5.000000e-20
9.890000e+01 5.000000e-20 5.000000e-20
9.900000e+01 5.000000e-20 5.000000e-20
9.910000e+01 5.000000e-20 5.000000e-20
9.920000e+01 5.000000e-20 5.000000e-20
9.930000e+01 5.000000e-20 5.000000e-20
9.940000e+01 5.000000e-20 5.000000e-20
9.950000e+01 5.000000e-20 5.000000e-20
9.960000e+01 5.000000e-20 5.000000e-20
9.970000e+01 5.000000e-20 5.000000e-20
9.980000e+01 5.000000e-20 5.000000e-20
9.990000e+01 5.000000e-20 5.000000e-20
1.000000e+02 5.000000e-20 5.000000e-20
1.001000e+02 5.000000e-20 5.000000e-20
1.002000e+02 5.000000e-20 5.000000e-20
1.003000e+02 5.000000e-20 5.000000e-20
1.004000e+02 5.000000e-20 5.000000e-20
1.005000e+02 5.000000e-20 5.000000e-20
1.006000e+02 5.000000e-20 5.000000e-20
1.007000e+02 5.000000e-20 5.000000e-20
1.008000e+02 5.000000e-20 5.000000e-20
1.009000e+02 5.000000e-20 5.000000e-20
1.010000e+02 5.000000e-20 5.000000e-20
1.011000e+02 5.000000e-20 5.000000e-20
1.012000e+02 5.000000e-20 5.000000e-20
1.013000e+02 5.000000e-20 5.000000e-20
1.014000e+02 5.000000e-20 5.000000e-20
1.015000e+02 5.000000e-20 5.000000e-20
1.016000e+02 5.000000e-20 5.000000e-20
1.017000e+02 5.000000e-20 5.000000e-20
1.018000e+02 5.000000e-20 5.000000e-20
1.019000e+02 5.000000e-20 5.000000e-20
1.020000e+02 5.000000e-20 5.000000e-20
1.021000e+02 5.000000e-20 5.000000e-20
1.022000e+02 5.000000e-20 5.000000e-20
1.023000e+02 5.000000e-20 5.000000e-20
1.024000e+02 5.000000e-20 5.000000e-20
1.025000e+02 5.000000e-20 5.000000e-20
1.026000e+02 5.000000e-20 5.000000e-20
1.027000e+02 5.000000e-20 5.000000e-20
1.028000e+02 5.000000e-20 5.000000e-20
1.029000e+02 5.000000e-20 5.000000e-20
1.030000e+02 5.000000e-20 5.000000e-20
1.031000e+02 5.000000e-20 5.000000e-20
1.032000e+02 5.000000e-20 5.000000e-20
1.033000e+02 5.000000e-20 5.000000e-20
1.034000e+02 5.000000e-20 5.000000e-20
1.035000e+02 5.000000e-20 5.000000e-20
1.036000e+02 5.000000e-20 5.000000e-20
1.037000e+02 5.000000e-20 5.000000e-20
1.038000e+02 5.000000e-20 5.000000e-20
1.039000e+02 5.000000e-20 5.000000e-20
1.040000e+02 5.000000e-20 5.000000e-20
1.041000e+02 5.000000e-20 5.000000e-20
1.042000e+02 5.000000e-20 5.000000e-20
1.043000e+02 5.000000e-20 5.000000e-20
1.044000e+02 5.000000e-20 5.000000e-20
1.045000e+02 5.000000e-20 5.000000e-20
1.046000e+02 5.000000e-20 5.000000e-20
1.047000e+02 5.000000e-20 5.000000e-20
1.048000e+02 5.000000e-20 5.000000e-20
1.049000e+02 5.000000e-20 5.000000e-20
1.050000e+02 5.000000e-20 5.000000e-20
1.051000e+02 5.000000e-20 5.000000e-20
1.052000e+02 5.000000e-20 5.000000e-20
1.053000e+02 5.000000e-20 5.000000e-20
1.054000e+02 5.000000e-20 5.000000e-20
1.055000e+02 5.000000e-20 5.000000e-20
1.056000e+02 5.000000e-20 5.000000e-20
1.057000e+02 5.000000e-20 5.000000e-20
1.058000e+02 5.000000e-20 5.000000e-20
1.059000e+02 5.000000e-20 5.000000e-20
1.060000e+02 5.000000e-20 5.000000e-20
1.061000e+02 5.000000e-20 5.000000e-20
1.062000e+02 5.000000e-20 5.000000e-20
1.063000e+02 5.000000e-20 5.000000e-20
1.064000e+02 5.000000e-20 5.000000e-20
1.065000e+02 5.000000e-20 5.000000e-20
1.066000e+02 5.000000e-20 5.000000e-20
1.067000e+02 5.000000e-20 5.000000e-20
1.068000e+02 5.000000e-20 5.000000e-20
1.069000e+02 5.000000e-20 5.000000e-20
1.070000e+02 5.000000e-20 5.000000e-20
1.071000e+02 5.000000e-20 5.000000e-20
1.072000e+02 5.000000e-20 5.000000e-20
1.073000e+02 5.000000e-20 5.000000e-20
1.074000e+02 5.000000e-20 5.000000e-20
1.075000e+02 5.000000e-20 5.000000e-20
1.076000e+02 5.000000e-20 5.000000e-20
1.077000e+02 5.000000e-20 5.000000e-20
1.078000e+02 5.000000e-20 5.000000e-20
1.079000e+02 5.000000e-20 5.000000e-20
1.080000e+02 5.000000e-20 5.000000e-20
1.081000e+02 5.000000e-20 5.000000e-20
1.082000e+02 5.000000e-20 5.000000e-20
1.083000e+02 5.000000e-20 5.000000e-20
1.084000e+02 5.000000e-20 5.000000e-20
1.085000e+02 5.000000e-20 5.000000e-20
1.086000e+02 5.000000e-20 5.000000e-20
1.087000e+02 5.000000e-20 5.000000e-20
1.088000e+02 5.000000e-20 5.000000e-20
1.089000e+02 5.000000e-20 5.000000e-20
1.090000e+02 5.000000e-20 5.000000e-20
1.091000e+02 5.000000e-20 5.000000e-20
1.092000e+02 5.000000e-20 5.000000e-20
1.093000e+02 5.000000e-20 5.000000e-20
1.094000e+02 5.000000e-20 5.000000e-20
1.095000e+02 5.000000e-20 5.000000e-20
1.096000e+02 5.000000e-20 5.000000e-20
1.097000e+02 5.000000e-20 5.000000e-20
1.098000e+02 5.000000e-20 5.000000e-20
1.099000e+02 5.000000e-20 5.000000e-20
1.100000e+02 5.000000e-20 5.000000e-20
1.101000e+02 5.000000e-20 5.000000e-20
1.102000e+02 5.000000e-20 5.000000e-20
1.103000e+02 5.000000e-20 5.000000e-20
1.104000e+02 5.000000e-20 5.000000e-20
1.105000e+02 5.000000e-20 5.000000e-20
1.106000e+02 5.000000e-20 5.000000e-20
1.107000e+02 5.000000e-20 5.000000e-20
1.108000e+02 5.000000e-20 5.000000e-20
1.109000e+02 5.000000e-20 5.000000e-20
1.110000e+02 5.000000e-20 5.000000e-20
1.111000e+02 5.000000e-20 5.000000e-20
1.112000e+02 5.000000e-20 5.000000e-20
1.113000e+02 5.000000e-20 5.000000e-20
1.114000e+02 5.000000e-20 5.000000e-20
1.115000e+02 5.000000e-20 5.000000e-20
1.116000e+02 5.000000e-20 5.000000e-20
1.117000e+02 5.000000e-20 5.000000e-20
1.118000e+02 5.000000e-20 5.000000e-20
1.119000e+02 5.000000e-20 5.000000e-20
1.120000e+02 5.000000e-20 5.000000e-20
1.121000e+02 5.000000e-20 5.000000e-20
1.122000e+02 5.000000e-20 5.000000e-20
1.123000e+02 5.000000e-20 5.000000e-20
1.124000e+02 5.000000e-20 5.000000e-20
1.125000e+02 5.000000e-20 5.000000e-20
1.126000e+02 5.000000e-20 5.000000e-20
1.127000e+02 5.000000e-20 5.000000e-20
1.128000e+02 5.000000e-20 5.000000e-20
1.129000e+02 5.000000e-20 5.000000e-20
1.130000e+02 5.000000e-20 5.000000e-20
1.131000e+02 5.000000e-20 5.000000e-20
1.132000e+02 5.000000e-20 5.000000e-20
1.133000e+02 5.000000e-20 5.000000e-20
1.134000e+02 5.000000e-20 5.000000e-20
1.135000e+02 5.000000e-20 5.000000e-20
1.136000e+02 5.000000e-20 5.000000e-20
1.137000e+02 5.000000e-20 5.000000e-20
1.138000e+02 5.000000e-20 5.000000e-20
1.139000e+02 5.000000e-20 5.000000e-20
1.140000e+02 5.000000e-20 5.000000e-20
1.141000e+02 5.000000e-20 5.000000e-20
1.142000e+02 5.000000e-20 5.000000e-20
1.143000e+02 5.000000e-20 5.000000e-20
1.144000e+02 5.000000e-20 5.000000e-20
1.145000e+02 5.000000e-20 5.000000e-20
1.146000e+02 5.000000e-20 5.000000e-20
1.147000e+02 5.000000e-20 5.000000e-20
1.148000e+02 5.000000e-20 5.000000e-20
1.149000e+02 5.000000e-20 5.000000e-20
1.150000e+02 5.000000e-20 5.000000e-20
1.151000e+02 5.000000e-20 5.000000e-20
1.152000e+02 5.000000e-20 5.000000e-20
1.153000e+02 5.000000e-20 5.000000e-20
1.154000e+02 5.000000e-20 5.000000e-20
1.155000e+02 5.000000e-20 5.000000e-20
1.156000e+02 5.000000e-20 5.000000e-20
1.157000e+02 5.000000e-20 5.000000e-20
1.158000e+02 5.000000e-20 5.000000e-20
1.159000e+02 5.000000e-20 5.000000e-20
1.160000e+02 5.000000e-20 5.000000e-20
1.161000e+02 5.000000e-20 5.000000e-20
1.162000e+02 5.000000e-20 5.000000e-20
1.163000e+02 5.000000e-20 5.000000e-20
1.164000e+02 5.000000e-20 5.000000e-20
1.165000e+02 5.000000e-20 5.000000e-20
1.166000e+02 5.000000e-20 5.000000e-20
1.167000e+02 5.000000e-20 5.000000e-20
1.168000e+02 5.000000e-20 5.000000e-20
1.169000e+02 5.000000e-20 5.000000e-20
1.170000e+02 5.000000e-20 5.000000e-20
1.171000e+02 5.000000e-20 5.000000e-20
1.172000e+02 5.000000e-20 5.000000e-20
1.173000e+02 5.000000e-20 5.000000e-20
1.174000e+02 5.000000e-20 5.000000e-20
1.175000e+02 5.000000e-20 5.000000e-20
1.176000e+02 5.000000e-20 5.000000e-20
1.177000e+02 5.000000e-20 5.000000e-20
1.178000e+02 5.000000e-20 5.000000e-20
1.179000e+02 5.000000e-20 5.000000e-20
1.180000e+02 5.000000e-20 5.000000e-20
1.181000e+02 5.000000e-20 5.000000e-20
1.182000e+02 5.000000e-20 5.000000e-20
1.183000e+02 5.000000e-20 5.000000e-20
1.184000e+02 5.000000e-20 5.000000e-20
1.185000e+02 5.000000e-20 5.000000e-20
1.186000e+02 5.000000e-20 5.000000e-20
1.187000e+02 5.000000e-20 5.000000e-20
1.188000e+02 5.000000e-20 5.000000e-20
1.189000e+02 5.000000e-20 5.000000e-20
1.190000e+02 5.000000e-20 5.000000e-20
1.191000e+02 5.000000e-20 5.000000e-20
1.192000e+02 5.000000e-20 5.000000e-20
1.193000e+02 5.000000e-20 5.000000e-20
1.194000e+02 5.000000e-20 5.000000e-20
1.195000e+02 5.000000e-20 5.000000e-20
1.196000e+02 5.000000e-20 5.000000e-20
1.197000e+02 5.000000e-20 5.000000e-20
1.198000e+02 5.000000e-20 5.000000e-20
1.199000e+02 5.000000e-20 5.000000e-20
1.200000e+02 5.000000e-20 5.000000e-20
1.201000e+02 5.000000e-20 5.000000e-20
1.202000e+02 5.000000e-20 5.000000e-20
1.203000e+02 5.000000e-20 5.000000e-20
1.204000e+02 5.000000e-20 5.000000e-20
1.205000e+02 5.000000e-20 5.000000e-20
1.206000e+02 5.000000e-20 5.000000e-20
1.207000e+02 5.000000e-20 5.000000e-20
1.208000e+02 5.000000e-20 5.000000e-20
1.209000e+02 5.000000e-20 5.000000e-20
1.210000e+02 5.000000e-20 5.000000e-20
1.211000e+02 5.000000e-20 5.000000e-20
1.212000e+02 5.000000e-20 5.000000e-20
1.213000e+02 5.000000e-20 5.000000e-20
1.214000e+02 5.000000e-20 5.000000e-20
1.215000e+02 5.000000e-20 5.000000e-20
1.216000e+02 5.000000e-20 5.000000e-20
1.217000e+02 5.000000e-20 5.000000e-20
1.218000e+02 5.000000e-20 5.000000e-20
1.219000e+02 5.000000e-20 5.000000e-20
1.220000e+02 5.000000e-20 5.000000e-20
1.221000e+02 5.000000e-20 5.000000e-20
1.222000e+02 5.000000e-20 5.000000e-20
1.223000e+02 5.000000e-20 5.000000e-20
1.224000e+02 5.000000e-20 5.000000e-20
1.225000e+02 5.000000e-20 5.000000e-20
1.226000e+02 5.000000e-20 5.000000e-20
1.227000e+02 5.000000e-20 5.000000e-20
1.228000e+02 5.000000e-20 5.000000e-20
1.229000e+02 5.000000e-20 5.000000e-20
1.230000e+02 5.000000e-20 5.000000e-20
1.231000e+02 5.000000e-20 5.000000e-20
1.232000e+02 5.000000e-20 5.000000e-20
1.233000e+02 5.000000e-20 5.000000e-20
1.234000e+02 5.000000e-20 5.000000e-20
1.235000e+02 5.000000e-20 5.000000e-20
1.236000e+02 5.000000e-20 5.000000e-20
1.237000e+02 5.000000e-20 5.000000e-20
1.238000e+02 5.000000e-20 5.000000e-20
1.239000e+02 5.000000e-20 5.000000e-20
1.240000e+02 5.000000e-20 5.000000e-20
1.241000e+02 5.000000e-20 5.000000e-20
1.242000e+02 5.000000e-20 5.000000e-20
1.243000e+02 5.000000e-20 5.000000e-20
1.244000e+02 5.000000e-20 5.000000e-20
1.245000e+02 5.000000e-20 5.000000e-20
1.246000e+02 5.000000e-20 5.000000e-20
1.247000e+02 5.000000e-20 5.000000e-20
1.248000e+02 5.000000e-20 5.000000e-20
1.249000e+02 5.000000e-20 5.000000e-20
1.250000e+02 5.000000e-20 5.000000e-20
1.251000e+02 5.000000e-20 5.000000e-20
1.252000e+02 5.000000e-20 5.000000e-20
1.253000e+02 5.000000e-20 5.000000e-20
1.254000e+02 5.000000e-20 5.000000e-20
1.255000e+02 5.000000e-20 5.000000e-20
1.256000e+02 5.000000e-20 5.000000e-20
1.257000e+02 5.000000e-20 5.000000e-20
1.258000e+02 5.000000e-20 5.000000e-20
1.259000e+02 5.000000e-20 5.000000e-20
1.260000e+02 5.000000e-20 5.000000e-20
1.261000e+02 5.000000e-20 5.000000e-20
1.262000e+02 5.000000e-20 5.000000e-20
1.263000e+02 5.000000e-20 5.000000e-20
1.264000e+02 5.000000e-20 5.000000e-20
1.265000e+02 5.000000e-20 5.000000e-20
1.266000e+02 5.000000e-20 5.000000e-20
1.267000e+02 5.000000e-20 5.000000e-20
1.268000e+02 5.000000e-20 5.000000e-20
1.269000e+02 5.000000e-20 5.000000e-20
1.270000e+02 5.000000e-20 5.000000e-20
1.271000e+02 5.000000e-20 5.000000e-20
1.272000e+02 5.000000e-20 5.000000e-20
1.273000e+02 5.000000e-20 5.000000e-20
1.274000e+02 5.000000e-20 5.000000e-20
1.275000e+02 5.000000e-20 5.000000e-20
1.276000e+02 5.000000e-20 5.000000e-20
1.277000e+02 5.000000e-20 5.000000e-20
1.278000e+02 5.000000e-20 5.000000e-20
1.279000e+02 5.000000e-20 5.000000e-20
1.280000e+02 5.000000e-20 5.000000e-20
1.281000e+02 5.000000e-20 5.000000e-20
1.282000e+02 5.000000e-20 5.000000e-20
1.283000e+02 5.000000e-20 5.000000e-20
1.284000e+02 5.000000e-20 5.000000e-20
1.285000e+02 5.000000e-20 5.000000e-20
1.286000e+02 5.000000e-20 5.000000e-20
1.287000e+02 5.000000e-20 5.000000e-20
1.288000e+02 5.000000e-20 5.000000e-20
1.289000e+02 5.000000e-20 5.000000e-20
1.290000e+02 5.000000e-20 5.000000e-20
1.291000e+02 5.000000e-20 5.000000e-20
1.292000e+02 5.000000e-20 5.000000e-20
1.293000e+02 5.000000e-20 5.000000e-20
1.294000e+02 5.000000e-20 5.000000e-20
1.295000e+02 5.000000e-20 5.000000e-20
1.296000e+02 5.000000e-20 5.000000e-20
1.297000e+02 5.000000e-20 5.000000e-20
1.298000e+02 5.000000e-20 5.000000e-20
1.299000e+02 5.000000e-20 5.000000e-20
1.300000e+02 5.000000e-20 5.000000e-20
1.301000e+02 5.000000e-20 5.000000e-20
1.302000e+02 5.000000e-20 5.000000e-20
1.303000e+02 5.000000e-20 5.000000e-20
1.304000e+02 5.000000e-20 5.000000e-20
1.305000e+02 5.000000e-20 5.000000e-20
1.306000e+02 5.000000e-20 5.000000e-20
1.307000e+02 5.000000e-20 5.000000e-20
1.308000e+02 5.000000e-20 5.000000e-20
1.309000e+02 5.000000e-20 5.000000e-20
1.310000e+02 5.000000e-20 5.000000e-20
1.311000e+02 5.000000e-20 5.000000e-20
1.312000e+02 5.000000e-20 5.000000e-20
1.313000e+02 5.000000e-20 5.000000e-20
1.314000e+02 5.000000e-20 5.000000e-20
1.315000e+02 5.000000e-20 5.000000e-20
1.316000e+02 5.000000e-20 5.000000e-20
1.317000e+02 5.000000e-20 5.000000e-20
1.318000e+02 5.000000e-20 5.000000e-20
1.319000e+02 5.000000e-20 5.000000e-20
1.320000e+02 5.000000e-20 5.000000e-20
1.321000e+02 5.000000e-20 5.000000e-20
1.322000e+02 5.000000e-20 5.000000e-20
1.323000e+02 5.000000e-20 5.000000e-20
1.324000e+02 5.000000e-20 5.000000e-20
1.325000e+02 5.000000e-20 5.000000e-20
1.326000e+02 5.000000e-20 5.000000e-20
1.327000e+02 5.000000e-20 5.000000e-20
1.328000e+02 5.000000e-20 5.000000e-20
1.329000e+02 5.000000e-20 5.000000e-20
1.330000e+02 5.000000e-20 5.000000e-20
1.331000e+02 5.000000e-20 5.000000e-20
1.332000e+02 5.000000e-20 5.000000e-20
1.333000e+02 5.000000e-20 5.000000e-20
1.334000e+02 5.000000e-20 5.000000e-20
1.335000e+02 5.000000e-20 5.000000e-20
1.336000e+02 5.000000e-20 5.000000e-20
1.337000e+02 5.000000e-20 5.000000e-20
1.338000e+02 5.000000e-20 5.000000e-20
1.339000e+02 5.000000e-20 5.000000e-20
1.340000e+02 5.000000e-20 5.000000e-20
1.341000e+02 5.000000e-20 5.000000e-20
1.342000e+02 5.000000e-20 5.000000e-20
1.343000e+02 5.000000e-20 5.000000e-20
1.344000e+02 5.000000e-20 5.000000e-20
1.345000e+02 5.000000e-20 5.000000e-20
1.346000e+02 5.000000e-20 5.000000e-20
1.347000e+02 5.000000e-20 5.000000e-20
1.348000e+02 5.000000e-20 5.000000e-20
1.349000e+02 5.000000e-20 5.000000e-20
1.350000e+02 5.000000e-20 5.000000e-20
1.351000e+02 5.000000e-20 5.000000e-20
1.352000e+02 5.000000e-20 5.000000e-20
1.353000e+02 5.000000e-20 5.000000e-20
1.354000e+02 5.000000e-20 5.000000e-20
1.355000e+02 5.000000e-20 5.000000e-20
1.356000e+02 5.000000e-20 5.000000e-20
1.357000e+02 5.000000e-20 5.000000e-20
1.358000e+02 5.000000e-20 5.000000e-20
1.359000e+02 5.000000e-20 5.000000e-20
1.360000e+02 5.000000e-20 5.000000e-20
1.361000e+02 5.000000e-20 5.000000e-20
1.362000e+02 5.000000e-20 5.000000e-20
1.363000e+02 5.000000e-20 5.000000e-20
1.364000e+02 5.000000e-20 5.000000e-20
1.365000e+02 5.000000e-20 5.000000e-20
1.366000e+02 5.000000e-20 5.000000e-20
1.367000e+02 5.000000e-20 5.000000e-20
1.368000e+02 5.000000e-20 5.000000e-20
1.369000e+02 5.000000e-20 5.000000e-20
1.370000e+02 5.000000e-20 5.000000e-20
1.371000e+02 5.000000e-20 5.000000e-20
1.372000e+02 5.000000e-20 5.000000e-20
1.373000e+02 5.000000e-20 5.000000e-20
1.374000e+02 5.000000e-20 5.000000e-20
1.375000e+02 5.000000e-20 5.000000e-20
1.376000e+02 5.000000e-20 5.000000e-20
1.377000e+02 5.000000e-20 5.000000e-20
1.378000e+02 5.000000e-20 5.000000e-20
1.379000e+02 5.000000e-20 5.000000e-20
1.380000e+02 5.000000e-20 5.000000e-20
1.381000e+02 5.000000e-20 5.000000e-20
1.382000e+02 5.000000e-20 5.000000e-20
1.383000e+02 5.000000e-20 5.000000e-20
1.384000e+02 5.000000e-20 5.000000e-20
1.385000e+02 5.000000e-20 5.000000e-20
1.386000e+02 5.000000e-20 5.000000e-20
1.387000e+02 5.000000e-20 5.000000e-20
1.388000e+02 5.000000e-20 5.000000e-20
1.389000e+02 5.000000e-20 5.000000e-20
1.390000e+02 5.000000e-20 5.000000e-20
1.391000e+02 5.000000e-20 5.000000e-20
1.392000e+02 5.000000e-20 5.000000e-20
1.393000e+02 5.000000e-20 5.000000e-20
1.394000e+02 5.000000e-20 5.000000e-20
1.395000e+02 5.000000e-20 5.000000e-20
1.396000e+02 5.000000e-20 5.000000e-20
1.397000e+02 5.000000e-20 5.000000e-20
1.398000e+02 5.000000e-20 5.000000e-20
1.399000e+02 5.000000e-20 5.000000e-20
1.400000e+02 5.000000e-20 5.000000e-20
1.401000e+02 5.000000e-20 5.000000e-20
1.402000e+02 5.000000e-20 5.000000e-20
1.403000e+02 5.000000e-20 5.000000e-20
1.404000e+02 5.000000e-20 5.000000e-20
1.405000e+02 5.000000e-20 5.000000e-20
1.406000e+02 5.000000e-20 5.000000e-20
1.407000e+02 5.000000e-20 5.000000e-20
1.408000e+02 5.000000e-20 5.000000e-20
1.409000e+02 5.000000e-20 5.000000e-20
1.410000e+02 5.000000e-20 5.000000e-20
1.411000e+02 5.000000e-20 5.000000e-20
1.412000e+02 5.000000e-20 5.000000e-20
1.413000e+02 5.000000e-20 5.000000e-20
1.414000e+02 5.000000e-20 5.000000e-20
1.415000e+02 5.000000e-20 5.000000e-20
1.416000e+02 5.000000e-20 5.000000e-20
1.417000e+02 5.000000e-20 5.000000e-20
1.418000e+02 5.000000e-20 5.000000e-20
1.419000e+02 5.000000e-20 5.000000e-20
1.420000e+02 5.000000e-20 5.000000e-20
1.421000e+02 5.000000e-20 5.000000e-20
1.422000e+02 5.000000e-20 5.000000e-20
1.423000e+02 5.000000e-20 5.000000e-20
1.424000e+02 5.000000e-20 5.000000e-20
1.425000e+02 5.000000e-20 5.000000e-20
1.426000e+02 5.000000e-20 5.000000e-20
1.427000e+02 5.000000e-20 5.000000e-20
1.428000e+02 5.000000e-20 5.000000e-20
1.429000e+02 5.000000e-20 5.000000e-20
1.430000e+02 5.000000e-20 5.000000e-20
1.431000e+02 5.000000e-20 5.000000e-20
1.432000e+02 5.000000e-20 5.000000e-20
1.433000e+02 5.000000e-20 5.000000e-20
1.434000e+02 5.000000e-20 5.000000e-20
1.435000e+02 5.000000e-20 5.000000e-20
1.436000e+02 5.000000e-20 5.000000e-20
1.437000e+02 5.000000e-20 5.000000e-20
1.438000e+02 5.000000e-20 5.000000e-20
1.439000e+02 5.000000e-20 5.000000e-20
1.440000e+02 5.000000e-20 5.000000e-20
1.441000e+02 5.000000e-20 5.000000e-20
1.442000e+02 5.000000e-20 5.000000e-20
1.443000e+02 5.000000e-20 5.000000e-20
1.444000e+02 5.000000e-20 5.000000e-20
1.445000e+02 5.000000e-20 5.000000e-20
1.446000e+02 5.000000e-20 5.000000e-20
1.447000e+02 5.000000e-20 5.000000e-20
1.448000e+02 5.000000e-20 5.000000e-20
1.449000e+02 5.000000e-20 5.000000e-20
1.450000e+02 5.000000e-20 5.000000e-20
1.451000e+02 5.000000e-20 5.000000e-20
1.452000e+02 5.000000e-20 5.000000e-20
1.453000e+02 5.000000e-20 5.000000e-20
1.454000e+02 5.000000e-20 5.000000e-20
1.455000e+02 5.000000e-20 5.000000e-20
1.456000e+02 5.000000e-20 5.000000e-20
1.457000e+02 5.000000e-20 5.000000e-20
1.458000e+02 5.000000e-20 5.000000e-20
1.459000e+02 5.000000e-20 5.000000e-20
1.460000e+02 5.000000e-20 5.000000e-20
1.461000e+02 5.000000e-20 5.000000e-20
1.462000e+02 5.000000e-20 5.000000e-20
1.463000e+02 5.000000e-20 5.000000e-20
1.464000e+02 5.000000e-20 5.000000e-20
1.465000e+02 5.000000e-20 5.000000e-20
1.466000e+02 5.000000e-20 5.000000e-20
1.467000e+02 5.000000e-20 5.000000e-20
1.468000e+02 5.000000e-20 5.000000e-20
1.469000e+02 5.000000e-20 5.000000e-20
1.470000e+02 5.000000e-20 5.000000e-20
1.471000e+02 5.000000e-20 5.000000e-20
1.472000e+02 5.000000e-20 5.000000e-20
1.473000e+02 5.000000e-20 5.000000e-20
1.474000e+02 5.000000e-20 5.000000e-20
1.475000e+02 5.000000e-20 5.000000e-20
1.476000e+02 5.000000e-20 5.000000e-20
1.477000e+02 5.000000e-20 5.000000e-20
1.478000e+02 5.000000e-20 5.000000e-20
1.479000e+02 5.000000e-20 5.000000e-20
1.480000e+02 5.000000e-20 5.000000e-20
1.481000e+02 5.000000e-20 5.000000e-20
1.482000e+02 5.000000e-20 5.000000e-20
1.483000e+02 5.000000e-20 5.000000e-20
1.484000e+02 5.000000e-20 5.000000e-20
1.485000e+02 5.000000e-20 5.000000e-20
1.486000e+02 5.000000e-20 5.000000e-20
1.487000e+02 5.000000e-20 5.000000e-20
1.488000e+02 5.000000e-20 5.000000e-20
1.489000e+02 5.000000e-20 5.000000e-20
1.490000e+02 5.000000e-20 5.000000e-20
1.491000e+02 5.000000e-20 5.000000e-20
1.492000e+02 5.000000e-20 5.000000e-20
1.493000e+02 5.000000e-20 5.000000e-20
1.494000e+02 5.000000e-20 5.000000e-20
1.495000e+02 5.000000e-20 5.000000e-20
1.496000e+02 5.000000e-20 5.000000e-20
1.497000e+02 5.000000e-20 5.000000e-20
1.498000e+02 5.000000e-20 5.000000e-20
1.499000e+02 5.000000e-20 5.000000e-20
1.500000e+02 5.000000e-20 5.000000e-20
1.501000e+02 5.000000e-20 5.000000e-20
1.502000e+02 5.000000e-20 5.000000e-20
1.503000e+02 5.000000e-20 5.000000e-20
1.504000e+02 5.000000e-20 5.000000e-20
1.505000e+02 5.000000e-20 5.000000e-20
1.506000e+02 5.000000e-20 5.000000e-20
1.507000e+02 5.000000e-20 5.000000e-20
1.508000e+02 5.000000e-20 5.000000e-20
1.509000e+02 5.000000e-20 5.000000e-20
1.510000e+02 5.000000e-20 5.000000e-20
1.511000e+02 5.000000e-20 5.000000e-20
1.512000e+02 5.000000e-20 5.000000e-20
1.513000e+02 5.000000e-20 5.000000e-20
1.514000e+02 5.000000e-20 5.000000e-20
1.515000e+02 5.000000e-20 5.000000e-20
1.516000e+02 5.000000e-20 5.000000e-20
1.517000e+02 5.000000e-20 5.000000e-20
1.518000e+02 5.000000e-20 5.000000e-20
1.519000e+02 5.000000e-20 5.000000e-20
1.520000e+02 5.000000e-20 5.000000e-20
1.521000e+02 5.000000e-20 5.000000e-20
1.522000e+02 5.000000e-20 5.000000e-20
1.523000e+02 5.000000e-20 5.000000e-20
1.524000e+02 5.000000e-20 5.000000e-20
1.525000e+02 5.000000e-20 5.000000e-20
1.526000e+02 5.000000e-20 5.000000e-20
1.527000e+02 5.000000e-20 5.000000e-20
1.528000e+02 5.000000e-20 5.000000e-20
1.529000e+02 5.000000e-20 5.000000e-20
1.530000e+02 5.000000e-20 5.000000e-20
1.531000e+02 5.000000e-20 5.000000e-20
1.532000e+02 5.000000e-20 5.000000e-20
1.533000e+02 5.000000e-20 5.000000e-20
1.534000e+02 5.000000e-20 5.000000e-20
1.535000e+02 5.000000e-20 5.000000e-20
1.536000e+02 5.000000e-20 5.000000e-20
1.537000e+02 5.000000e-20 5.000000e-20
1.538000e+02 5.000000e-20 5.000000e-20
1.539000e+02 5.000000e-20 5.000000e-20
1.540000e+02 5.000000e-20 5.000000e-20
1.541000e+02 5.000000e-20 5.000000e-20
1.542000e+02 5.000000e-20 5.000000e-20
1.543000e+02 5.000000e-20 5.000000e-20
1.544000e+02 5.000000e-20 5.000000e-20
1.545000e+02 5.000000e-20 5.000000e-20
1.546000e+02 5.000000e-20 5.000000e-20
1.547000e+02 5.000000e-20 5.000000e-20
1.548000e+02 5.000000e-20 5.000000e-20
1.549000e+02 5.000000e-20 5.000000e-20
1.550000e+02 5.000000e-20 5.000000e-20
1.551000e+02 5.000000e-20 5.000000e-20
1.552000e+02 5.000000e-20 5.000000e-20
1.553000e+02 5.000000e-20 5.000000e-20
1.554000e+02 5.000000e-20 5.000000e-20
1.555000e+02 5.000000e-20 5.000000e-20
1.556000e+02 5.000000e-20 5.000000e-20
1.557000e+02 5.000000e-20 5.000000e-20
1.558000e+02 5.000000e-20 5.000000e-20
1.559000e+02 5.000000e-20 5.000000e-20
1.560000e+02 5.000000e-20 5.000000e-20
1.561000e+02 5.000000e-20 5.000000e-20
1.562000e+02 5.000000e-20 5.000000e-20
1.563000e+02 5.000000e-20 5.000000e-20
1.564000e+02 5.000000e-20 5.000000e-20
1.565000e+02 5.000000e-20 5.000000e-20
1.566000e+02 5.000000e-20 5.000000e-20
1.567000e+02 5.000000e-20 5.000000e-20
1.568000e+02 5.000000e-20 5.000000e-20
1.569000e+02 5.000000e-20 5.000000e-20
1.570000e+02 5.000000e-20 5.000000e-20
1.571000e+02 5.000000e-20 5.000000e-20
1.572000e+02 5.000000e-20 5.000000e-20
1.573000e+02 5.000000e-20 5.000000e-20
1.574000e+02 5.000000e-20 5.000000e-20
1.575000e+02 5.000000e-20 5.000000e-20
1.576000e+02 5.000000e-20 5.000000e-20
1.577000e+02 5.000000e-20 5.000000e-20
1.578000e+02 5.000000e-20 5.000000e-20
1.579000e+02 5.000000e-20 5.000000e-20
1.580000e+02 5.000000e-20 5.000000e-20
1.581000e+02 5.000000e-20 5.000000e-20
1.582000e+02 5.000000e-20 5.000000e-20
1.583000e+02 5.000000e-20 5.000000e-20
1.584000e+02 5.000000e-20 5.000000e-20
1.585000e+02 5.000000e-20 5.000000e-20
1.586000e+02 5.000000e-20 5.000000e-20
1.587000e+02 5.000000e-20 5.000000e-20
1.588000e+02 5.000000e-20 5.000000e-20
1.589000e+02 5.000000e-20 5.000000e-20
1.590000e+02 5.000000e-20 5.000000e-20
1.591000e+02 5.368506e-20 5.368506e-20
1.592000e+02 9.459866e-20 9.459866e-20
1.593000e+02 1.773143e-19 1.773143e-19
1.594000e+02 3.145611e-19 3.145611e-19
1.595000e+02 5.281556e-19 5.281556e-19
1.596000e+02 8.392814e-19 8.392814e-19
1.597000e+02 1.262222e-18 1.262222e-18
1.598000e+02 1.796552e-18 1.796552e-18
1.599000e+02 2.419989e-18 2.419989e-18
1.600000e+02 3.084967e-18 3.084967e-18
1.601000e+02 3.721732e-18 3.721732e-18
1.602000e+02 4.249045e-18 4.249045e-18
1.603000e+02 4.590749e-18 4.590749e-18
1.604000e+02 4.693711e-18 4.693711e-18
1.605000e+02 4.541342e-18 4.541342e-18
1.606000e+02 4.157977e-18 4.157977e-18
1.607000e+02 3.602508e-18 3.602508e-18
1.608000e+02 2.953575e-18 2.953575e-18
1.609000e+02 2.291431e-18 2.291431e-18
1.610000e+02 1.682195e-18 1.682195e-18
1.611000e+02 1.168565e-18 1.168565e-18
1.612000e+02 7.681248e-19 7.681248e-19
1.613000e+02 4.777596e-19 4.777596e-19
1.614000e+02 2.811783e-19 2.811783e-19
1.615000e+02 1.565832e-19 1.565832e-19
1.616000e+02 8.316553e-20 8.316553e-20
1.617000e+02 5.000000e-20 5.000000e-20
1.618000e+02 5.000000e-20 5.000000e-20
1.619000e+02 5.000000e-20 5.000000e-20
1.620000e+02 5.000000e-20 5.000000e-20
1.621000e+02 5.000000e-20 5.000000e-20
1.622000e+02 5.000000e-20 5.000000e-20
1.623000e+02 5.000000e-20 5.000000e-20
1.624000e+02 5.000000e-20 5.000000e-20
1.625000e+02 5.000000e-20 5.000000e-20
1.626000e+02 5.000000e-20 5.000000e-20
1.627000e+02 5.000000e-20 5.000000e-20
1.628000e+02 5.000000e-20 5.000000e-20
1.629000e+02 5.000000e-20 5.000000e-20
1.630000e+02 5.329679e-20 5.329679e-20
1.631000e+02 9.632494e-20 9.632494e-20
1.632000e+02 2.483509e-19 2.483509e-19
1.633000e+02 6.060882e-19 6.060882e-19
1.634000e+02 1.400045e-18 1.400045e-18
1.635000e+02 3.061098e-18 3.061098e-18
1.636000e+02 6.334821e-18 6.334821e-18
1.637000e+02 1.240813e-17 1.240813e-17
1.638000e+02 2.300309e-17 2.300309e-17
1.639000e+02 4.036148e-17 4.036148e-17
1.640000e+02 6.702583e-17 6.702583e-17
1.641000e+02 1.053428e-16 1.053428e-16
1.642000e+02 1.566927e-16 1.566927e-16
1.643000e+02 2.205805e-16 2.205805e-16
1.644000e+02 2.938691e-16 2.938691e-16
1.645000e+02 3.705127e-16 3.705127e-16
1.646000e+02 4.420877e-16 4.420877e-16
1.647000e+02 4.991883e-16 4.991883e-16
1.648000e+02 5.334149e-16 5.334149e-16
1.649000e+02 5.393930e-16 5.393930e-16
1.650000e+02 5.161544e-16 5.161544e-16
1.651000e+02 4.673938e-16 4.673938e-16
1.652000e+02 4.005071e-16 4.005071e-16
1.653000e+02 3.247557e-16 3.247557e-16
1.654000e+02 2.491827e-16 2.491827e-16
1.655000e+02 1.809211e-16 1.809211e-16
1.656000e+02 1.242987e-16 1.242987e-16
1.657000e+02 8.080638e-17 8.080638e-17
1.658000e+02 4.970757e-17 4.970757e-17
1.659000e+02 2.893300e-17 2.893300e-17
1.660000e+02 1.593510e-17 1.593510e-17
1.661000e+02 8.304297e-18 8.304297e-18
1.662000e+02 4.094818e-18 4.094818e-18
1.663000e+02 1.910498e-18 1.910498e-18
1.664000e+02 8.434045e-19 8.434045e-19
1.665000e+02 3.522894e-19 3.522894e-19
1.666000e+02 1.392306e-19 1.392306e-19
1.667000e+02 5.509093e-20 5.509093e-20
1.668000e+02 5.000000e-20 5.000000e-20
1.669000e+02 5.000000e-20 5.000000e-20
1.670000e+02 5.000000e-20 5.000000e-20
1.671000e+02 5.000000e-20 5.000000e-20
1.672000e+02 5.000000e-20 5.000000e-20
1.673000e+02 5.000000e-20 5.000000e-20
1.674000e+02 5.000000e-20 5.000000e-20
1.675000e+02 5.000000e-20 5.000000e-20
1.676000e+02 5.000000e-20 5.000000e-20
1.677000e+02 5.000000e-20 5.000000e-20
1.678000e+02 5.000000e-20 5.000000e-20
1.679000e+02 5.000000e-20 5.000000e-20
1.680000e+02 5.000000e-20 5.000000e-20
1.681000e+02 5.000000e-20 5.000000e-20
1.682000e+02 5.000000e-20 5.000000e-20
1.683000e+02 5.000000e-20 5.000000e-20
1.684000e+02 5.000000e-20 5.000000e-20
1.685000e+02 5.000000e-20 5.000000e-20
1.686000e+02 5.000000e-20 5.000000e-20
1.687000e+02 5.000000e-20 5.000000e-20
1.688000e+02 5.000000e-20 5.000000e-20
1.689000e+02 5.000000e-20 5.000000e-20
1.690000e+02 5.000000e-20 5.000000e-20
1.691000e+02 5.000000e-20 5.000000e-20
1.692000e+02 5.000000e-20 5.000000e-20
1.693000e+02 5.000000e-20 5.000000e-20
1.694000e+02 5.000000e-20 5.000000e-20
1.695000e+02 5.000000e-20 5.000000e-20
1.696000e+02 5.000000e-20 5.000000e-20
1.697000e+02 5.000000e-20 5.000000e-20
1.698000e+02 5.000000e-20 5.000000e-20
1.699000e+02 5.000000e-20 5.000000e-20
1.700000e+02 5.000000e-20 5.000000e-20
1.701000e+02 5.000000e-20 5.000000e-20
1.702000e+02 5.000000e-20 5.000000e-20
1.703000e+02 5.000000e-20 5.000000e-20
1.704000e+02 5.000000e-20 5.000000e-20
1.705000e+02 5.000000e-20 5.000000e-20
1.706000e+02 5.000000e-20 5.000000e-20
1.707000e+02 5.000000e-20 5.000000e-20
1.708000e+02 5.000000e-20 5.000000e-20
1.709000e+02 5.000000e-20 5.000000e-20
1.710000e+02 5.000000e-20 5.000000e-20
1.711000e+02 5.000000e-20 5.000000e-20
1.712000e+02 5.000000e-20 5.000000e-20
1.713000e+02 5.000000e-20 5.000000e-20
1.714000e+02 5.000000e-20 5.000000e-20
1.715000e+02 5.000000e-20 5.000000e-20
1.716000e+02 5.000000e-20 5.000000e-20
1.717000e+02 5.000000e-20 5.000000e-20
1.718000e+02 5.000000e-20 5.000000e-20
1.719000e+02 5.000000e-20 5.000000e-20
1.720000e+02 5.000000e-20 5.000000e-20
1.721000e+02 5.000000e-20 5.000000e-20
1.722000e+02 5.000000e-20 5.000000e-20
1.723000e+02 5.000000e-20 5.000000e-20
1.724000e+02 5.000000e-20 5.000000e-20
1.725000e+02 5.000000e-20 5.000000e-20
1.726000e+02 5.000000e-20 5.000000e-20
1.727000e+02 5.000000e-20 5.000000e-20
1.728000e+02 5.000000e-20 5.000000e-20
1.729000e+02 5.000000e-20 5.000000e-20
1.730000e+02 5.000000e-20 5.000000e-20
1.731000e+02 5.000000e-20 5.000000e-20
1.732000e+02 5.000000e-20 5.000000e-20
1.733000e+02 5.000000e-20 5.000000e-20
1.734000e+02 5.000000e-20 5.000000e-20
1.735000e+02 5.000000e-20 5.000000e-20
1.736000e+02 5.000000e-20 5.000000e-20
1.737000e+02 5.000000e-20 5.000000e-20
1.738000e+02 5.000000e-20 5.000000e-20
1.739000e+02 5.000000e-20 5.000000e-20
1.740000e+02 5.000000e-20 5.000000e-20
1.741000e+02 5.000000e-20 5.000000e-20
1.742000e+02 5.000000e-20 5.000000e-20
1.743000e+02 5.000000e-20 5.000000e-20
1.744000e+02 5.000000e-20 5.000000e-20
1.745000e+02 5.000000e-20 5.000000e-20
1.746000e+02 5.000000e-20 5.000000e-20
1.747000e+02 5.000000e-20 5.000000e-20
1.748000e+02 5.000000e-20 5.000000e-20
1.749000e+02 5.000000e-20 5.000000e-20
1.750000e+02 5.000000e-20 5.000000e-20
1.751000e+02 5.000000e-20 5.000000e-20
1.752000e+02 5.000000e-20 5.000000e-20
1.753000e+02 5.000000e-20 5.000000e-20
1.754000e+02 5.000000e-20 5.000000e-20
1.755000e+02 5.000000e-20 5.000000e-20
1.756000e+02 5.000000e-20 5.000000e-20
1.757000e+02 5.000000e-20 5.000000e-20
1.758000e+02 5.000000e-20 5.000000e-20
1.759000e+02 5.000000e-20 5.000000e-20
1.760000e+02 5.000000e-20 5.000000e-20
1.761000e+02 5.000000e-20 5.000000e-20
1.762000e+02 5.000000e-20 5.000000e-20
1.763000e+02 5.000000e-20 5.000000e-20
1.764000e+02 5.000000e-20 5.000000e-20
1.765000e+02 5.000000e-20 5.000000e-20
1.766000e+02 5.000000e-20 5.000000e-20
1.767000e+02 5.000000e-20 5.000000e-20
1.768000e+02 5.044140e-20 5.044140e-20
1.769000e+02 6.182481e-20 6.182481e-20
1.770000e+02 1.174589e-19 1.174589e-19
1.771000e+02 2.155978e-19 2.155978e-19
1.772000e+02 3.822127e-19 3.822127e-19
1.773000e+02 6.537543e-19 6.537543e-19
1.774000e+02 1.077129e-18 1.077129e-18
1.775000e+02 1.706105e-18 1.706105e-18
1.776000e+02 2.592477e-18 2.592477e-18
1.777000e+02 3.771498e-18 3.771498e-18
1.778000e+02 5.243403e-18 5.243403e-18
1.779000e+02 6.955912e-18 6.955912e-18
1.780000e+02 8.794793e-18 8.794793e-18
1.781000e+02 1.058940e-17 1.058940e-17
1.782000e+02 1.213635e-17 1.213635e-17
1.783000e+02 1.323808e-17 1.323808e-17
1.784000e+02 1.374617e-17 1.374617e-17
1.785000e+02 1.359591e-17 1.359591e-17
1.786000e+02 1.282051e-17 1.282051e-17
1.787000e+02 1.154038e-17 1.154038e-17
1.788000e+02 9.932001e-18 9.932001e-18
1.789000e+02 8.187433e-18 8.187433e-18
1.790000e+02 6.477541e-18 6.477541e-18
1.791000e+02 4.928054e-18 4.928054e-18
1.792000e+02 3.611622e-18 3.611622e-18
1.793000e+02 2.553058e-18 2.553058e-18
1.794000e+02 1.742011e-18 1.742011e-18
1.795000e+02 1.147239e-18 1.147239e-18
1.796000e+02 7.286701e-19 7.286701e-19
1.797000e+02 4.457284e-19 4.457284e-19
1.798000e+02 2.621000e-19 2.621000e-19
1.799000e+02 1.478478e-19 1.478478e-19
1.800000e+02 8.067167e-20 8.067167e-20
1.801000e+02 5.000000e-20 5.000000e-20
1.802000e+02 5.000000e-20 5.000000e-20
1.803000e+02 5.000000e-20 5.000000e-20
1.804000e+02 5.000000e-20 5.000000e-20
1.805000e+02 5.000000e-20 5.000000e-20
1.806000e+02 5.000000e-20 5.000000e-20
1.807000e+02 5.000000e-20 5.000000e-20
1.808000e+02 5.000000e-20 5.000000e-20
1.809000e+02 5.000000e-20 5.000000e-20
1.810000e+02 5.000000e-20 5.000000e-20
1.811000e+02 5.000000e-20 5.000000e-20
1.812000e+02 5.000000e-20 5.000000e-20
1.813000e+02 5.000000e-20 5.000000e-20
1.814000e+02 5.000000e-20 5.000000e-20
1.815000e+02 5.000000e-20 5.000000e-20
1.816000e+02 5.000000e-20 5.000000e-20
1.817000e+02 5.000000e-20 5.000000e-20
1.818000e+02 5.000000e-20 5.000000e-20
1.819000e+02 5.000000e-20 5.000000e-20
1.820000e+02 5.000000e-20 5.000000e-20
1.821000e+02 5.000000e-20 5.000000e-20
1.822000e+02 5.000000e-20 5.000000e-20
1.823000e+02 5.000000e-20 5.000000e-20
1.824000e+02 5.000000e-20 5.000000e-20
1.825000e+02 5.000000e-20 5.000000e-20
1.826000e+02 5.000000e-20 5.000000e-20
1.827000e+02 5.000000e-20 5.000000e-20
1.828000e+02 5.000000e-20 5.000000e-20
1.829000e+02 5.000000e-20 5.000000e-20
1.830000e+02 5.000000e-20 5.000000e-20
1.831000e+02 5.000000e-20 5.000000e-20
1.832000e+02 5.000000e-20 5.000000e-20
1.833000e+02 5.000000e-20 5.000000e-20
1.834000e+02 5.000000e-20 5.000000e-20
1.835000e+02 5.000000e-20 5.000000e-20
1.836000e+02 5.000000e-20 5.000000e-20
1.837000e+02 5.000000e-20 5.000000e-20
1.838000e+02 5.000000e-20 5.000000e-20
1.839000e+02 5.000000e-20 5.000000e-20
1.840000e+02 5.000000e-20 5.000000e-20
1.841000e+02 5.000000e-20 5.000000e-20
1.842000e+02 5.000000e-20 5.000000e-20
1.843000e+02 5.000000e-20 5.000000e-20
1.844000e+02 6.214820e-20 6.214820e-20
1.845000e+02 1.144946e-19 1.144946e-19
1.846000e+02 2.056295e-19 2.056295e-19
1.847000e+02 3.494516e-19 3.494516e-19
1.848000e+02 5.619470e-19 5.619470e-19
1.849000e+02 8.550983e-19 8.550983e-19
1.850000e+02 1.231276e-18 1.231276e-18
1.851000e+02 1.677722e-18 1.677722e-18
1.852000e+02 2.163302e-18 2.163302e-18
1.853000e+02 2.639702e-18 2.639702e-18
1.854000e+02 3.048188e-18 3.048188e-18
1.855000e+02 3.331096e-18 3.331096e-18
1.856000e+02 3.445096e-18 3.445096e-18
1.857000e+02 3.372064e-18 3.372064e-18
1.858000e+02 3.123798e-18 3.123798e-18
1.859000e+02 2.738902e-18 2.738902e-18
1.860000e+02 2.272959e-18 2.272959e-18
1.861000e+02 1.785440e-18 1.785440e-18
1.862000e+02 1.327565e-18 1.327565e-18
1.863000e+02 9.344250e-19 9.344250e-19
1.864000e+02 6.226358e-19 6.226358e-19
1.865000e+02 3.927810e-19 3.927810e-19
1.866000e+02 2.345971e-19 2.345971e-19
1.867000e+02 1.326730e-19 1.326730e-19
1.868000e+02 7.105037e-20 7.105037e-20
1.869000e+02 5.152752e-20 5.152752e-20
1.870000e+02 5.000000e-20 5.000000e-20
1.871000e+02 5.000000e-20 5.000000e-20
1.872000e+02 5.000000e-20 5.000000e-20
1.873000e+02 5.000000e-20 5.000000e-20
1.874000e+02 5.000000e-20 5.000000e-20
1.875000e+02 5.000000e-20 5.000000e-20
1.876000e+02 5.000000e-20 5.000000e-20
1.877000e+02 5.000000e-20 5.000000e-20
1.878000e+02 5.000000e-20 5.000000e-20
1.879000e+02 5.000000e-20 5.000000e-20
1.880000e+02 5.000000e-20 5.000000e-20
1.881000e+02 5.000000e-20 5.000000e-20
1.882000e+02 5.000000e-20 5.000000e-20
1.883000e+02 5.000000e-20 5.000000e-20
1.884000e+02 5.000000e-20 5.000000e-20
1.885000e+02 5.000000e-20 5.000000e-20
1.886000e+02 5.000000e-20 5.000000e-20
1.887000e+02 5.000000e-20 5.000000e-20
1.888000e+02 5.000000e-20 5.000000e-20
1.889000e+02 5.000000e-20 5.000000e-20
1.890000e+02 5.000000e-20 5.000000e-20
1.891000e+02 5.000000e-20 5.000000e-20
1.892000e+02 5.000000e-20 5.000000e-20
1.893000e+02 5.000000e-20 5.000000e-20
1.894000e+02 5.000000e-20 5.000000e-20
1.895000e+02 5.000000e-20 5.000000e-20
1.896000e+02 5.000000e-20 5.000000e-20
1.897000e+02 5.000000e-20 5.000000e-20
1.898000e+02 5.000000e-20 5.000000e-20
1.899000e+02 5.000000e-20 5.000000e-20
1.900000e+02 5.000000e-20 5.000000e-20
1.901000e+02 5.000000e-20 5.000000e-20
1.902000e+02 5.000000e-20 5.000000e-20
1.903000e+02 5.000000e-20 5.000000e-20
1.904000e+02 5.000000e-20 5.000000e-20
1.905000e+02 5.000000e-20 5.000000e-20
1.906000e+02 5.000000e-20 5.000000e-20
1.907000e+02 5.000000e-20 5.000000e-20
1.908000e+02 5.000000e-20 5.000000e-20
1.909000e+02 5.000000e-20 5.000000e-20
1.910000e+02 5.000000e-20 5.000000e-20
1.911000e+02 5.000000e-20 5.000000e-20
1.912000e+02 5.000000e-20 5.000000e-20
1.913000e+02 5.000000e-20 5.000000e-20
1.914000e+02 5.000000e-20 5.000000e-20
1.915000e+02 5.000000e-20 5.000000e-20
1.916000e+02 5.000000e-20 5.000000e-20
1.917000e+02 5.000000e-20 5.000000e-20
1.918000e+02 5.000000e-20 5.000000e-20
1.919000e+02 5.000000e-20 5.000000e-20
1.920000e+02 5.000000e-20 5.000000e-20
1.921000e+02 5.000000e-20 5.000000e-20
1.922000e+02 5.000000e-20 5.000000e-20
1.923000e+02 5.000000e-20 5.000000e-20
1.924000e+02 5.000000e-20 5.000000e-20
1.925000e+02 5.000000e-20 5.000000e-20
1.926000e+02 5.000000e-20 5.000000e-20
1.927000e+02 5.000000e-20 5.000000e-20
1.928000e+02 5.000000e-20 5.000000e-20
1.929000e+02 5.000000e-20 5.000000e-20
1.930000e+02 5.000000e-20 5.000000e-20
1.931000e+02 5.000000e-20 5.000000e-20
1.932000e+02 5.000000e-20 5.000000e-20
1.933000e+02 5.000000e-20 5.000000e-20
1.934000e+02 5.000000e-20 5.000000e-20
1.935000e+02 5.000000e-20 5.000000e-20
1.936000e+02 5.000000e-20 5.000000e-20
1.937000e+02 5.000000e-20 5.000000e-20
1.938000e+02 5.000000e-20 5.000000e-20
1.939000e+02 5.000000e-20 5.000000e-20
1.940000e+02 5.000000e-20 5.000000e-20
1.941000e+02 5.000000e-20 5.000000e-20
1.942000e+02 5.000000e-20 5.000000e-20
1.943000e+02 5.000000e-20 5.000000e-20
1.944000e+02 5.000000e-20 5.000000e-20
1.945000e+02 5.000000e-20 5.000000e-20
1.946000e+02 5.000000e-20 5.000000e-20
1.947000e+02 5.000000e-20 5.000000e-20
1.948000e+02 5.000000e-20 5.000000e-20
1.949000e+02 5.000000e-20 5.000000e-20
1.950000e+02 5.000000e-20 5.000000e-20
1.951000e+02 5.000000e-20 5.000000e-20
1.952000e+02 5.000000e-20 5.000000e-20
1.953000e+02 5.975342e-20 5.975342e-20
1.954000e+02 1.505789e-19 1.505789e-19
1.955000e+02 3.768104e-19 3.768104e-19
1.956000e+02 8.921829e-19 8.921829e-19
1.957000e+02 1.998756e-18 1.998756e-18
1.958000e+02 4.236855e-18 4.236855e-18
1.959000e+02 8.497836e-18 8.497836e-18
1.960000e+02 1.612714e-17 1.612714e-17
1.961000e+02 2.895968e-17 2.895968e-17
1.962000e+02 4.920638e-17 4.920638e-17
1.963000e+02 7.911226e-17 7.911226e-17
1.964000e+02 1.203552e-16 1.203552e-16
1.965000e+02 1.732560e-16 1.732560e-16
1.966000e+02 2.360036e-16 2.360036e-16
1.967000e+02 3.042006e-16 3.042006e-16
1.968000e+02 3.710368e-16 3.710368e-16
1.969000e+02 4.282467e-16 4.282467e-16
1.970000e+02 4.677310e-16 4.677310e-16
1.971000e+02 4.834241e-16 4.834241e-16
1.972000e+02 4.728197e-16 4.728197e-16
1.973000e+02 4.376262e-16 4.376262e-16
1.974000e+02 3.833161e-16 3.833161e-16
1.975000e+02 3.177331e-16 3.177331e-16
1.976000e+02 2.492443e-16 2.492443e-16
1.977000e+02 1.850341e-16 1.850341e-16
1.978000e+02 1.300013e-16 1.300013e-16
1.979000e+02 8.644096e-17 8.644096e-17
1.980000e+02 5.439686e-17 5.439686e-17
1.981000e+02 3.239791e-17 3.239791e-17
1.982000e+02 1.826231e-17 1.826231e-17
1.983000e+02 9.743095e-18 9.743095e-18
1.984000e+02 4.919800e-18 4.919800e-18
1.985000e+02 2.351333e-18 2.351333e-18
1.986000e+02 1.063663e-18 1.063663e-18
1.987000e+02 4.554331e-19 4.554331e-19
1.988000e+02 1.845791e-19 1.845791e-19
1.989000e+02 7.080844e-20 7.080844e-20
1.990000e+02 5.108371e-20 5.108371e-20
1.991000e+02 5.000000e-20 5.000000e-20
1.992000e+02 5.000000e-20 5.000000e-20
1.993000e+02 5.000000e-20 5.000000e-20
1.994000e+02 5.000000e-20 5.000000e-20
1.995000e+02 5.000000e-20 5.000000e-20
1.996000e+02 5.000000e-20 5.000000e-20
1.997000e+02 5.000000e-20 5.000000e-20
1.998000e+02 5.000000e-20 5.000000e-20
1.999000e+02 5.000000e-20 5.000000e-20
2.000000e+02 5.000000e-20 5.000000e-20
2.001000e+02 5.000000e-20 5.000000e-20
2.002000e+02 5.000000e-20 5.000000e-20
2.003000e+02 5.000000e-20 5.000000e-20
2.004000e+02 5.000000e-20 5.000000e-20
2.005000e+02 5.000000e-20 5.000000e-20
2.006000e+02 5.000000e-20 5.000000e-20
2.007000e+02 5.000000e-20 5.000000e-20
2.008000e+02 5.000000e-20 5.000000e-20
2.009000e+02 5.000000e-20 5.000000e-20
2.010000e+02 5.000000e-20 5.000000e-20
2.011000e+02 5.000000e-20 5.000000e-20
2.012000e+02 5.000000e-20 5.000000e-20
2.013000e+02 5.000000e-20 5.000000e-20
2.014000e+02 5.000000e-20 5.000000e-20
2.015000e+02 5.000000e-20 5.000000e-20
2.016000e+02 5.000000e-20 5.000000e-20
2.017000e+02 5.000000e-20 5.000000e-20
2.018000e+02 5.000000e-20 5.000000e-20
2.019000e+02 5.000000e-20 5.000000e-20
2.020000e+02 5.000000e-20 5.000000e-20
2.021000e+02 5.000000e-20 5.000000e-20
2.022000e+02 5.000000e-20 5.000000e-20
2.023000e+02 5.000000e-20 5.000000e-20
2.024000e+02 5.000000e-20 5.000000e-20
2.025000e+02 5.000000e-20 5.000000e-20
2.026000e+02 5.000000e-20 5.000000e-20
2.027000e+02 5.000000e-20 5.000000e-20
2.028000e+02 7.481411e-20 7.481411e-20
2.029000e+02 1.322240e-19 1.322240e-19
2.030000e+02 2.254848e-19 2.254848e-19
2.031000e+02 3.639077e-19 3.639077e-19
2.032000e+02 5.558261e-19 5.558261e-19
2.033000e+02 8.034641e-19 8.034641e-19
2.034000e+02 1.099209e-18 1.099209e-18
2.035000e+02 1.423271e-18 1.423271e-18
2.036000e+02 1.744193e-18 1.744193e-18
2.037000e+02 2.023056e-18 2.023056e-18
2.038000e+02 2.220932e-18 2.220932e-18
2.039000e+02 2.307720e-18 2.307720e-18
2.040000e+02 2.269649e-18 2.269649e-18
2.041000e+02 2.112852e-18 2.112852e-18
2.042000e+02 1.861750e-18 1.861750e-18
2.043000e+02 1.552826e-18 1.552826e-18
2.044000e+02 1.225971e-18 1.225971e-18
2.045000e+02 9.162228e-19 9.162228e-19
2.046000e+02 6.481746e-19 6.481746e-19
2.047000e+02 4.340701e-19 4.340701e-19
2.048000e+02 2.751766e-19 2.751766e-19
2.049000e+02 1.651404e-19 1.651404e-19
2.050000e+02 9.381925e-20 9.381925e-20
2.051000e+02 5.620353e-20 5.620353e-20
2.052000e+02 5.000000e-20 5.000000e-20
2.053000e+02 5.000000e-20 5.000000e-20
2.054000e+02 5.000000e-20 5.000000e-20
2.055000e+02 5.000000e-20 5.000000e-20
2.056000e+02 5.000000e-20 5.000000e-20
2.057000e+02 5.000000e-20 5.000000e-20
2.058000e+02 5.000000e-20 5.000000e-20
2.059000e+02 5.000000e-20 5.000000e-20
2.060000e+02 5.000000e-20 5.000000e-20
2.061000e+02 5.000000e-20 5.000000e-20
2.062000e+02 5.000000e-20 5.000000e-20
2.063000e+02 5.000000e-20 5.000000e-20
2.064000e+02 6.977808e-20 6.977808e-20
2.065000e+02 1.318779e-19 1.318779e-19
2.066000e+02 2.456314e-19 2.456314e-19
2.067000e+02 4.329654e-19 4.329654e-19
2.068000e+02 7.222477e-19 7.222477e-19
2.069000e+02 1.140221e-18 1.140221e-18
2.070000e+02 1.703600e-18 1.703600e-18
2.071000e+02 2.408957e-18 2.408957e-18
2.072000e+02 3.223885e-18 3.223885e-18
2.073000e+02 4.083435e-18 4.083435e-18
2.074000e+02 4.895245e-18 4.895245e-18
2.075000e+02 5.554342e-18 5.554342e-18
2.076000e+02 5.964956e-18 5.964956e-18
2.077000e+02 6.063248e-18 6.063248e-18
2.078000e+02 5.833564e-18 5.833564e-18
2.079000e+02 5.312517e-18 5.312517e-18
2.080000e+02 4.579430e-18 4.579430e-18
2.081000e+02 3.736582e-18 3.736582e-18
2.082000e+02 2.886002e-18 2.886002e-18
2.083000e+02 2.110014e-18 2.110014e-18
2.084000e+02 1.460325e-18 1.460325e-18
2.085000e+02 9.567677e-19 9.567677e-19
2.086000e+02 5.934856e-19 5.934856e-19
2.087000e+02 3.487323e-19 3.487323e-19
2.088000e+02 1.945878e-19 1.945878e-19
2.089000e+02 1.042769e-19 1.042769e-19
2.090000e+02 5.771158e-20 5.771158e-20
2.091000e+02 5.000000e-20 5.000000e-20
2.092000e+02 5.000000e-20 5.000000e-20
2.093000e+02 5.934102e-20 5.934102e-20
2.094000e+02 1.004985e-19 1.004985e-19
2.095000e+02 1.765729e-19 1.765729e-19
2.096000e+02 2.969041e-19 2.969041e-19
2.097000e+02 4.736108e-19 4.736108e-19
2.098000e+02 7.153597e-19 7.153597e-19
2.099000e+02 1.022718e-18 1.022718e-18
2.100000e+02 1.383838e-18 1.383838e-18
2.101000e+02 1.772194e-18 1.772194e-18
2.102000e+02 2.148022e-18 2.148022e-18
2.103000e+02 2.464192e-18 2.464192e-18
2.104000e+02 2.675625e-18 2.675625e-18
2.105000e+02 2.749781e-18 2.749781e-18
2.106000e+02 2.674854e-18 2.674854e-18
2.107000e+02 2.462852e-18 2.462852e-18
2.108000e+02 2.146446e-18 2.146446e-18
2.109000e+02 1.770728e-18 1.770728e-18
2.110000e+02 1.382743e-18 1.382743e-18
2.111000e+02 1.022106e-18 1.022106e-18
2.112000e+02 7.151902e-19 7.151902e-19
2.113000e+02 4.737243e-19 4.737243e-19
2.114000e+02 2.970399e-19 2.970399e-19
2.115000e+02 1.763175e-19 1.763175e-19
2.116000e+02 9.907729e-20 9.907729e-20
2.117000e+02 5.705285e-20 5.705285e-20
2.118000e+02 5.000000e-20 5.000000e-20
2.119000e+02 5.000000e-20 5.000000e-20
2.120000e+02 5.000000e-20 5.000000e-20
2.121000e+02 5.000000e-20 5.000000e-20
2.122000e+02 5.000000e-20 5.000000e-20
2.123000e+02 5.000000e-20 5.000000e-20
2.124000e+02 5.000000e-20 5.000000e-20
2.125000e+02 5.000000e-20 5.000000e-20
2.126000e+02 5.000000e-20 5.000000e-20
2.127000e+02 5.000000e-20 5.000000e-20
2.128000e+02 5.000000e-20 5.000000e-20
2.129000e+02 5.000000e-20 5.000000e-20
2.130000e+02 5.000000e-20 5.000000e-20
2.131000e+02 5.000000e-20 5.000000e-20
2.132000e+02 5.000000e-20 5.000000e-20
2.133000e+02 5.000000e-20 5.000000e-20
2.134000e+02 5.000000e-20 5.000000e-20
2.135000e+02 5.000000e-20 5.000000e-20
2.136000e+02 5.000000e-20 5.000000e-20
2.137000e+02 5.000000e-20 5.000000e-20
2.138000e+02 5.000000e-20 5.000000e-20
2.139000e+02 5.000000e-20 5.000000e-20
2.140000e+02 5.000000e-20 5.000000e-20
2.141000e+02 5.000000e-20 5.000000e-20
2.142000e+02 5.000000e-20 5.000000e-20
2.143000e+02 5.000000e-20 5.000000e-20
2.144000e+02 5.000000e-20 5.000000e-20
2.145000e+02 5.000000e-20 5.000000e-20
2.146000e+02 5.000000e-20 5.000000e-20
2.147000e+02 5.000000e-20 5.000000e-20
2.148000e+02 5.000000e-20 5.000000e-20
2.149000e+02 5.000000e-20 5.000000e-20
2.150000e+02 5.000000e-20 5.000000e-20
2.151000e+02 5.000000e-20 5.000000e-20
2.152000e+02 5.000000e-20 5.000000e-20
2.153000e+02 5.000000e-20 5.000000e-20
2.154000e+02 5.000000e-20 5.000000e-20
2.155000e+02 5.000000e-20 5.000000e-20
2.156000e+02 5.000000e-20 5.000000e-20
2.157000e+02 5.000000e-20 5.000000e-20
2.158000e+02 5.000000e-20 5.000000e-20
2.159000e+02 5.000000e-20 5.000000e-20
2.160000e+02 5.000000e-20 5.000000e-20
2.161000e+02 5.000000e-20 5.000000e-20
2.162000e+02 5.000000e-20 5.000000e-20
2.163000e+02 5.000000e-20 5.000000e-20
2.164000e+02 5.000000e-20 5.000000e-20
2.165000e+02 5.000000e-20 5.000000e-20
2.166000e+02 5.000000e-20 5.000000e-20
2.167000e+02 5.000000e-20 5.000000e-20
2.168000e+02 5.000000e-20 5.000000e-20
2.169000e+02 5.000000e-20 5.000000e-20
2.170000e+02 5.000000e-20 5.000000e-20
2.171000e+02 5.000000e-20 5.000000e-20
2.172000e+02 5.000000e-20 5.000000e-20
2.173000e+02 5.000000e-20 5.000000e-20
2.174000e+02 5.000000e-20 5.000000e-20
2.175000e+02 5.000000e-20 5.000000e-20
2.176000e+02 5.000000e-20 5.000000e-20
2.177000e+02 5.000000e-20 5.000000e-20
2.178000e+02 5.923751e-20 5.923751e-20
2.179000e+02 9.901881e-20 9.901881e-20
2.180000e+02 1.807431e-19 1.807431e-19
2.181000e+02 3.123420e-19 3.123420e-19
2.182000e+02 5.110087e-19 5.110087e-19
2.183000e+02 7.915162e-19 7.915162e-19
2.184000e+02 1.160723e-18 1.160723e-18
2.185000e+02 1.611530e-18 1.611530e-18
2.186000e+02 2.118321e-18 2.118321e-18
2.187000e+02 2.636280e-18 2.636280e-18
2.188000e+02 3.106273e-18 3.106273e-18
2.189000e+02 3.465273e-18 3.465273e-18
2.190000e+02 3.660044e-18 3.660044e-18
2.191000e+02 3.660049e-18 3.660049e-18
2.192000e+02 3.465294e-18 3.465294e-18
2.193000e+02 3.106329e-18 3.106329e-18
2.194000e+02 2.636421e-18 2.636421e-18
2.195000e+02 2.118653e-18 2.118653e-18
2.196000e+02 1.612268e-18 1.612268e-18
2.197000e+02 1.162278e-18 1.162278e-18
2.198000e+02 7.946134e-19 7.946134e-19
2.199000e+02 5.168510e-19 5.168510e-19
2.200000e+02 3.227752e-19 3.227752e-19
2.201000e+02 1.983822e-19 1.983822e-19
2.202000e+02 1.272525e-19 1.272525e-19
2.203000e+02 9.414140e-20 9.414140e-20
2.204000e+02 8.660078e-20 8.660078e-20
2.205000e+02 9.510200e-20 9.510200e-20
2.206000e+02 1.123880e-19 1.123880e-19
2.207000e+02 1.327102e-19 1.327102e-19
2.208000e+02 1.513565e-19 1.513565e-19
2.209000e+02 1.645874e-19 1.645874e-19
2.210000e+02 1.698619e-19 1.698619e-19
2.211000e+02 1.661149e-19 1.661149e-19
2.212000e+02 1.538494e-19 1.538494e-19
2.213000e+02 1.349199e-19 1.349199e-19
2.214000e+02 1.120263e-19 1.120263e-19
2.215000e+02 8.806770e-20 8.806770e-20
2.216000e+02 6.554811e-20 6.554811e-20
2.217000e+02 5.246008e-20 5.246008e-20
2.218000e+02 5.000000e-20 5.000000e-20
2.219000e+02 5.000000e-20 5.000000e-20
2.220000e+02 5.000000e-20 5.000000e-20
2.221000e+02 5.000000e-20 5.000000e-20
2.222000e+02 5.000000e-20 5.000000e-20
2.223000e+02 5.000000e-20 5.000000e-20
2.224000e+02 5.000000e-20 5.000000e-20
2.225000e+02 5.000000e-20 5.000000e-20
2.226000e+02 5.000000e-20 5.000000e-20
2.227000e+02 5.000000e-20 5.000000e-20
2.228000e+02 5.000000e-20 5.000000e-20
2.229000e+02 5.000000e-20 5.000000e-20
2.230000e+02 5.000000e-20 5.000000e-20
2.231000e+02 5.000000e-20 5.000000e-20
2.232000e+02 5.000000e-20 5.000000e-20
2.233000e+02 5.000000e-20 5.000000e-20
2.234000e+02 5.000000e-20 5.000000e-20
2.235000e+02 5.000000e-20 5.000000e-20
2.236000e+02 5.000000e-20 5.000000e-20
2.237000e+02 5.000000e-20 5.000000e-20
2.238000e+02 5.000000e-20 5.000000e-20
2.239000e+02 5.000000e-20 5.000000e-20
2.240000e+02 5.000000e-20 5.000000e-20
2.241000e+02 5.000000e-20 5.000000e-20
2.242000e+02 5.000000e-20 5.000000e-20
2.243000e+02 5.000000e-20 5.000000e-20
2.244000e+02 5.000000e-20 5.000000e-20
2.245000e+02 5.000000e-20 5.000000e-20
2.246000e+02 5.000000e-20 5.000000e-20
2.247000e+02 5.000000e-20 5.000000e-20
2.248000e+02 5.000000e-20 5.000000e-20
2.249000e+02 5.000000e-20 5.000000e-20
2.250000e+02 5.000000e-20 5.000000e-20
2.251000e+02 5.000000e-20 5.000000e-20
2.252000e+02 5.000000e-20 5.000000e-20
2.253000e+02 5.000000e-20 5.000000e-20
2.254000e+02 5.000000e-20 5.000000e-20
2.255000e+02 5.000000e-20 5.000000e-20
2.256000e+02 5.000000e-20 5.000000e-20
2.257000e+02 5.000000e-20 5.000000e-20
2.258000e+02 5.000000e-20 5.000000e-20
2.259000e+02 5.000000e-20 5.000000e-20
2.260000e+02 5.000000e-20 5.000000e-20
2.261000e+02 5.000000e-20 5.000000e-20
2.262000e+02 5.000000e-20 5.000000e-20
2.263000e+02 5.000000e-20 5.000000e-20
2.264000e+02 5.000000e-20 5.000000e-20
2.265000e+02 5.000000e-20 5.000000e-20
2.266000e+02 5.000000e-20 5.000000e-20
2.267000e+02 5.000000e-20 5.000000e-20
2.268000e+02 5.000000e-20 5.000000e-20
2.269000e+02 5.000000e-20 5.000000e-20
2.270000e+02 5.000000e-20 5.000000e-20
2.271000e+02 5.000000e-20 5.000000e-20
2.272000e+02 5.000000e-20 5.000000e-20
2.273000e+02 5.000000e-20 5.000000e-20
2.274000e+02 5.000000e-20 5.000000e-20
2.275000e+02 5.000000e-20 5.000000e-20
2.276000e+02 5.000000e-20 5.000000e-20
2.277000e+02 5.000000e-20 5.000000e-20
2.278000e+02 5.000000e-20 5.000000e-20
2.279000e+02 5.000000e-20 5.000000e-20
2.280000e+02 5.000000e-20 5.000000e-20
2.281000e+02 5.000000e-20 5.000000e-20
2.282000e+02 5.000000e-20 5.000000e-20
2.283000e+02 5.000000e-20 5.000000e-20
2.284000e+02 5.000000e-20 5.000000e-20
2.285000e+02 5.000000e-20 5.000000e-20
2.286000e+02 5.000000e-20 5.000000e-20
2.287000e+02 5.000000e-20 5.000000e-20
2.288000e+02 5.000000e-20 5.000000e-20
2.289000e+02 5.000000e-20 5.000000e-20
2.290000e+02 5.000000e-20 5.000000e-20
2.291000e+02 5.000000e-20 5.000000e-20
2.292000e+02 5.000000e-20 5.000000e-20
2.293000e+02 5.000000e-20 5.000000e-20
2.294000e+02 5.000000e-20 5.000000e-20
2.295000e+02 5.000000e-20 5.000000e-20
2.296000e+02 5.000000e-20 5.000000e-20
2.297000e+02 5.000000e-20 5.000000e-20
2.298000e+02 5.000000e-20 5.000000e-20
2.299000e+02 5.000000e-20 5.000000e-20
2.300000e+02 5.000000e-20 5.000000e-20
2.301000e+02 5.000000e-20 5.000000e-20
2.302000e+02 5.000000e-20 5.000000e-20
2.303000e+02 5.000000e-20 5.000000e-20
2.304000e+02 5.000000e-20 5.000000e-20
2.305000e+02 5.000000e-20 5.000000e-20
2.306000e+02 5.000000e-20 5.000000e-20
2.307000e+02 5.000000e-20 5.000000e-20
2.308000e+02 5.000000e-20 5.000000e-20
2.309000e+02 5.000000e-20 5.000000e-20
2.310000e+02 5.000000e-20 5.000000e-20
2.311000e+02 5.000000e-20 5.000000e-20
2.312000e+02 5.000000e-20 5.000000e-20
2.313000e+02 5.000000e-20 5.000000e-20
2.314000e+02 5.000000e-20 5.000000e-20
2.315000e+02 5.000000e-20 5.000000e-20
2.316000e+02 5.000000e-20 5.000000e-20
2.317000e+02 5.000000e-20 5.000000e-20
2.318000e+02 5.000000e-20 5.000000e-20
2.319000e+02 5.000000e-20 5.000000e-20
2.320000e+02 5.000000e-20 5.000000e-20
2.321000e+02 5.000000e-20 5.000000e-20
2.322000e+02 5.000000e-20 5.000000e-20
2.323000e+02 5.000000e-20 5.000000e-20
2.324000e+02 5.000000e-20 5.000000e-20
2.325000e+02 5.000000e-20 5.000000e-20
2.326000e+02 5.000000e-20 5.000000e-20
2.327000e+02 5.000000e-20 5.000000e-20
2.328000e+02 5.000000e-20 5.000000e-20
2.329000e+02 5.000000e-20 5.000000e-20
2.330000e+02 5.000000e-20 5.000000e-20
2.331000e+02 5.000000e-20 5.000000e-20
2.332000e+02 5.000000e-20 5.000000e-20
2.333000e+02 5.000000e-20 5.000000e-20
2.334000e+02 5.000000e-20 5.000000e-20
2.335000e+02 5.000000e-20 5.000000e-20
2.336000e+02 5.000000e-20 5.000000e-20
2.337000e+02 5.000000e-20 5.000000e-20
2.338000e+02 5.000000e-20 5.000000e-20
2.339000e+02 5.000000e-20 5.000000e-20
2.340000e+02 5.000000e-20 5.000000e-20
2.341000e+02 5.000000e-20 5.000000e-20
2.342000e+02 5.000000e-20 5.000000e-20
2.343000e+02 5.000000e-20 5.000000e-20
2.344000e+02 5.000000e-20 5.000000e-20
2.345000e+02 5.000000e-20 5.000000e-20
2.346000e+02 5.000000e-20 5.000000e-20
2.347000e+02 5.000000e-20 5.000000e-20
2.348000e+02 5.000000e-20 5.000000e-20
2.349000e+02 5.000000e-20 5.000000e-20
2.350000e+02 5.000000e-20 5.000000e-20
2.351000e+02 5.000000e-20 5.000000e-20
2.352000e+02 5.000000e-20 5.000000e-20
2.353000e+02 5.000000e-20 5.000000e-20
2.354000e+02 5.000000e-20 5.000000e-20
2.355000e+02 5.000000e-20 5.000000e-20
2.356000e+02 5.000000e-20 5.000000e-20
2.357000e+02 5.000000e-20 5.000000e-20
2.358000e+02 5.000000e-20 5.000000e-20
2.359000e+02 5.000000e-20 5.000000e-20
2.360000e+02 5.000000e-20 5.000000e-20
2.361000e+02 5.000000e-20 5.000000e-20
2.362000e+02 5.000000e-20 5.000000e-20
2.363000e+02 5.000000e-20 5.000000e-20
2.364000e+02 5.000000e-20 5.000000e-20
2.365000e+02 5.000000e-20 5.000000e-20
2.366000e+02 5.000000e-20 5.000000e-20
2.367000e+02 5.000000e-20 5.000000e-20
2.368000e+02 5.000000e-20 5.000000e-20
2.369000e+02 5.000000e-20 5.000000e-20
2.370000e+02 5.000000e-20 5.000000e-20
2.371000e+02 5.000000e-20 5.000000e-20
2.372000e+02 5.000000e-20 5.000000e-20
2.373000e+02 5.000000e-20 5.000000e-20
2.374000e+02 5.000000e-20 5.000000e-20
2.375000e+02 5.000000e-20 5.000000e-20
2.376000e+02 5.000000e-20 5.000000e-20
2.377000e+02 5.000000e-20 5.000000e-20
2.378000e+02 5.000000e-20 5.000000e-20
2.379000e+02 5.000000e-20 5.000000e-20
2.380000e+02 5.000000e-20 5.000000e-20
2.381000e+02 5.000000e-20 5.000000e-20
2.382000e+02 5.000000e-20 5.000000e-20
2.383000e+02 5.000000e-20 5.000000e-20
2.384000e+02 5.000000e-20 5.000000e-20
2.385000e+02 5.000000e-20 5.000000e-20
2.386000e+02 5.000000e-20 5.000000e-20
2.387000e+02 5.000000e-20 5.000000e-20
2.388000e+02 5.000000e-20 5.000000e-20
2.389000e+02 5.000000e-20 5.000000e-20
2.390000e+02 5.000000e-20 5.000000e-20
2.391000e+02 5.000000e-20 5.000000e-20
2.392000e+02 5.000000e-20 5.000000e-20
2.393000e+02 5.000000e-20 5.000000e-20
2.394000e+02 5.000000e-20 5.000000e-20
2.395000e+02 5.000000e-20 5.000000e-20
2.396000e+02 5.000000e-20 5.000000e-20
2.397000e+02 5.000000e-20 5.000000e-20
2.398000e+02 5.000000e-20 5.000000e-20
2.399000e+02 5.000000e-20 5.000000e-20
2.400000e+02 5.000000e-20 5.000000e-20
2.401000e+02 5.000000e-20 5.000000e-20
2.402000e+02 5.000000e-20 5.000000e-20
2.403000e+02 5.000000e-20 5.000000e-20
2.404000e+02 5.000000e-20 5.000000e-20
2.405000e+02 5.000000e-20 5.000000e-20
2.406000e+02 5.000000e-20 5.000000e-20
2.407000e+02 5.000000e-20 5.000000e-20
2.408000e+02 5.000000e-20 5.000000e-20
2.409000e+02 5.000000e-20 5.000000e-20
2.410000e+02 5.000000e-20 5.000000e-20
2.411000e+02 5.000000e-20 5.000000e-20
2.412000e+02 5.000000e-20 5.000000e-20
2.413000e+02 5.000000e-20 5.000000e-20
2.414000e+02 5.000000e-20 5.000000e-20
2.415000e+02 5.000000e-20 5.000000e-20
2.416000e+02 5.000000e-20 5.000000e-20
2.417000e+02 5.000000e-20 5.000000e-20
2.418000e+02 5.000000e-20 5.000000e-20
2.419000e+02 5.000000e-20 5.000000e-20
2.420000e+02 5.000000e-20 5.000000e-20
2.421000e+02 5.000000e-20 5.000000e-20
2.422000e+02 5.000000e-20 5.000000e-20
2.423000e+02 5.000000e-20 5.000000e-20
2.424000e+02 5.000000e-20 5.000000e-20
2.425000e+02 5.000000e-20 5.000000e-20
2.426000e+02 5.000000e-20 5.000000e-20
2.427000e+02 5.000000e-20 5.000000e-20
2.428000e+02 5.000000e-20 5.000000e-20
2.429000e+02 5.000000e-20 5.000000e-20
2.430000e+02 5.000000e-20 5.000000e-20
2.431000e+02 5.000000e-20 5.000000e-20
2.432000e+02 5.000000e-20 5.000000e-20
2.433000e+02 5.000000e-20 5.000000e-20
2.434000e+02 5.000000e-20 5.000000e-20
2.435000e+02 5.000000e-20 5.000000e-20
2.436000e+02 5.000000e-20 5.000000e-20
2.437000e+02 5.000000e-20 5.000000e-20
2.438000e+02 5.000000e-20 5.000000e-20
2.439000e+02 5.000000e-20 5.000000e-20
2.440000e+02 5.000000e-20 5.000000e-20
2.441000e+02 5.000000e-20 5.000000e-20
2.442000e+02 5.000000e-20 5.000000e-20
2.443000e+02 5.000000e-20 5.000000e-20
2.444000e+02 5.000000e-20 5.000000e-20
2.445000e+02 5.000000e-20 5.000000e-20
2.446000e+02 5.000000e-20 5.000000e-20
2.447000e+02 5.000000e-20 5.000000e-20
2.448000e+02 5.000000e-20 5.000000e-20
2.449000e+02 5.000000e-20 5.000000e-20
2.450000e+02 5.000000e-20 5.000000e-20
2.451000e+02 5.000000e-20 5.000000e-20
2.452000e+02 5.000000e-20 5.000000e-20
2.453000e+02 5.000000e-20 5.000000e-20
2.454000e+02 5.000000e-20 5.000000e-20
2.455000e+02 5.000000e-20 5.000000e-20
2.456000e+02 5.000000e-20 5.000000e-20
2.457000e+02 5.000000e-20 5.000000e-20
2.458000e+02 5.000000e-20 5.000000e-20
2.459000e+02 5.000000e-20 5.000000e-20
2.460000e+02 5.000000e-20 5.000000e-20
2.461000e+02 5.000000e-20 5.000000e-20
2.462000e+02 5.000000e-20 5.000000e-20
2.463000e+02 5.000000e-20 5.000000e-20
2.464000e+02 5.000000e-20 5.000000e-20
2.465000e+02 5.000000e-20 5.000000e-20
2.466000e+02 5.000000e-20 5.000000e-20
2.467000e+02 5.000000e-20 5.000000e-20
2.468000e+02 5.000000e-20 5.000000e-20
2.469000e+02 5.000000e-20 5.000000e-20
2.470000e+02 5.000000e-20 5.000000e-20
2.471000e+02 5.000000e-20 5.000000e-20
2.472000e+02 5.000000e-20 5.000000e-20
2.473000e+02 5.000000e-20 5.000000e-20
2.474000e+02 5.000000e-20 5.000000e-20
2.475000e+02 5.000000e-20 5.000000e-20
2.476000e+02 5.000000e-20 5.000000e-20
2.477000e+02 5.000000e-20 5.000000e-20
2.478000e+02 5.000000e-20 5.000000e-20
2.479000e+02 5.000000e-20 5.000000e-20
2.480000e+02 5.000000e-20 5.000000e-20
2.481000e+02 5.000000e-20 5.000000e-20
2.482000e+02 5.000000e-20 5.000000e-20
2.483000e+02 5.000000e-20 5.000000e-20
2.484000e+02 5.000000e-20 5.000000e-20
2.485000e+02 5.000000e-20 5.000000e-20
2.486000e+02 5.000000e-20 5.000000e-20
2.487000e+02 5.000000e-20 5.000000e-20
2.488000e+02 5.000000e-20 5.000000e-20
2.489000e+02 5.000000e-20 5.000000e-20
2.490000e+02 5.000000e-20 5.000000e-20
2.491000e+02 5.000000e-20 5.000000e-20
2.492000e+02 5.000000e-20 5.000000e-20
2.493000e+02 5.000000e-20 5.000000e-20
2.494000e+02 5.000000e-20 5.000000e-20
2.495000e+02 5.000000e-20 5.000000e-20
2.496000e+02 5.000000e-20 5.000000e-20
2.497000e+02 5.000000e-20 5.000000e-20
2.498000e+02 5.000000e-20 5.000000e-20
2.499000e+02 5.000000e-20 5.000000e-20
2.500000e+02 5.000000e-20 5.000000e-20
2.501000e+02 5.000000e-20 5.000000e-20
2.502000e+02 5.000000e-20 5.000000e-20
2.503000e+02 5.000000e-20 5.000000e-20
2.504000e+02 5.000000e-20 5.000000e-20
2.505000e+02 5.000000e-20 5.000000e-20
2.506000e+02 5.000000e-20 5.000000e-20
2.507000e+02 5.000000e-20 5.000000e-20
2.508000e+02 5.000000e-20 5.000000e-20
2.509000e+02 5.000000e-20 5.000000e-20
2.510000e+02 5.000000e-20 5.000000e-20
2.511000e+02 5.000000e-20 5.000000e-20
2.512000e+02 5.000000e-20 5.000000e-20
2.513000e+02 5.000000e-20 5.000000e-20
2.514000e+02 5.000000e-20 5.000000e-20
2.515000e+02 5.000000e-20 5.000000e-20
2.516000e+02 5.000000e-20 5.000000e-20
2.517000e+02 5.000000e-20 5.000000e-20
2.518000e+02 5.000000e-20 5.000000e-20
2.519000e+02 5.000000e-20 5.000000e-20
2.520000e+02 5.000000e-20 5.000000e-20
2.521000e+02 5.000000e-20 5.000000e-20
2.522000e+02 5.000000e-20 5.000000e-20
2.523000e+02 5.000000e-20 5.000000e-20
2.524000e+02 5.000000e-20 5.000000e-20
2.525000e+02 5.000000e-20 5.000000e-20
2.526000e+02 5.000000e-20 5.000000e-20
2.527000e+02 5.000000e-20 5.000000e-20
2.528000e+02 5.000000e-20 5.000000e-20
2.529000e+02 5.000000e-20 5.000000e-20
2.530000e+02 5.000000e-20 5.000000e-20
2.531000e+02 5.000000e-20 5.000000e-20
2.532000e+02 5.000000e-20 5.000000e-20
2.533000e+02 5.000000e-20 5.000000e-20
2.534000e+02 5.000000e-20 5.000000e-20
2.535000e+02 5.000000e-20 5.000000e-20
2.536000e+02 5.000000e-20 5.000000e-20
2.537000e+02 5.000000e-20 5.000000e-20
2.538000e+02 5.000000e-20 5.000000e-20
2.539000e+02 5.000000e-20 5.000000e-20
2.540000e+02 5.000000e-20 5.000000e-20
2.541000e+02 5.000000e-20 5.000000e-20
2.542000e+02 5.000000e-20 5.000000e-20
2.543000e+02 5.000000e-20 5.000000e-20
2.544000e+02 5.000000e-20 5.000000e-20
2.545000e+02 5.000000e-20 5.000000e-20
2.546000e+02 5.000000e-20 5.000000e-20
2.547000e+02 5.000000e-20 5.000000e-20
2.548000e+02 5.000000e-20 5.000000e-20
2.549000e+02 5.000000e-20 5.000000e-20
2.550000e+02 5.000000e-20 5.000000e-20
2.551000e+02 5.000000e-20 5.000000e-20
2.552000e+02 5.000000e-20 5.000000e-20
2.553000e+02 5.000000e-20 5.000000e-20
2.554000e+02 5.000000e-20 5.000000e-20
2.555000e+02 5.000000e-20 5.000000e-20
2.556000e+02 5.000000e-20 5.000000e-20
2.557000e+02 5.000000e-20 5.000000e-20
2.558000e+02 5.000000e-20 5.000000e-20
2.559000e+02 5.000000e-20 5.000000e-20
2.560000e+02 5.000000e-20 5.000000e-20
2.561000e+02 5.000000e-20 5.000000e-20
2.562000e+02 5.000000e-20 5.000000e-20
2.563000e+02 5.000000e-20 5.000000e-20
2.564000e+02 5.000000e-20 5.000000e-20
2.565000e+02 5.000000e-20 5.000000e-20
2.566000e+02 5.000000e-20 5.000000e-20
2.567000e+02 5.000000e-20 5.000000e-20
2.568000e+02 5.000000e-20 5.000000e-20
2.569000e+02 5.000000e-20 5.000000e-20
2.570000e+02 5.000000e-20 5.000000e-20
2.571000e+02 5.000000e-20 5.000000e-20
2.572000e+02 5.000000e-20 5.000000e-20
2.573000e+02 5.000000e-20 5.000000e-20
2.574000e+02 5.000000e-20 5.000000e-20
2.575000e+02 5.000000e-20 5.000000e-20
2.576000e+02 5.000000e-20 5.000000e-20
2.577000e+02 5.000000e-20 5.000000e-20
2.578000e+02 5.000000e-20 5.000000e-20
2.579000e+02 5.000000e-20 5.000000e-20
2.580000e+02 5.000000e-20 5.000000e-20
2.581000e+02 5.000000e-20 5.000000e-20
2.582000e+02 5.000000e-20 5.000000e-20
2.583000e+02 5.000000e-20 5.000000e-20
2.584000e+02 5.000000e-20 5.000000e-20
2.585000e+02 5.000000e-20 5.000000e-20
2.586000e+02 5.000000e-20 5.000000e-20
2.587000e+02 5.000000e-20 5.000000e-20
2.588000e+02 5.000000e-20 5.000000e-20
2.589000e+02 5.000000e-20 5.000000e-20
2.590000e+02 5.000000e-20 5.000000e-20
2.591000e+02 5.000000e-20 5.000000e-20
2.592000e+02 5.000000e-20 5.000000e-20
2.593000e+02 5.000000e-20 5.000000e-20
2.594000e+02 5.000000e-20 5.000000e-20
2.595000e+02 5.000000e-20 5.000000e-20
2.596000e+02 5.000000e-20 5.000000e-20
2.597000e+02 5.000000e-20 5.000000e-20
2.598000e+02 5.000000e-20 5.000000e-20
2.599000e+02 5.000000e-20 5.000000e-20
2.600000e+02 5.000000e-20 5.000000e-20
2.601000e+02 5.000000e-20 5.000000e-20
2.602000e+02 5.000000e-20 5.000000e-20
2.603000e+02 5.000000e-20 5.000000e-20
2.604000e+02 5.000000e-20 5.000000e-20
2.605000e+02 5.000000e-20 5.000000e-20
2.606000e+02 5.000000e-20 5.000000e-20
2.607000e+02 5.000000e-20 5.000000e-20
2.608000e+02 5.000000e-20 5.000000e-20
2.609000e+02 5.000000e-20 5.000000e-20
2.610000e+02 5.000000e-20 5.000000e-20
2.611000e+02 5.000000e-20 5.000000e-20
2.612000e+02 5.000000e-20 5.000000e-20
2.613000e+02 5.000000e-20 5.000000e-20
2.614000e+02 5.000000e-20 5.000000e-20
2.615000e+02 5.000000e-20 5.000000e-20
2.616000e+02 5.000000e-20 5.000000e-20
2.617000e+02 5.000000e-20 5.000000e-20
2.618000e+02 5.000000e-20 5.000000e-20
2.619000e+02 5.000000e-20 5.000000e-20
2.620000e+02 5.000000e-20 5.000000e-20
2.621000e+02 5.000000e-20 5.000000e-20
2.622000e+02 5.000000e-20 5.000000e-20
2.623000e+02 5.000000e-20 5.000000e-20
2.624000e+02 5.000000e-20 5.000000e-20
2.625000e+02 5.000000e-20 5.000000e-20
2.626000e+02 5.000000e-20 5.000000e-20
2.627000e+02 5.000000e-20 5.000000e-20
2.628000e+02 5.000000e-20 5.000000e-20
2.629000e+02 5.000000e-20 5.000000e-20
2.630000e+02 5.000000e-20 5.000000e-20
2.631000e+02 5.000000e-20 5.000000e-20
2.632000e+02 5.000000e-20 5.000000e-20
2.633000e+02 5.000000e-20 5.000000e-20
2.634000e+02 5.000000e-20 5.000000e-20
2.635000e+02 5.000000e-20 5.000000e-20
2.636000e+02 5.000000e-20 5.000000e-20
2.637000e+02 5.000000e-20 5.000000e-20
2.638000e+02 5.000000e-20 5.000000e-20
2.639000e+02 5.000000e-20 5.000000e-20
2.640000e+02 5.000000e-20 5.000000e-20
2.641000e+02 5.000000e-20 5.000000e-20
2.642000e+02 5.000000e-20 5.000000e-20
2.643000e+02 5.000000e-20 5.000000e-20
2.644000e+02 5.000000e-20 5.000000e-20
2.645000e+02 5.000000e-20 5.000000e-20
2.646000e+02 5.000000e-20 5.000000e-20
2.647000e+02 5.000000e-20 5.000000e-20
2.648000e+02 5.000000e-20 5.000000e-20
2.649000e+02 5.000000e-20 5.000000e-20
2.650000e+02 5.000000e-20 5.000000e-20
2.651000e+02 5.000000e-20 5.000000e-20
2.652000e+02 5.000000e-20 5.000000e-20
2.653000e+02 5.000000e-20 5.000000e-20
2.654000e+02 5.000000e-20 5.000000e-20
2.655000e+02 5.000000e-20 5.000000e-20
2.656000e+02 5.000000e-20 5.000000e-20
2.657000e+02 5.000000e-20 5.000000e-20
2.658000e+02 5.000000e-20 5.000000e-20
2.659000e+02 5.000000e-20 5.000000e-20
2.660000e+02 5.000000e-20 5.000000e-20
2.661000e+02 5.000000e-20 5.000000e-20
2.662000e+02 5.000000e-20 5.000000e-20
2.663000e+02 5.000000e-20 5.000000e-20
2.664000e+02 5.000000e-20 5.000000e-20
2.665000e+02 5.000000e-20 5.000000e-20
2.666000e+02 5.000000e-20 5.000000e-20
2.667000e+02 5.000000e-20 5.000000e-20
2.668000e+02 5.000000e-20 5.000000e-20
2.669000e+02 5.000000e-20 5.000000e-20
2.670000e+02 5.000000e-20 5.000000e-20
2.671000e+02 5.000000e-20 5.000000e-20
2.672000e+02 5.000000e-20 5.000000e-20
2.673000e+02 5.000000e-20 5.000000e-20
2.674000e+02 5.000000e-20 5.000000e-20
2.675000e+02 5.000000e-20 5.000000e-20
2.676000e+02 5.000000e-20 5.000000e-20
2.677000e+02 5.000000e-20 5.000000e-20
2.678000e+02 5.000000e-20 5.000000e-20
2.679000e+02 5.000000e-20 5.000000e-20
2.680000e+02 5.000000e-20 5.000000e-20
2.681000e+02 5.000000e-20 5.000000e-20
2.682000e+02 5.000000e-20 5.000000e-20
2.683000e+02 5.000000e-20 5.000000e-20
2.684000e+02 5.000000e-20 5.000000e-20
2.685000e+02 5.000000e-20 5.000000e-20
2.686000e+02 5.000000e-20 5.000000e-20
2.687000e+02 5.000000e-20 5.000000e-20
2.688000e+02 5.000000e-20 5.000000e-20
2.689000e+02 5.000000e-20 5.000000e-20
2.690000e+02 5.000000e-20 5.000000e-20
2.691000e+02 5.000000e-20 5.000000e-20
2.692000e+02 5.000000e-20 5.000000e-20
2.693000e+02 5.000000e-20 5.000000e-20
2.694000e+02 5.000000e-20 5.000000e-20
2.695000e+02 5.000000e-20 5.000000e-20
2.696000e+02 5.000000e-20 5.000000e-20
2.697000e+02 5.000000e-20 5.000000e-20
2.698000e+02 5.000000e-20 5.000000e-20
2.699000e+02 5.000000e-20 5.000000e-20
2.700000e+02 5.000000e-20 5.000000e-20
2.701000e+02 5.000000e-20 5.000000e-20
2.702000e+02 5.000000e-20 5.000000e-20
2.703000e+02 5.000000e-20 5.000000e-20
2.704000e+02 5.625298e-20 5.625298e-20
2.705000e+02 6.456899e-20 6.456899e-20
2.706000e+02 7.052224e-20 7.052224e-20
2.707000e+02 7.288836e-20 7.288836e-20
2.708000e+02 7.128948e-20 7.128948e-20
2.709000e+02 6.598317e-20 6.598317e-20
2.710000e+02 5.779456e-20 5.779456e-20
2.711000e+02 5.069478e-20 5.069478e-20
2.712000e+02 5.000000e-20 5.000000e-20
2.713000e+02 5.000000e-20 5.000000e-20
2.714000e+02 5.000000e-20 5.000000e-20
2.715000e+02 5.000000e-20 5.000000e-20
2.716000e+02 5.000000e-20 5.000000e-20
2.717000e+02 5.000000e-20 5.000000e-20
2.718000e+02 5.000000e-20 5.000000e-20
2.719000e+02 5.000000e-20 5.000000e-20
2.720000e+02 5.000000e-20 5.000000e-20
2.721000e+02 5.000000e-20 5.000000e-20
2.722000e+02 5.000000e-20 5.000000e-20
2.723000e+02 5.000000e-20 5.000000e-20
2.724000e+02 5.000000e-20 5.000000e-20
2.725000e+02 5.000000e-20 5.000000e-20
2.726000e+02 5.000000e-20 5.000000e-20
2.727000e+02 5.000000e-20 5.000000e-20
2.728000e+02 5.000000e-20 5.000000e-20
2.729000e+02 5.000000e-20 5.000000e-20
2.730000e+02 5.000000e-20 5.000000e-20
2.731000e+02 5.000000e-20 5.000000e-20
2.732000e+02 5.000000e-20 5.000000e-20
2.733000e+02 5.000000e-20 5.000000e-20
2.734000e+02 5.000000e-20 5.000000e-20
2.735000e+02 5.000000e-20 5.000000e-20
2.736000e+02 5.000000e-20 5.000000e-20
2.737000e+02 5.000000e-20 5.000000e-20
2.738000e+02 5.000000e-20 5.000000e-20
2.739000e+02 5.000000e-20 5.000000e-20
2.740000e+02 5.000000e-20 5.000000e-20
2.741000e+02 5.000000e-20 5.000000e-20
2.742000e+02 5.000000e-20 5.000000e-20
2.743000e+02 5.000000e-20 5.000000e-20
2.744000e+02 5.000000e-20 5.000000e-20
2.745000e+02 5.000000e-20 5.000000e-20
2.746000e+02 5.000000e-20 5.000000e-20
2.747000e+02 5.000000e-20 5.000000e-20
2.748000e+02 5.000000e-20 5.000000e-20
2.749000e+02 5.000000e-20 5.000000e-20
2.750000e+02 5.000000e-20 5.000000e-20
2.751000e+02 5.000000e-20 5.000000e-20
2.752000e+02 5.000000e-20 5.000000e-20
2.753000e+02 5.000000e-20 5.000000e-20
2.754000e+02 5.000000e-20 5.000000e-20
2.755000e+02 5.000000e-20 5.000000e-20
2.756000e+02 5.000000e-20 5.000000e-20
2.757000e+02 5.000000e-20 5.000000e-20
2.758000e+02 5.000000e-20 5.000000e-20
2.759000e+02 5.000000e-20 5.000000e-20
2.760000e+02 5.000000e-20 5.000000e-20
2.761000e+02 5.000000e-20 5.000000e-20
2.762000e+02 5.000000e-20 5.000000e-20
2.763000e+02 5.000000e-20 5.000000e-20
2.764000e+02 5.000000e-20 5.000000e-20
2.765000e+02 5.000000e-20 5.000000e-20
2.766000e+02 5.000000e-20 5.000000e-20
2.767000e+02 5.000000e-20 5.000000e-20
2.768000e+02 5.000000e-20 5.000000e-20
2.769000e+02 5.000000e-20 5.000000e-20
2.770000e+02 5.000000e-20 5.000000e-20
2.771000e+02 5.000000e-20 5.000000e-20
2.772000e+02 5.000000e-20 5.000000e-20
2.773000e+02 5.000000e-20 5.000000e-20
2.774000e+02 5.000000e-20 5.000000e-20
2.775000e+02 5.000000e-20 5.000000e-20
2.776000e+02 5.000000e-20 5.000000e-20
2.777000e+02 5.000000e-20 5.000000e-20
2.778000e+02 5.000000e-20 5.000000e-20
2.779000e+02 5.000000e-20 5.000000e-20
2.780000e+02 5.000000e-20 5.000000e-20
2.781000e+02 5.000000e-20 5.000000e-20
2.782000e+02 5.000000e-20 5.000000e-20
2.783000e+02 5.000000e-20 5.000000e-20
2.784000e+02 5.000000e-20 5.000000e-20
2.785000e+02 5.000000e-20 5.000000e-20
2.786000e+02 5.000000e-20 5.000000e-20
2.787000e+02 5.000000e-20 5.000000e-20
2.788000e+02 5.000000e-20 5.000000e-20
2.789000e+02 5.000000e-20 5.000000e-20
2.790000e+02 5.000000e-20 5.000000e-20
2.791000e+02 5.000000e-20 5.000000e-20
2.792000e+02 5.000000e-20 5.000000e-20
2.793000e+02 5.000000e-20 5.000000e-20
2.794000e+02 5.000000e-20 5.000000e-20
2.795000e+02 5.000000e-20 5.000000e-20
2.796000e+02 5.000000e-20 5.000000e-20
2.797000e+02 5.000000e-20 5.000000e-20
2.798000e+02 5.000000e-20 5.000000e-20
2.799000e+02 5.000000e-20 5.000000e-20
2.800000e+02 5.000000e-20 5.000000e-20
2.801000e+02 5.000000e-20 5.000000e-20
2.802000e+02 5.000000e-20 5.000000e-20
2.803000e+02 5.000000e-20 5.000000e-20
2.804000e+02 5.000000e-20 5.000000e-20
2.805000e+02 5.000000e-20 5.000000e-20
2.806000e+02 5.000000e-20 5.000000e-20
2.807000e+02 5.000000e-20 5.000000e-20
2.808000e+02 5.000000e-20 5.000000e-20
2.809000e+02 5.000000e-20 5.000000e-20
2.810000e+02 5.000000e-20 5.000000e-20
2.811000e+02 5.000000e-20 5.000000e-20
2.812000e+02 5.000000e-20 5.000000e-20
2.813000e+02 5.000000e-20 5.000000e-20
2.814000e+02 5.000000e-20 5.000000e-20
2.815000e+02 5.000000e-20 5.000000e-20
2.816000e+02 5.000000e-20 5.000000e-20
2.817000e+02 5.000000e-20 5.000000e-20
2.818000e+02 5.000000e-20 5.000000e-20
2.819000e+02 5.000000e-20 5.000000e-20
2.820000e+02 5.000000e-20 5.000000e-20
2.821000e+02 5.000000e-20 5.000000e-20
2.822000e+02 5.000000e-20 5.000000e-20
2.823000e+02 5.000000e-20 5.000000e-20
2.824000e+02 5.000000e-20 5.000000e-20
2.825000e+02 5.000000e-20 5.000000e-20
2.826000e+02 5.000000e-20 5.000000e-20
2.827000e+02 7.012399e-20 7.012399e-20
2.828000e+02 1.168504e-19 1.168504e-19
2.829000e+02 1.885838e-19 1.885838e-19
2.830000e+02 2.880394e-19 2.880394e-19
2.831000e+02 4.163701e-19 4.163701e-19
2.832000e+02 5.696308e-19 5.696308e-19
2.833000e+02 7.375654e-19 7.375654e-19
2.834000e+02 9.038730e-19 9.038730e-19
2.835000e+02 1.048386e-18 1.048386e-18
2.836000e+02 1.150928e-18 1.150928e-18
2.837000e+02 1.195903e-18 1.195903e-18
2.838000e+02 1.176174e-18 1.176174e-18
2.839000e+02 1.094919e-18 1.094919e-18
2.840000e+02 9.647940e-19 9.647940e-19
2.841000e+02 8.047050e-19 8.047050e-19
2.842000e+02 6.353267e-19 6.353267e-19
2.843000e+02 4.748210e-19 4.748210e-19
2.844000e+02 3.359477e-19 3.359477e-19
2.845000e+02 2.250894e-19 2.250894e-19
2.846000e+02 1.429935e-19 1.429935e-19
2.847000e+02 8.657292e-20 8.657292e-20
2.848000e+02 5.525712e-20 5.525712e-20
2.849000e+02 5.000000e-20 5.000000e-20
2.850000e+02 5.000000e-20 5.000000e-20
2.851000e+02 5.000000e-20 5.000000e-20
2.852000e+02 5.224889e-20 5.224889e-20
2.853000e+02 8.442794e-20 8.442794e-20
2.854000e+02 1.439088e-19 1.439088e-19
2.855000e+02 2.341827e-19 2.341827e-19
2.856000e+02 3.614130e-19 3.614130e-19
2.857000e+02 5.281381e-19 5.281381e-19
2.858000e+02 7.305126e-19 7.305126e-19
2.859000e+02 9.563389e-19 9.563389e-19
2.860000e+02 1.184943e-18 1.184943e-18
2.861000e+02 1.389597e-18 1.389597e-18
2.862000e+02 1.542384e-18 1.542384e-18
2.863000e+02 1.620376e-18 1.620376e-18
2.864000e+02 1.611259e-18 1.611259e-18
2.865000e+02 1.516520e-18 1.516520e-18
2.866000e+02 1.351050e-18 1.351050e-18
2.867000e+02 1.139312e-18 1.139312e-18
2.868000e+02 9.094280e-19 9.094280e-19
2.869000e+02 6.871568e-19 6.871568e-19
2.870000e+02 4.914872e-19 4.914872e-19
2.871000e+02 3.327700e-19 3.327700e-19
2.872000e+02 2.132841e-19 2.132841e-19
2.873000e+02 1.294082e-19 1.294082e-19
2.874000e+02 7.432937e-20 7.432937e-20
2.875000e+02 5.288135e-20 5.288135e-20
2.876000e+02 5.000000e-20 5.000000e-20
2.877000e+02 5.000000e-20 5.000000e-20
2.878000e+02 5.000000e-20 5.000000e-20
2.879000e+02 5.000000e-20 5.000000e-20
2.880000e+02 5.000000e-20 5.000000e-20
2.881000e+02 5.000000e-20 5.000000e-20
2.882000e+02 5.000000e-20 5.000000e-20
2.883000e+02 5.000000e-20 5.000000e-20
2.884000e+02 5.000000e-20 5.000000e-20
2.885000e+02 5.000000e-20 5.000000e-20
2.886000e+02 5.000000e-20 5.000000e-20
2.887000e+02 5.000000e-20 5.000000e-20
2.888000e+02 5.000000e-20 5.000000e-20
2.889000e+02 5.000000e-20 5.000000e-20
2.890000e+02 5.000000e-20 5.000000e-20
2.891000e+02 5.000000e-20 5.000000e-20
2.892000e+02 5.000000e-20 5.000000e-20
2.893000e+02 5.000000e-20 5.000000e-20
2.894000e+02 5.000000e-20 5.000000e-20
2.895000e+02 5.000000e-20 5.000000e-20
2.896000e+02 5.000000e-20 5.000000e-20
2.897000e+02 5.000000e-20 5.000000e-20
2.898000e+02 5.000000e-20 5.000000e-20
2.899000e+02 5.000000e-20 5.000000e-20
2.900000e+02 5.000000e-20 5.000000e-20
2.901000e+02 5.000000e-20 5.000000e-20
2.902000e+02 5.000000e-20 5.000000e-20
2.903000e+02 5.000000e-20 5.000000e-20
2.904000e+02 5.000000e-20 5.000000e-20
2.905000e+02 5.000000e-20 5.000000e-20
2.906000e+02 5.000000e-20 5.000000e-20
2.907000e+02 5.000000e-20 5.000000e-20
2.908000e+02 5.000000e-20 5.000000e-20
2.909000e+02 5.000000e-20 5.000000e-20
2.910000e+02 5.000000e-20 5.000000e-20
2.911000e+02 5.000000e-20 5.000000e-20
2.912000e+02 5.000000e-20 5.000000e-20
2.913000e+02 5.000000e-20 5.000000e-20
2.914000e+02 5.000000e-20 5.000000e-20
2.915000e+02 9.518885e-20 9.518885e-20
2.916000e+02 2.230457e-19 2.230457e-19
2.917000e+02 4.996890e-19 4.996890e-19
2.918000e+02 1.059214e-18 1.059214e-18
2.919000e+02 2.124459e-18 2.124459e-18
2.920000e+02 4.031784e-18 4.031784e-18
2.921000e+02 7.239920e-18 7.239920e-18
2.922000e+02 1.230159e-17 1.230159e-17
2.923000e+02 1.977806e-17 1.977806e-17
2.924000e+02 3.008879e-17 3.008879e-17
2.925000e+02 4.331401e-17 4.331401e-17
2.926000e+02 5.900091e-17 5.900091e-17
2.927000e+02 7.605015e-17 7.605015e-17
2.928000e+02 9.275920e-17 9.275920e-17
2.929000e+02 1.070617e-16 1.070617e-16
2.930000e+02 1.169328e-16 1.169328e-16
2.931000e+02 1.208560e-16 1.208560e-16
2.932000e+02 1.182049e-16 1.182049e-16
2.933000e+02 1.094065e-16 1.094065e-16
2.934000e+02 9.582902e-17 9.582902e-17
2.935000e+02 7.943327e-17 7.943327e-17
2.936000e+02 6.231109e-17 6.231109e-17
2.937000e+02 4.625852e-17 4.625852e-17
2.938000e+02 3.250032e-17 3.250032e-17
2.939000e+02 2.161024e-17 2.161024e-17
2.940000e+02 1.359921e-17 1.359921e-17
2.941000e+02 8.099478e-18 8.099478e-18
2.942000e+02 4.565578e-18 4.565578e-18
2.943000e+02 2.435774e-18 2.435774e-18
2.944000e+02 1.229950e-18 1.229950e-18
2.945000e+02 5.878332e-19 5.878332e-19
2.946000e+02 2.659158e-19 2.659158e-19
2.947000e+02 1.138583e-19 1.138583e-19
2.948000e+02 5.502098e-20 5.502098e-20
2.949000e+02 5.000000e-20 5.000000e-20
2.950000e+02 5.000000e-20 5.000000e-20
2.951000e+02 5.000000e-20 5.000000e-20
2.952000e+02 5.000000e-20 5.000000e-20
2.953000e+02 5.000000e-20 5.000000e-20
2.954000e+02 5.000000e-20 5.000000e-20
2.955000e+02 5.000000e-20 5.000000e-20
2.956000e+02 5.000000e-20 5.000000e-20
2.957000e+02 5.000000e-20 5.000000e-20
2.958000e+02 5.000000e-20 5.000000e-20
2.959000e+02 5.000000e-20 5.000000e-20
2.960000e+02 5.000000e-20 5.000000e-20
2.961000e+02 5.000000e-20 5.000000e-20
2.962000e+02 5.000000e-20 5.000000e-20
