# HCl+ cross sections
# From the Leiden database for photodissociation and photoionization of astrophysically relevant molecules, http://home.strw.leidenuniv.nl/~ewine/photo/
# File last modified by Alan Heays 2017-03-01
# references: heays2016, pradhan1991 10.1063/1.461232,
# no info on lines
# wavelength: (nm)
# photoabsorption   -- Photoabsorption cross section (cm2)
# photodissociation -- Photodissociation cross section (cm2)
# This version has been resampled to a uniform 0.1nm grid while maintaining a constant integrated cross section (using trapezoidal integration).
# wavelength photoabsorption photodissociation
7.769012e+01 1.464347e-19 1.464347e-19
7.779012e+01 1.461830e-19 1.461830e-19
7.789012e+01 1.459322e-19 1.459322e-19
7.799012e+01 1.456823e-19 1.456823e-19
7.809012e+01 1.454332e-19 1.454332e-19
7.819012e+01 1.451851e-19 1.451851e-19
7.829012e+01 1.449373e-19 1.449373e-19
7.839012e+01 1.446897e-19 1.446897e-19
7.849012e+01 1.444429e-19 1.444429e-19
7.859012e+01 1.441967e-19 1.441967e-19
7.869012e+01 1.402573e-19 1.402573e-19
7.879012e+01 1.321355e-19 1.321355e-19
7.889012e+01 1.312176e-19 1.312176e-19
7.899012e+01 1.093728e-19 1.093728e-19
7.909012e+01 6.432197e-20 6.432197e-20
7.919012e+01 5.701875e-20 5.701875e-20
7.929012e+01 5.677705e-20 5.677705e-20
7.939012e+01 7.037914e-20 7.037914e-20
7.949012e+01 1.052740e-19 1.052740e-19
7.959012e+01 7.038835e-20 7.038835e-20
7.969012e+01 2.763648e-20 2.763648e-20
7.979012e+01 2.047428e-20 2.047428e-20
7.989012e+01 1.860557e-20 1.860557e-20
7.999012e+01 1.836986e-20 1.836986e-20
8.009012e+01 1.813416e-20 1.813416e-20
8.019012e+01 1.789845e-20 1.789845e-20
8.029012e+01 1.766275e-20 1.766275e-20
8.039012e+01 1.742704e-20 1.742704e-20
8.049012e+01 1.719134e-20 1.719134e-20
8.059012e+01 1.695563e-20 1.695563e-20
8.069012e+01 1.671993e-20 1.671993e-20
8.079012e+01 2.970890e-20 2.970890e-20
8.089012e+01 4.074459e-20 4.074459e-20
8.099012e+01 4.051292e-20 4.051292e-20
8.109012e+01 4.532966e-20 4.532966e-20
8.119012e+01 5.992925e-20 5.992925e-20
8.129012e+01 6.889717e-20 6.889717e-20
8.139012e+01 7.532308e-20 7.532308e-20
8.149012e+01 1.010584e-19 1.010584e-19
8.159012e+01 1.302231e-19 1.302231e-19
8.169012e+01 1.593877e-19 1.593877e-19
8.179012e+01 1.809292e-19 1.809292e-19
8.189012e+01 1.953325e-19 1.953325e-19
8.199012e+01 2.096467e-19 2.096467e-19
8.209012e+01 2.262098e-19 2.262098e-19
8.219012e+01 2.550058e-19 2.550058e-19
8.229012e+01 2.837462e-19 2.837462e-19
8.239012e+01 3.124234e-19 3.124234e-19
8.249012e+01 3.437595e-19 3.437595e-19
8.259012e+01 3.758497e-19 3.758497e-19
8.269012e+01 4.060186e-19 4.060186e-19
8.279012e+01 4.343292e-19 4.343292e-19
8.289012e+01 4.626198e-19 4.626198e-19
8.299012e+01 4.904326e-19 4.904326e-19
8.309012e+01 5.114350e-19 5.114350e-19
8.319012e+01 5.347907e-19 5.347907e-19
8.329012e+01 5.628413e-19 5.628413e-19
8.339012e+01 5.823577e-19 5.823577e-19
8.349012e+01 5.962155e-19 5.962155e-19
8.359012e+01 6.087958e-19 6.087958e-19
8.369012e+01 6.211708e-19 6.211708e-19
8.379012e+01 6.411265e-19 6.411265e-19
8.389012e+01 6.623684e-19 6.623684e-19
8.399012e+01 6.692148e-19 6.692148e-19
8.409012e+01 6.735187e-19 6.735187e-19
8.419012e+01 6.672335e-19 6.672335e-19
8.429012e+01 6.586640e-19 6.586640e-19
8.439012e+01 6.469005e-19 6.469005e-19
8.449012e+01 6.285600e-19 6.285600e-19
8.459012e+01 6.017560e-19 6.017560e-19
8.469012e+01 5.753519e-19 5.753519e-19
8.479012e+01 5.492917e-19 5.492917e-19
8.489012e+01 5.204024e-19 5.204024e-19
8.499012e+01 4.908864e-19 4.908864e-19
8.509012e+01 4.472392e-19 4.472392e-19
8.519012e+01 4.083726e-19 4.083726e-19
8.529012e+01 3.723937e-19 3.723937e-19
8.539012e+01 3.368603e-19 3.368603e-19
8.549012e+01 2.984379e-19 2.984379e-19
8.559012e+01 2.555303e-19 2.555303e-19
8.569012e+01 2.128784e-19 2.128784e-19
8.579012e+01 1.723340e-19 1.723340e-19
8.589012e+01 1.463183e-19 1.463183e-19
8.599012e+01 1.203027e-19 1.203027e-19
8.609012e+01 9.428698e-20 9.428698e-20
8.619012e+01 7.699004e-20 7.699004e-20
8.629012e+01 9.147237e-20 9.147237e-20
8.639012e+01 1.066965e-19 1.066965e-19
8.649012e+01 1.229739e-19 1.229739e-19
8.659012e+01 1.584679e-19 1.584679e-19
8.669012e+01 2.456160e-19 2.456160e-19
8.679012e+01 3.199790e-19 3.199790e-19
8.689012e+01 4.123970e-19 4.123970e-19
8.699012e+01 5.741455e-19 5.741455e-19
8.709012e+01 6.883281e-19 6.883281e-19
8.719012e+01 9.356985e-19 9.356985e-19
8.729012e+01 1.090839e-18 1.090839e-18
8.739012e+01 1.268739e-18 1.268739e-18
8.749012e+01 1.522555e-18 1.522555e-18
8.759012e+01 1.753898e-18 1.753898e-18
8.769012e+01 1.985251e-18 1.985251e-18
8.779012e+01 2.216604e-18 2.216604e-18
8.789012e+01 2.447878e-18 2.447878e-18
8.799012e+01 2.143401e-18 2.143401e-18
8.809012e+01 2.815744e-18 2.815744e-18
8.819012e+01 3.252680e-18 3.252680e-18
8.829012e+01 3.498418e-18 3.498418e-18
8.839012e+01 3.842709e-18 3.842709e-18
8.849012e+01 4.026743e-18 4.026743e-18
8.859012e+01 4.345565e-18 4.345565e-18
8.869012e+01 4.653877e-18 4.653877e-18
8.879012e+01 4.956147e-18 4.956147e-18
8.889012e+01 5.226683e-18 5.226683e-18
8.899012e+01 5.497838e-18 5.497838e-18
8.909012e+01 5.769730e-18 5.769730e-18
8.919012e+01 6.041622e-18 6.041622e-18
8.929012e+01 6.313515e-18 6.313515e-18
8.939012e+01 6.585407e-18 6.585407e-18
8.949012e+01 5.925967e-18 5.925967e-18
8.959012e+01 7.055917e-18 7.055917e-18
8.969012e+01 7.548150e-18 7.548150e-18
8.979012e+01 8.043010e-18 8.043010e-18
8.989012e+01 7.964120e-18 7.964120e-18
8.999012e+01 8.192335e-18 8.192335e-18
9.009012e+01 8.197812e-18 8.197812e-18
9.019012e+01 8.645054e-18 8.645054e-18
9.029012e+01 8.937004e-18 8.937004e-18
9.039012e+01 9.161864e-18 9.161864e-18
9.049012e+01 9.350631e-18 9.350631e-18
9.059012e+01 9.545669e-18 9.545669e-18
9.069012e+01 9.706196e-18 9.706196e-18
9.079012e+01 9.893467e-18 9.893467e-18
9.089012e+01 1.008970e-17 1.008970e-17
9.099012e+01 1.020586e-17 1.020586e-17
9.109012e+01 1.033663e-17 1.033663e-17
9.119012e+01 1.046740e-17 1.046740e-17
9.129012e+01 1.059818e-17 1.059818e-17
9.139012e+01 1.072895e-17 1.072895e-17
9.149012e+01 1.085594e-17 1.085594e-17
9.159012e+01 1.094525e-17 1.094525e-17
9.169012e+01 1.103112e-17 1.103112e-17
9.179012e+01 1.110739e-17 1.110739e-17
9.189012e+01 1.117373e-17 1.117373e-17
9.199012e+01 1.122844e-17 1.122844e-17
9.209012e+01 1.127825e-17 1.127825e-17
9.219012e+01 1.131162e-17 1.131162e-17
9.229012e+01 1.134434e-17 1.134434e-17
9.239012e+01 1.137349e-17 1.137349e-17
9.249012e+01 1.140250e-17 1.140250e-17
9.259012e+01 1.140545e-17 1.140545e-17
9.269012e+01 1.140762e-17 1.140762e-17
9.279012e+01 1.140887e-17 1.140887e-17
9.289012e+01 1.140496e-17 1.140496e-17
9.299012e+01 1.138602e-17 1.138602e-17
9.309012e+01 1.134892e-17 1.134892e-17
9.319012e+01 1.131708e-17 1.131708e-17
9.329012e+01 1.128166e-17 1.128166e-17
9.339012e+01 1.124022e-17 1.124022e-17
9.349012e+01 1.118500e-17 1.118500e-17
9.359012e+01 1.111876e-17 1.111876e-17
9.369012e+01 1.103921e-17 1.103921e-17
9.379012e+01 1.097953e-17 1.097953e-17
9.389012e+01 1.088803e-17 1.088803e-17
9.399012e+01 1.081085e-17 1.081085e-17
9.409012e+01 1.072247e-17 1.072247e-17
9.419012e+01 1.061748e-17 1.061748e-17
9.429012e+01 1.052376e-17 1.052376e-17
9.439012e+01 1.042820e-17 1.042820e-17
9.449012e+01 1.031495e-17 1.031495e-17
9.459012e+01 1.021079e-17 1.021079e-17
9.469012e+01 1.010358e-17 1.010358e-17
9.479012e+01 9.966241e-18 9.966241e-18
9.489012e+01 9.874949e-18 9.874949e-18
9.499012e+01 9.759371e-18 9.759371e-18
9.509012e+01 9.611145e-18 9.611145e-18
9.519012e+01 9.475043e-18 9.475043e-18
9.529012e+01 9.347704e-18 9.347704e-18
9.539012e+01 9.224002e-18 9.224002e-18
9.549012e+01 9.056164e-18 9.056164e-18
9.559012e+01 8.909875e-18 8.909875e-18
9.569012e+01 8.769157e-18 8.769157e-18
9.579012e+01 8.631090e-18 8.631090e-18
9.589012e+01 8.474889e-18 8.474889e-18
9.599012e+01 8.329870e-18 8.329870e-18
9.609012e+01 8.181106e-18 8.181106e-18
9.619012e+01 8.021158e-18 8.021158e-18
9.629012e+01 7.875889e-18 7.875889e-18
9.639012e+01 7.715715e-18 7.715715e-18
9.649012e+01 7.573961e-18 7.573961e-18
9.659012e+01 7.379023e-18 7.379023e-18
9.669012e+01 7.238708e-18 7.238708e-18
9.679012e+01 7.088791e-18 7.088791e-18
9.689012e+01 6.916278e-18 6.916278e-18
9.699012e+01 6.780089e-18 6.780089e-18
9.709012e+01 6.636490e-18 6.636490e-18
9.719012e+01 6.467132e-18 6.467132e-18
9.729012e+01 6.288935e-18 6.288935e-18
9.739012e+01 6.109036e-18 6.109036e-18
9.749012e+01 5.985599e-18 5.985599e-18
9.759012e+01 5.825336e-18 5.825336e-18
9.769012e+01 5.703718e-18 5.703718e-18
9.779012e+01 5.560669e-18 5.560669e-18
9.789012e+01 5.410979e-18 5.410979e-18
9.799012e+01 5.289790e-18 5.289790e-18
9.809012e+01 5.165609e-18 5.165609e-18
9.819012e+01 5.020505e-18 5.020505e-18
9.829012e+01 4.919420e-18 4.919420e-18
9.839012e+01 4.806726e-18 4.806726e-18
9.849012e+01 4.660774e-18 4.660774e-18
9.859012e+01 4.533259e-18 4.533259e-18
9.869012e+01 4.409266e-18 4.409266e-18
9.879012e+01 4.297710e-18 4.297710e-18
9.889012e+01 4.200722e-18 4.200722e-18
9.899012e+01 4.076581e-18 4.076581e-18
9.909012e+01 3.966358e-18 3.966358e-18
9.919012e+01 3.880992e-18 3.880992e-18
9.929012e+01 3.778550e-18 3.778550e-18
9.939012e+01 3.677618e-18 3.677618e-18
9.949012e+01 3.577403e-18 3.577403e-18
9.959012e+01 3.483938e-18 3.483938e-18
9.969012e+01 3.403800e-18 3.403800e-18
9.979012e+01 3.329004e-18 3.329004e-18
9.989012e+01 3.229176e-18 3.229176e-18
9.999012e+01 3.158101e-18 3.158101e-18
1.000901e+02 3.076161e-18 3.076161e-18
1.001901e+02 2.992485e-18 2.992485e-18
1.002901e+02 2.914467e-18 2.914467e-18
1.003901e+02 2.844597e-18 2.844597e-18
1.004901e+02 2.779182e-18 2.779182e-18
1.005901e+02 2.714575e-18 2.714575e-18
1.006901e+02 2.646051e-18 2.646051e-18
1.007901e+02 2.578414e-18 2.578414e-18
1.008901e+02 2.511348e-18 2.511348e-18
1.009901e+02 2.438290e-18 2.438290e-18
1.010901e+02 2.363379e-18 2.363379e-18
1.011901e+02 2.296020e-18 2.296020e-18
1.012901e+02 2.248181e-18 2.248181e-18
1.013901e+02 2.206489e-18 2.206489e-18
1.014901e+02 2.134316e-18 2.134316e-18
1.015901e+02 2.067754e-18 2.067754e-18
1.016901e+02 2.019267e-18 2.019267e-18
1.017901e+02 1.966773e-18 1.966773e-18
1.018901e+02 1.911691e-18 1.911691e-18
1.019901e+02 1.856623e-18 1.856623e-18
1.020901e+02 1.802466e-18 1.802466e-18
1.021901e+02 1.754606e-18 1.754606e-18
1.022901e+02 1.698831e-18 1.698831e-18
1.023901e+02 1.644805e-18 1.644805e-18
1.024901e+02 1.604584e-18 1.604584e-18
1.025901e+02 1.561200e-18 1.561200e-18
1.026901e+02 1.514084e-18 1.514084e-18
1.027901e+02 1.467085e-18 1.467085e-18
1.028901e+02 1.420481e-18 1.420481e-18
1.029901e+02 1.375332e-18 1.375332e-18
1.030901e+02 1.330265e-18 1.330265e-18
1.031901e+02 1.290485e-18 1.290485e-18
1.032901e+02 1.251825e-18 1.251825e-18
1.033901e+02 1.217903e-18 1.217903e-18
1.034901e+02 1.185362e-18 1.185362e-18
1.035901e+02 1.156360e-18 1.156360e-18
1.036901e+02 1.128504e-18 1.128504e-18
1.037901e+02 1.102047e-18 1.102047e-18
1.038901e+02 1.079179e-18 1.079179e-18
1.039901e+02 1.056299e-18 1.056299e-18
1.040901e+02 1.033297e-18 1.033297e-18
1.041901e+02 1.009768e-18 1.009768e-18
1.042901e+02 9.833178e-19 9.833178e-19
1.043901e+02 9.542695e-19 9.542695e-19
1.044901e+02 9.258158e-19 9.258158e-19
1.045901e+02 9.074774e-19 9.074774e-19
1.046901e+02 8.900046e-19 8.900046e-19
1.047901e+02 8.693515e-19 8.693515e-19
1.048901e+02 8.468448e-19 8.468448e-19
1.049901e+02 8.251964e-19 8.251964e-19
1.050901e+02 8.075786e-19 8.075786e-19
1.051901e+02 7.900585e-19 7.900585e-19
1.052901e+02 7.745627e-19 7.745627e-19
1.053901e+02 7.596864e-19 7.596864e-19
1.054901e+02 7.446403e-19 7.446403e-19
1.055901e+02 7.344238e-19 7.344238e-19
1.056901e+02 7.244266e-19 7.244266e-19
1.057901e+02 7.133154e-19 7.133154e-19
1.058901e+02 6.984931e-19 6.984931e-19
1.059901e+02 6.839356e-19 6.839356e-19
1.060901e+02 6.704758e-19 6.704758e-19
1.061901e+02 6.599983e-19 6.599983e-19
1.062901e+02 6.495209e-19 6.495209e-19
1.063901e+02 6.400005e-19 6.400005e-19
1.064901e+02 6.315064e-19 6.315064e-19
1.065901e+02 6.228703e-19 6.228703e-19
1.066901e+02 6.134515e-19 6.134515e-19
1.067901e+02 6.026495e-19 6.026495e-19
1.068901e+02 5.918475e-19 5.918475e-19
1.069901e+02 5.826142e-19 5.826142e-19
1.070901e+02 5.761664e-19 5.761664e-19
1.071901e+02 5.707613e-19 5.707613e-19
1.072901e+02 5.653562e-19 5.653562e-19
1.073901e+02 5.606869e-19 5.606869e-19
1.074901e+02 5.562241e-19 5.562241e-19
1.075901e+02 5.514198e-19 5.514198e-19
1.076901e+02 5.472629e-19 5.472629e-19
1.077901e+02 5.430761e-19 5.430761e-19
1.078901e+02 5.386822e-19 5.386822e-19
1.079901e+02 5.337998e-19 5.337998e-19
1.080901e+02 5.289105e-19 5.289105e-19
1.081901e+02 5.237502e-19 5.237502e-19
1.082901e+02 5.161153e-19 5.161153e-19
1.083901e+02 5.069946e-19 5.069946e-19
1.084901e+02 4.979174e-19 4.979174e-19
1.085901e+02 5.024223e-19 5.024223e-19
1.086901e+02 5.142737e-19 5.142737e-19
1.087901e+02 5.260642e-19 5.260642e-19
1.088901e+02 5.249300e-19 5.249300e-19
1.089901e+02 5.182468e-19 5.182468e-19
1.090901e+02 5.115636e-19 5.115636e-19
1.091901e+02 5.056336e-19 5.056336e-19
1.092901e+02 4.998422e-19 4.998422e-19
1.093901e+02 4.940509e-19 4.940509e-19
1.094901e+02 4.882595e-19 4.882595e-19
1.095901e+02 4.824681e-19 4.824681e-19
1.096901e+02 4.770066e-19 4.770066e-19
1.097901e+02 4.714405e-19 4.714405e-19
1.098901e+02 4.658326e-19 4.658326e-19
1.099901e+02 4.602119e-19 4.602119e-19
1.100901e+02 4.545561e-19 4.545561e-19
1.101901e+02 4.548195e-19 4.548195e-19
1.102901e+02 4.551226e-19 4.551226e-19
1.103901e+02 4.555357e-19 4.555357e-19
1.104901e+02 4.633289e-19 4.633289e-19
1.105901e+02 4.751903e-19 4.751903e-19
1.106901e+02 4.877592e-19 4.877592e-19
1.107901e+02 4.448686e-19 4.448686e-19
1.108901e+02 4.499984e-19 4.499984e-19
1.109901e+02 4.555176e-19 4.555176e-19
1.110901e+02 4.610498e-19 4.610498e-19
1.111901e+02 4.662496e-19 4.662496e-19
1.112901e+02 4.710462e-19 4.710462e-19
1.113901e+02 4.746923e-19 4.746923e-19
1.114901e+02 4.783961e-19 4.783961e-19
1.115901e+02 4.821026e-19 4.821026e-19
1.116901e+02 4.861526e-19 4.861526e-19
1.117901e+02 4.902824e-19 4.902824e-19
1.118901e+02 4.944121e-19 4.944121e-19
1.119901e+02 4.988261e-19 4.988261e-19
1.120901e+02 5.032937e-19 5.032937e-19
1.121901e+02 5.103375e-19 5.103375e-19
1.122901e+02 5.149334e-19 5.149334e-19
1.123901e+02 5.191877e-19 5.191877e-19
1.124901e+02 5.234388e-19 5.234388e-19
1.125901e+02 5.277515e-19 5.277515e-19
1.126901e+02 5.323513e-19 5.323513e-19
1.127901e+02 5.370082e-19 5.370082e-19
1.128901e+02 5.416652e-19 5.416652e-19
1.129901e+02 5.463222e-19 5.463222e-19
1.130901e+02 5.507541e-19 5.507541e-19
1.131901e+02 5.551603e-19 5.551603e-19
1.132901e+02 5.595664e-19 5.595664e-19
1.133901e+02 5.643189e-19 5.643189e-19
1.134901e+02 5.695868e-19 5.695868e-19
1.135901e+02 5.746852e-19 5.746852e-19
1.136901e+02 5.780978e-19 5.780978e-19
1.137901e+02 5.814339e-19 5.814339e-19
1.138901e+02 5.843194e-19 5.843194e-19
1.139901e+02 5.876021e-19 5.876021e-19
1.140901e+02 5.912376e-19 5.912376e-19
1.141901e+02 5.952058e-19 5.952058e-19
1.142901e+02 6.000055e-19 6.000055e-19
1.143901e+02 6.047313e-19 6.047313e-19
1.144901e+02 6.094571e-19 6.094571e-19
1.145901e+02 6.148678e-19 6.148678e-19
1.146901e+02 6.209408e-19 6.209408e-19
1.147901e+02 6.265241e-19 6.265241e-19
1.148901e+02 6.317038e-19 6.317038e-19
1.149901e+02 6.368836e-19 6.368836e-19
1.150901e+02 6.416910e-19 6.416910e-19
1.151901e+02 6.454103e-19 6.454103e-19
1.152901e+02 6.496043e-19 6.496043e-19
1.153901e+02 6.537984e-19 6.537984e-19
1.154901e+02 6.581962e-19 6.581962e-19
1.155901e+02 6.627833e-19 6.627833e-19
1.156901e+02 6.672071e-19 6.672071e-19
1.157901e+02 6.717586e-19 6.717586e-19
1.158901e+02 6.763474e-19 6.763474e-19
1.159901e+02 6.809362e-19 6.809362e-19
1.160901e+02 6.852386e-19 6.852386e-19
1.161901e+02 6.891768e-19 6.891768e-19
1.162901e+02 6.932108e-19 6.932108e-19
1.163901e+02 6.973143e-19 6.973143e-19
1.164901e+02 7.011213e-19 7.011213e-19
1.165901e+02 7.047645e-19 7.047645e-19
1.166901e+02 7.084076e-19 7.084076e-19
1.167901e+02 7.121994e-19 7.121994e-19
1.168901e+02 7.174316e-19 7.174316e-19
1.169901e+02 7.226580e-19 7.226580e-19
1.170901e+02 7.276681e-19 7.276681e-19
1.171901e+02 7.322471e-19 7.322471e-19
1.172901e+02 7.364434e-19 7.364434e-19
1.173901e+02 7.402654e-19 7.402654e-19
1.174901e+02 7.438675e-19 7.438675e-19
1.175901e+02 7.479137e-19 7.479137e-19
1.176901e+02 7.518849e-19 7.518849e-19
1.177901e+02 7.548375e-19 7.548375e-19
1.178901e+02 7.577901e-19 7.577901e-19
1.179901e+02 7.607427e-19 7.607427e-19
1.180901e+02 7.636953e-19 7.636953e-19
1.181901e+02 7.666399e-19 7.666399e-19
1.182901e+02 7.694931e-19 7.694931e-19
1.183901e+02 7.722880e-19 7.722880e-19
1.184901e+02 7.750829e-19 7.750829e-19
1.185901e+02 7.778286e-19 7.778286e-19
1.186901e+02 7.804009e-19 7.804009e-19
1.187901e+02 7.829733e-19 7.829733e-19
1.188901e+02 7.855695e-19 7.855695e-19
1.189901e+02 7.884592e-19 7.884592e-19
1.190901e+02 7.914389e-19 7.914389e-19
1.191901e+02 7.943984e-19 7.943984e-19
1.192901e+02 7.973578e-19 7.973578e-19
1.193901e+02 8.003173e-19 8.003173e-19
1.194901e+02 8.031967e-19 8.031967e-19
1.195901e+02 8.059028e-19 8.059028e-19
1.196901e+02 8.086089e-19 8.086089e-19
1.197901e+02 8.111126e-19 8.111126e-19
1.198901e+02 8.134282e-19 8.134282e-19
1.199901e+02 8.157439e-19 8.157439e-19
1.200901e+02 8.179495e-19 8.179495e-19
1.201901e+02 8.193530e-19 8.193530e-19
1.202901e+02 8.207517e-19 8.207517e-19
1.203901e+02 8.219414e-19 8.219414e-19
1.204901e+02 8.229837e-19 8.229837e-19
1.205901e+02 8.248791e-19 8.248791e-19
1.206901e+02 8.268443e-19 8.268443e-19
1.207901e+02 8.289041e-19 8.289041e-19
1.208901e+02 8.309648e-19 8.309648e-19
1.209901e+02 8.330254e-19 8.330254e-19
1.210901e+02 8.349847e-19 8.349847e-19
1.211901e+02 8.369325e-19 8.369325e-19
1.212901e+02 8.388555e-19 8.388555e-19
1.213901e+02 8.407396e-19 8.407396e-19
1.214901e+02 8.425952e-19 8.425952e-19
1.215901e+02 8.444509e-19 8.444509e-19
1.216901e+02 8.459324e-19 8.459324e-19
1.217901e+02 8.473393e-19 8.473393e-19
1.218901e+02 8.487461e-19 8.487461e-19
1.219901e+02 8.501529e-19 8.501529e-19
1.220901e+02 8.512907e-19 8.512907e-19
1.221901e+02 8.523975e-19 8.523975e-19
1.222901e+02 8.535022e-19 8.535022e-19
1.223901e+02 8.543752e-19 8.543752e-19
1.224901e+02 8.552482e-19 8.552482e-19
1.225901e+02 8.560330e-19 8.560330e-19
1.226901e+02 8.560850e-19 8.560850e-19
1.227901e+02 8.561826e-19 8.561826e-19
1.228901e+02 8.562802e-19 8.562802e-19
1.229901e+02 8.563778e-19 8.563778e-19
1.230901e+02 8.571471e-19 8.571471e-19
1.231901e+02 8.577936e-19 8.577936e-19
1.232901e+02 8.582935e-19 8.582935e-19
1.233901e+02 8.587657e-19 8.587657e-19
1.234901e+02 8.592380e-19 8.592380e-19
1.235901e+02 8.597102e-19 8.597102e-19
1.236901e+02 8.601316e-19 8.601316e-19
1.237901e+02 8.603493e-19 8.603493e-19
1.238901e+02 8.603315e-19 8.603315e-19
1.239901e+02 8.602621e-19 8.602621e-19
1.240901e+02 8.607538e-19 8.607538e-19
1.241901e+02 8.614283e-19 8.614283e-19
1.242901e+02 8.620389e-19 8.620389e-19
1.243901e+02 8.626176e-19 8.626176e-19
1.244901e+02 8.633122e-19 8.633122e-19
1.245901e+02 8.640068e-19 8.640068e-19
1.246901e+02 8.645121e-19 8.645121e-19
1.247901e+02 8.644603e-19 8.644603e-19
1.248901e+02 8.641705e-19 8.641705e-19
1.249901e+02 8.638807e-19 8.638807e-19
1.250901e+02 8.635946e-19 8.635946e-19
1.251901e+02 8.633093e-19 8.633093e-19
1.252901e+02 8.631946e-19 8.631946e-19
1.253901e+02 8.631760e-19 8.631760e-19
1.254901e+02 8.622960e-19 8.622960e-19
1.255901e+02 8.614020e-19 8.614020e-19
1.256901e+02 8.604652e-19 8.604652e-19
1.257901e+02 8.593737e-19 8.593737e-19
1.258901e+02 8.582670e-19 8.582670e-19
1.259901e+02 8.571367e-19 8.571367e-19
1.260901e+02 8.559833e-19 8.559833e-19
1.261901e+02 8.549215e-19 8.549215e-19
1.262901e+02 8.538887e-19 8.538887e-19
1.263901e+02 8.528560e-19 8.528560e-19
1.264901e+02 8.518232e-19 8.518232e-19
1.265901e+02 8.507904e-19 8.507904e-19
1.266901e+02 8.496458e-19 8.496458e-19
1.267901e+02 8.478707e-19 8.478707e-19
1.268901e+02 8.460153e-19 8.460153e-19
1.269901e+02 8.441599e-19 8.441599e-19
1.270901e+02 8.424505e-19 8.424505e-19
1.271901e+02 8.414078e-19 8.414078e-19
1.272901e+02 8.403886e-19 8.403886e-19
1.273901e+02 8.394916e-19 8.394916e-19
1.274901e+02 8.385947e-19 8.385947e-19
1.275901e+02 8.371305e-19 8.371305e-19
1.276901e+02 8.354357e-19 8.354357e-19
1.277901e+02 8.337409e-19 8.337409e-19
1.278901e+02 8.320461e-19 8.320461e-19
1.279901e+02 8.303030e-19 8.303030e-19
1.280901e+02 8.284253e-19 8.284253e-19
1.281901e+02 8.265776e-19 8.265776e-19
1.282901e+02 8.247299e-19 8.247299e-19
1.283901e+02 8.227950e-19 8.227950e-19
1.284901e+02 8.207401e-19 8.207401e-19
1.285901e+02 8.185456e-19 8.185456e-19
1.286901e+02 8.165455e-19 8.165455e-19
1.287901e+02 8.148654e-19 8.148654e-19
1.288901e+02 8.131823e-19 8.131823e-19
1.289901e+02 8.114992e-19 8.114992e-19
1.290901e+02 8.095510e-19 8.095510e-19
1.291901e+02 8.076847e-19 8.076847e-19
1.292901e+02 8.058361e-19 8.058361e-19
1.293901e+02 8.039892e-19 8.039892e-19
1.294901e+02 8.024658e-19 8.024658e-19
1.295901e+02 8.003147e-19 8.003147e-19
1.296901e+02 7.981637e-19 7.981637e-19
1.297901e+02 7.960126e-19 7.960126e-19
1.298901e+02 7.938616e-19 7.938616e-19
1.299901e+02 7.916256e-19 7.916256e-19
1.300901e+02 7.891965e-19 7.891965e-19
1.301901e+02 7.866414e-19 7.866414e-19
1.302901e+02 7.837637e-19 7.837637e-19
1.303901e+02 7.808969e-19 7.808969e-19
1.304901e+02 7.780301e-19 7.780301e-19
1.305901e+02 7.751639e-19 7.751639e-19
1.306901e+02 7.723101e-19 7.723101e-19
1.307901e+02 7.694562e-19 7.694562e-19
1.308901e+02 7.665694e-19 7.665694e-19
1.309901e+02 7.644746e-19 7.644746e-19
1.310901e+02 7.624861e-19 7.624861e-19
1.311901e+02 7.604976e-19 7.604976e-19
1.312901e+02 7.585091e-19 7.585091e-19
1.313901e+02 7.563289e-19 7.563289e-19
1.314901e+02 7.531428e-19 7.531428e-19
1.315901e+02 7.497096e-19 7.497096e-19
1.316901e+02 7.462249e-19 7.462249e-19
1.317901e+02 7.427403e-19 7.427403e-19
1.318901e+02 7.392557e-19 7.392557e-19
1.319901e+02 7.360590e-19 7.360590e-19
1.320901e+02 7.328785e-19 7.328785e-19
1.321901e+02 7.296980e-19 7.296980e-19
1.322901e+02 7.265175e-19 7.265175e-19
1.323901e+02 7.232381e-19 7.232381e-19
1.324901e+02 7.199410e-19 7.199410e-19
1.325901e+02 7.166439e-19 7.166439e-19
1.326901e+02 7.138322e-19 7.138322e-19
1.327901e+02 7.119049e-19 7.119049e-19
1.328901e+02 7.099776e-19 7.099776e-19
1.329901e+02 7.080503e-19 7.080503e-19
1.330901e+02 7.061230e-19 7.061230e-19
1.331901e+02 7.032777e-19 7.032777e-19
1.332901e+02 6.994048e-19 6.994048e-19
1.333901e+02 6.955319e-19 6.955319e-19
1.334901e+02 6.915189e-19 6.915189e-19
1.335901e+02 6.873347e-19 6.873347e-19
1.336901e+02 6.831321e-19 6.831321e-19
1.337901e+02 6.789079e-19 6.789079e-19
1.338901e+02 6.746131e-19 6.746131e-19
1.339901e+02 6.704847e-19 6.704847e-19
1.340901e+02 6.669532e-19 6.669532e-19
1.341901e+02 6.634216e-19 6.634216e-19
1.342901e+02 6.600914e-19 6.600914e-19
1.343901e+02 6.577316e-19 6.577316e-19
1.344901e+02 6.554436e-19 6.554436e-19
1.345901e+02 6.528946e-19 6.528946e-19
1.346901e+02 6.502819e-19 6.502819e-19
1.347901e+02 6.454078e-19 6.454078e-19
1.348901e+02 6.397527e-19 6.397527e-19
1.349901e+02 6.347740e-19 6.347740e-19
1.350901e+02 6.321788e-19 6.321788e-19
1.351901e+02 6.295221e-19 6.295221e-19
1.352901e+02 6.265076e-19 6.265076e-19
1.353901e+02 6.234807e-19 6.234807e-19
1.354901e+02 6.197549e-19 6.197549e-19
1.355901e+02 6.160291e-19 6.160291e-19
1.356901e+02 6.123033e-19 6.123033e-19
1.357901e+02 6.085460e-19 6.085460e-19
1.358901e+02 6.046574e-19 6.046574e-19
1.359901e+02 6.007108e-19 6.007108e-19
1.360901e+02 5.970012e-19 5.970012e-19
1.361901e+02 5.944292e-19 5.944292e-19
1.362901e+02 5.919308e-19 5.919308e-19
1.363901e+02 5.894323e-19 5.894323e-19
1.364901e+02 5.869338e-19 5.869338e-19
1.365901e+02 5.843039e-19 5.843039e-19
1.366901e+02 5.807532e-19 5.807532e-19
1.367901e+02 5.772387e-19 5.772387e-19
1.368901e+02 5.727497e-19 5.727497e-19
1.369901e+02 5.690915e-19 5.690915e-19
1.370901e+02 5.658720e-19 5.658720e-19
1.371901e+02 5.626525e-19 5.626525e-19
1.372901e+02 5.594330e-19 5.594330e-19
1.373901e+02 5.562136e-19 5.562136e-19
1.374901e+02 5.514524e-19 5.514524e-19
1.375901e+02 5.471025e-19 5.471025e-19
1.376901e+02 5.427526e-19 5.427526e-19
1.377901e+02 5.384028e-19 5.384028e-19
1.378901e+02 5.347461e-19 5.347461e-19
1.379901e+02 5.311054e-19 5.311054e-19
1.380901e+02 5.274646e-19 5.274646e-19
1.381901e+02 5.238239e-19 5.238239e-19
1.382901e+02 5.203601e-19 5.203601e-19
1.383901e+02 5.170154e-19 5.170154e-19
1.384901e+02 5.136707e-19 5.136707e-19
1.385901e+02 5.106663e-19 5.106663e-19
1.386901e+02 5.079330e-19 5.079330e-19
1.387901e+02 5.049880e-19 5.049880e-19
1.388901e+02 5.015647e-19 5.015647e-19
1.389901e+02 4.981414e-19 4.981414e-19
1.390901e+02 4.947181e-19 4.947181e-19
1.391901e+02 4.912981e-19 4.912981e-19
1.392901e+02 4.878839e-19 4.878839e-19
1.393901e+02 4.844698e-19 4.844698e-19
1.394901e+02 4.811338e-19 4.811338e-19
1.395901e+02 4.781548e-19 4.781548e-19
1.396901e+02 4.751758e-19 4.751758e-19
1.397901e+02 4.720998e-19 4.720998e-19
1.398901e+02 4.681592e-19 4.681592e-19
1.399901e+02 4.644187e-19 4.644187e-19
1.400901e+02 4.607671e-19 4.607671e-19
1.401901e+02 4.571156e-19 4.571156e-19
1.402901e+02 4.534641e-19 4.534641e-19
1.403901e+02 4.498198e-19 4.498198e-19
1.404901e+02 4.464290e-19 4.464290e-19
1.405901e+02 4.430463e-19 4.430463e-19
1.406901e+02 4.396636e-19 4.396636e-19
1.407901e+02 4.362809e-19 4.362809e-19
1.408901e+02 4.328982e-19 4.328982e-19
1.409901e+02 4.295156e-19 4.295156e-19
1.410901e+02 4.265346e-19 4.265346e-19
1.411901e+02 4.236504e-19 4.236504e-19
1.412901e+02 4.206797e-19 4.206797e-19
1.413901e+02 4.176932e-19 4.176932e-19
1.414901e+02 4.147067e-19 4.147067e-19
1.415901e+02 4.117203e-19 4.117203e-19
1.416901e+02 4.088368e-19 4.088368e-19
1.417901e+02 4.058811e-19 4.058811e-19
1.418901e+02 4.029254e-19 4.029254e-19
1.419901e+02 3.999697e-19 3.999697e-19
1.420901e+02 3.972712e-19 3.972712e-19
1.421901e+02 3.954024e-19 3.954024e-19
1.422901e+02 3.935703e-19 3.935703e-19
1.423901e+02 3.917382e-19 3.917382e-19
1.424901e+02 3.899061e-19 3.899061e-19
1.425901e+02 3.870121e-19 3.870121e-19
1.426901e+02 3.834117e-19 3.834117e-19
1.427901e+02 3.798114e-19 3.798114e-19
1.428901e+02 3.762111e-19 3.762111e-19
1.429901e+02 3.726108e-19 3.726108e-19
1.430901e+02 3.689754e-19 3.689754e-19
1.431901e+02 3.652642e-19 3.652642e-19
1.432901e+02 3.615531e-19 3.615531e-19
1.433901e+02 3.578419e-19 3.578419e-19
1.434901e+02 3.541308e-19 3.541308e-19
1.435901e+02 3.504196e-19 3.504196e-19
1.436901e+02 3.469851e-19 3.469851e-19
1.437901e+02 3.442700e-19 3.442700e-19
1.438901e+02 3.415548e-19 3.415548e-19
1.439901e+02 3.390109e-19 3.390109e-19
1.440901e+02 3.365050e-19 3.365050e-19
1.441901e+02 3.341398e-19 3.341398e-19
1.442901e+02 3.319066e-19 3.319066e-19
1.443901e+02 3.296734e-19 3.296734e-19
1.444901e+02 3.274402e-19 3.274402e-19
1.445901e+02 3.252493e-19 3.252493e-19
1.446901e+02 3.232123e-19 3.232123e-19
1.447901e+02 3.205047e-19 3.205047e-19
1.448901e+02 3.175987e-19 3.175987e-19
1.449901e+02 3.147228e-19 3.147228e-19
1.450901e+02 3.118469e-19 3.118469e-19
1.451901e+02 3.089710e-19 3.089710e-19
1.452901e+02 3.061393e-19 3.061393e-19
1.453901e+02 3.033589e-19 3.033589e-19
1.454901e+02 3.005785e-19 3.005785e-19
1.455901e+02 2.990077e-19 2.990077e-19
1.456901e+02 2.986811e-19 2.986811e-19
1.457901e+02 2.983546e-19 2.983546e-19
1.458901e+02 2.866746e-19 2.866746e-19
1.459901e+02 2.837516e-19 2.837516e-19
1.460901e+02 2.808285e-19 2.808285e-19
1.461901e+02 2.779055e-19 2.779055e-19
1.462901e+02 2.749825e-19 2.749825e-19
1.463901e+02 2.720595e-19 2.720595e-19
1.464901e+02 2.691364e-19 2.691364e-19
1.465901e+02 2.663753e-19 2.663753e-19
1.466901e+02 2.636658e-19 2.636658e-19
1.467901e+02 2.609563e-19 2.609563e-19
1.468901e+02 2.582468e-19 2.582468e-19
1.469901e+02 2.555373e-19 2.555373e-19
1.470901e+02 2.528278e-19 2.528278e-19
1.471901e+02 2.503425e-19 2.503425e-19
1.472901e+02 2.485658e-19 2.485658e-19
1.473901e+02 2.467891e-19 2.467891e-19
1.474901e+02 2.452785e-19 2.452785e-19
1.475901e+02 2.438208e-19 2.438208e-19
1.476901e+02 2.423630e-19 2.423630e-19
1.477901e+02 2.409452e-19 2.409452e-19
1.478901e+02 2.396531e-19 2.396531e-19
1.479901e+02 2.383609e-19 2.383609e-19
1.480901e+02 2.370687e-19 2.370687e-19
1.481901e+02 2.357766e-19 2.357766e-19
1.482901e+02 2.344844e-19 2.344844e-19
1.483901e+02 2.328220e-19 2.328220e-19
1.484901e+02 2.302763e-19 2.302763e-19
1.485901e+02 2.277306e-19 2.277306e-19
1.486901e+02 2.251849e-19 2.251849e-19
1.487901e+02 2.226393e-19 2.226393e-19
1.488901e+02 2.200936e-19 2.200936e-19
1.489901e+02 2.175479e-19 2.175479e-19
1.490901e+02 2.150022e-19 2.150022e-19
1.491901e+02 2.124565e-19 2.124565e-19
1.492901e+02 2.099141e-19 2.099141e-19
1.493901e+02 2.073733e-19 2.073733e-19
1.494901e+02 2.048325e-19 2.048325e-19
1.495901e+02 2.022918e-19 2.022918e-19
1.496901e+02 1.997510e-19 1.997510e-19
1.497901e+02 1.972102e-19 1.972102e-19
1.498901e+02 1.946695e-19 1.946695e-19
1.499901e+02 1.921287e-19 1.921287e-19
1.500901e+02 1.895879e-19 1.895879e-19
1.501901e+02 1.870731e-19 1.870731e-19
1.502901e+02 1.852669e-19 1.852669e-19
1.503901e+02 1.837243e-19 1.837243e-19
1.504901e+02 1.821817e-19 1.821817e-19
1.505901e+02 1.806391e-19 1.806391e-19
1.506901e+02 1.790965e-19 1.790965e-19
1.507901e+02 1.775539e-19 1.775539e-19
1.508901e+02 1.758372e-19 1.758372e-19
1.509901e+02 1.739223e-19 1.739223e-19
1.510901e+02 1.720073e-19 1.720073e-19
1.511901e+02 1.700923e-19 1.700923e-19
1.512901e+02 1.681773e-19 1.681773e-19
1.513901e+02 1.662624e-19 1.662624e-19
1.514901e+02 1.643474e-19 1.643474e-19
1.515901e+02 1.624324e-19 1.624324e-19
1.516901e+02 1.605174e-19 1.605174e-19
1.517901e+02 1.586025e-19 1.586025e-19
1.518901e+02 1.566875e-19 1.566875e-19
1.519901e+02 1.547725e-19 1.547725e-19
1.520901e+02 1.528576e-19 1.528576e-19
1.521901e+02 1.509426e-19 1.509426e-19
1.522901e+02 1.490276e-19 1.490276e-19
1.523901e+02 1.471126e-19 1.471126e-19
1.524901e+02 1.451977e-19 1.451977e-19
1.525901e+02 1.432827e-19 1.432827e-19
1.526901e+02 1.413677e-19 1.413677e-19
1.527901e+02 1.394527e-19 1.394527e-19
1.528901e+02 1.375428e-19 1.375428e-19
1.529901e+02 1.358843e-19 1.358843e-19
1.530901e+02 1.342258e-19 1.342258e-19
1.531901e+02 1.325673e-19 1.325673e-19
1.532901e+02 1.309088e-19 1.309088e-19
1.533901e+02 1.296685e-19 1.296685e-19
1.534901e+02 1.284302e-19 1.284302e-19
1.535901e+02 1.271919e-19 1.271919e-19
1.536901e+02 1.259536e-19 1.259536e-19
1.537901e+02 1.247153e-19 1.247153e-19
1.538901e+02 1.234769e-19 1.234769e-19
1.539901e+02 1.215029e-19 1.215029e-19
1.540901e+02 1.201859e-19 1.201859e-19
1.541901e+02 1.188689e-19 1.188689e-19
1.542901e+02 1.175518e-19 1.175518e-19
1.543901e+02 1.162348e-19 1.162348e-19
1.544901e+02 1.149177e-19 1.149177e-19
1.545901e+02 1.136007e-19 1.136007e-19
1.546901e+02 1.122837e-19 1.122837e-19
1.547901e+02 1.109666e-19 1.109666e-19
1.548901e+02 1.096496e-19 1.096496e-19
1.549901e+02 1.083326e-19 1.083326e-19
1.550901e+02 1.070155e-19 1.070155e-19
1.551901e+02 1.056985e-19 1.056985e-19
1.552901e+02 1.043815e-19 1.043815e-19
1.553901e+02 1.030644e-19 1.030644e-19
1.554901e+02 1.017474e-19 1.017474e-19
1.555901e+02 1.004304e-19 1.004304e-19
1.556901e+02 9.911333e-20 9.911333e-20
1.557901e+02 9.779630e-20 9.779630e-20
1.558901e+02 9.647926e-20 9.647926e-20
1.559901e+02 9.516223e-20 9.516223e-20
1.560901e+02 9.384519e-20 9.384519e-20
1.561901e+02 9.265669e-20 9.265669e-20
1.562901e+02 9.168364e-20 9.168364e-20
1.563901e+02 9.071058e-20 9.071058e-20
1.564901e+02 8.973752e-20 8.973752e-20
1.565901e+02 8.876446e-20 8.876446e-20
1.566901e+02 8.779141e-20 8.779141e-20
1.567901e+02 8.681835e-20 8.681835e-20
1.568901e+02 8.608322e-20 8.608322e-20
1.569901e+02 8.549359e-20 8.549359e-20
1.570901e+02 8.490397e-20 8.490397e-20
1.571901e+02 8.431434e-20 8.431434e-20
1.572901e+02 8.372471e-20 8.372471e-20
1.573901e+02 8.313508e-20 8.313508e-20
1.574901e+02 8.254546e-20 8.254546e-20
1.575901e+02 8.195583e-20 8.195583e-20
1.576901e+02 8.051955e-20 8.051955e-20
1.577901e+02 7.867624e-20 7.867624e-20
1.578901e+02 7.683294e-20 7.683294e-20
1.579901e+02 7.498963e-20 7.498963e-20
1.580901e+02 7.324278e-20 7.324278e-20
1.581901e+02 7.253207e-20 7.253207e-20
1.582901e+02 7.182136e-20 7.182136e-20
1.583901e+02 7.111065e-20 7.111065e-20
1.584901e+02 7.039994e-20 7.039994e-20
1.585901e+02 6.968923e-20 6.968923e-20
1.586901e+02 6.897853e-20 6.897853e-20
1.587901e+02 6.826782e-20 6.826782e-20
1.588901e+02 6.755711e-20 6.755711e-20
1.589901e+02 6.684640e-20 6.684640e-20
1.590901e+02 6.615455e-20 6.615455e-20
1.591901e+02 6.546607e-20 6.546607e-20
1.592901e+02 6.477759e-20 6.477759e-20
1.593901e+02 6.408910e-20 6.408910e-20
1.594901e+02 6.340062e-20 6.340062e-20
1.595901e+02 6.271213e-20 6.271213e-20
1.596901e+02 6.202365e-20 6.202365e-20
1.597901e+02 6.133517e-20 6.133517e-20
1.598901e+02 6.026650e-20 6.026650e-20
1.599901e+02 5.901609e-20 5.901609e-20
1.600901e+02 5.776569e-20 5.776569e-20
1.601901e+02 5.651529e-20 5.651529e-20
1.602901e+02 5.526489e-20 5.526489e-20
1.603901e+02 5.401448e-20 5.401448e-20
1.604901e+02 5.276408e-20 5.276408e-20
1.605901e+02 5.151368e-20 5.151368e-20
1.606901e+02 5.059334e-20 5.059334e-20
1.607901e+02 5.014443e-20 5.014443e-20
1.608901e+02 4.969553e-20 4.969553e-20
1.609901e+02 4.924662e-20 4.924662e-20
1.610901e+02 4.879772e-20 4.879772e-20
1.611901e+02 4.834882e-20 4.834882e-20
1.612901e+02 4.789991e-20 4.789991e-20
1.613901e+02 4.745101e-20 4.745101e-20
1.614901e+02 4.699507e-20 4.699507e-20
1.615901e+02 4.645072e-20 4.645072e-20
1.616901e+02 4.590637e-20 4.590637e-20
1.617901e+02 4.536202e-20 4.536202e-20
1.618901e+02 4.481767e-20 4.481767e-20
1.619901e+02 4.427332e-20 4.427332e-20
1.620901e+02 4.372897e-20 4.372897e-20
1.621901e+02 4.318463e-20 4.318463e-20
1.622901e+02 4.264028e-20 4.264028e-20
1.623901e+02 4.209593e-20 4.209593e-20
1.624901e+02 4.155158e-20 4.155158e-20
1.625901e+02 4.100723e-20 4.100723e-20
1.626901e+02 4.046288e-20 4.046288e-20
1.627901e+02 3.991853e-20 3.991853e-20
1.628901e+02 3.937419e-20 3.937419e-20
1.629901e+02 3.882984e-20 3.882984e-20
1.630901e+02 3.828549e-20 3.828549e-20
1.631901e+02 3.774114e-20 3.774114e-20
1.632901e+02 3.719679e-20 3.719679e-20
1.633901e+02 3.665244e-20 3.665244e-20
1.634901e+02 3.610810e-20 3.610810e-20
1.635901e+02 3.556375e-20 3.556375e-20
1.636901e+02 3.501940e-20 3.501940e-20
1.637901e+02 3.447505e-20 3.447505e-20
1.638901e+02 3.393070e-20 3.393070e-20
1.639901e+02 3.338635e-20 3.338635e-20
1.640901e+02 3.284200e-20 3.284200e-20
1.641901e+02 3.229766e-20 3.229766e-20
1.642901e+02 3.175331e-20 3.175331e-20
1.643901e+02 3.120896e-20 3.120896e-20
1.644901e+02 3.076916e-20 3.076916e-20
1.645901e+02 3.035317e-20 3.035317e-20
1.646901e+02 2.993718e-20 2.993718e-20
1.647901e+02 2.952119e-20 2.952119e-20
1.648901e+02 2.910520e-20 2.910520e-20
1.649901e+02 2.868921e-20 2.868921e-20
1.650901e+02 2.827322e-20 2.827322e-20
1.651901e+02 2.785723e-20 2.785723e-20
1.652901e+02 2.744124e-20 2.744124e-20
1.653901e+02 2.702525e-20 2.702525e-20
1.654901e+02 2.660926e-20 2.660926e-20
1.655901e+02 2.620106e-20 2.620106e-20
1.656901e+02 2.579874e-20 2.579874e-20
1.657901e+02 2.539643e-20 2.539643e-20
1.658901e+02 2.499412e-20 2.499412e-20
1.659901e+02 2.459180e-20 2.459180e-20
1.660901e+02 2.418949e-20 2.418949e-20
1.661901e+02 2.378718e-20 2.378718e-20
1.662901e+02 2.338486e-20 2.338486e-20
1.663901e+02 2.298255e-20 2.298255e-20
1.664901e+02 2.258024e-20 2.258024e-20
1.665901e+02 2.217793e-20 2.217793e-20
1.666901e+02 2.177561e-20 2.177561e-20
1.667901e+02 2.137330e-20 2.137330e-20
1.668901e+02 2.097099e-20 2.097099e-20
1.669901e+02 2.061808e-20 2.061808e-20
1.670901e+02 2.029575e-20 2.029575e-20
1.671901e+02 1.997342e-20 1.997342e-20
1.672901e+02 1.965109e-20 1.965109e-20
1.673901e+02 1.932875e-20 1.932875e-20
1.674901e+02 1.900642e-20 1.900642e-20
1.675901e+02 1.868409e-20 1.868409e-20
1.676901e+02 1.836176e-20 1.836176e-20
1.677901e+02 1.803943e-20 1.803943e-20
1.678901e+02 1.771710e-20 1.771710e-20
1.679901e+02 1.739476e-20 1.739476e-20
1.680901e+02 1.707676e-20 1.707676e-20
1.681901e+02 1.691900e-20 1.691900e-20
1.682901e+02 1.676124e-20 1.676124e-20
1.683901e+02 1.660349e-20 1.660349e-20
1.684901e+02 1.644573e-20 1.644573e-20
1.685901e+02 1.628798e-20 1.628798e-20
1.686901e+02 1.613022e-20 1.613022e-20
1.687901e+02 1.597247e-20 1.597247e-20
1.688901e+02 1.581471e-20 1.581471e-20
1.689901e+02 1.565696e-20 1.565696e-20
1.690901e+02 1.549920e-20 1.549920e-20
1.691901e+02 1.534144e-20 1.534144e-20
1.692901e+02 1.508636e-20 1.508636e-20
1.693901e+02 1.458051e-20 1.458051e-20
1.694901e+02 1.407466e-20 1.407466e-20
1.695901e+02 1.356881e-20 1.356881e-20
1.696901e+02 1.306296e-20 1.306296e-20
1.697901e+02 1.255711e-20 1.255711e-20
1.698901e+02 1.205126e-20 1.205126e-20
1.699901e+02 1.154541e-20 1.154541e-20
1.700901e+02 1.103956e-20 1.103956e-20
1.701901e+02 1.054054e-20 1.054054e-20
1.702901e+02 1.040242e-20 1.040242e-20
1.703901e+02 1.026430e-20 1.026430e-20
1.704901e+02 1.012618e-20 1.012618e-20
1.705901e+02 9.988060e-21 9.988060e-21
1.706901e+02 9.849940e-21 9.849940e-21
1.707901e+02 9.711821e-21 9.711821e-21
1.708901e+02 9.573702e-21 9.573702e-21
1.709901e+02 9.435583e-21 9.435583e-21
1.710901e+02 9.297464e-21 9.297464e-21
1.711901e+02 9.159344e-21 9.159344e-21
1.712901e+02 9.021225e-21 9.021225e-21
1.713901e+02 8.883106e-21 8.883106e-21
1.714901e+02 8.744987e-21 8.744987e-21
1.715901e+02 8.646695e-21 8.646695e-21
1.716901e+02 8.572175e-21 8.572175e-21
1.717901e+02 8.497656e-21 8.497656e-21
1.718901e+02 8.423137e-21 8.423137e-21
1.719901e+02 8.348617e-21 8.348617e-21
1.720901e+02 8.274098e-21 8.274098e-21
1.721901e+02 8.199579e-21 8.199579e-21
1.722901e+02 8.125059e-21 8.125059e-21
1.723901e+02 8.050540e-21 8.050540e-21
1.724901e+02 7.976020e-21 7.976020e-21
1.725901e+02 7.901501e-21 7.901501e-21
1.726901e+02 7.826982e-21 7.826982e-21
1.727901e+02 7.667864e-21 7.667864e-21
1.728901e+02 7.378898e-21 7.378898e-21
1.729901e+02 7.089932e-21 7.089932e-21
1.730901e+02 6.800966e-21 6.800966e-21
1.731901e+02 6.512000e-21 6.512000e-21
1.732901e+02 6.223034e-21 6.223034e-21
1.733901e+02 5.934068e-21 5.934068e-21
1.734901e+02 5.645102e-21 5.645102e-21
1.735901e+02 5.356136e-21 5.356136e-21
1.736901e+02 5.067170e-21 5.067170e-21
1.737901e+02 4.778204e-21 4.778204e-21
1.738901e+02 4.489238e-21 4.489238e-21
1.739901e+02 4.200272e-21 4.200272e-21
1.740901e+02 3.911306e-21 3.911306e-21
1.741901e+02 3.622340e-21 3.622340e-21
1.742901e+02 3.333374e-21 3.333374e-21
1.743901e+02 3.044408e-21 3.044408e-21
1.744901e+02 2.755442e-21 2.755442e-21
1.745901e+02 2.466476e-21 2.466476e-21
1.746901e+02 2.178652e-21 2.178652e-21
1.747901e+02 2.106830e-21 2.106830e-21
1.748901e+02 2.035007e-21 2.035007e-21
1.749901e+02 1.963185e-21 1.963185e-21
1.750901e+02 1.891363e-21 1.891363e-21
1.751901e+02 1.819540e-21 1.819540e-21
1.752901e+02 1.747718e-21 1.747718e-21
1.753901e+02 1.675895e-21 1.675895e-21
1.754901e+02 1.604073e-21 1.604073e-21
1.755901e+02 1.532250e-21 1.532250e-21
1.756901e+02 1.460428e-21 1.460428e-21
1.757901e+02 1.388606e-21 1.388606e-21
1.758901e+02 1.316783e-21 1.316783e-21
1.759901e+02 1.268266e-21 1.268266e-21
1.760901e+02 1.270609e-21 1.270609e-21
1.761901e+02 1.272952e-21 1.272952e-21
1.762901e+02 1.275296e-21 1.275296e-21
1.763901e+02 1.277639e-21 1.277639e-21
1.764901e+02 1.279982e-21 1.279982e-21
1.765901e+02 1.282325e-21 1.282325e-21
1.766901e+02 1.284668e-21 1.284668e-21
1.767901e+02 1.287011e-21 1.287011e-21
1.768901e+02 1.289354e-21 1.289354e-21
1.769901e+02 1.921044e-21 1.921044e-21
