# HCl photoabsorption / dissociation / ionisation cross sections.
# From the Leiden database for photodissociation and photoionization of astrophysically relevant molecules, http://home.strw.leidenuniv.nl/~ewine/photo/
# Created: Alan Heays 2015-09-03
# references: brion2005 10.1016/j.elspec.2005.01.010, bahou2001 http://stacks.iop.org/1538-4357/559/i=2/a=L179, frohlich1990daviel1984,
# no info on lines
# wavelength: (nm)
# Photoabsorption cross section (cm2)
# Photoionisation cross section (cm2)
# This version has been resampled to a uniform 0.1nm grid while maintaining a constant integrated cross section (using trapezoidal integration).
# wavelength photoabsorption photoionisation
4.428000e+00 2.307324e-18 2.307324e-18
4.528000e+00 2.305379e-18 2.305379e-18
4.628000e+00 2.281702e-18 2.281702e-18
4.728000e+00 2.313348e-18 2.313348e-18
4.828000e+00 2.358046e-18 2.358046e-18
4.928000e+00 2.408064e-18 2.408064e-18
5.028000e+00 2.465748e-18 2.465748e-18
5.128000e+00 2.508126e-18 2.508126e-18
5.228000e+00 2.569048e-18 2.569048e-18
5.328000e+00 2.604206e-18 2.604206e-18
5.428000e+00 2.668858e-18 2.668858e-18
5.528000e+00 2.748066e-18 2.748066e-18
5.628000e+00 2.758553e-18 2.758553e-18
5.728000e+00 2.659675e-18 2.659675e-18
5.828000e+00 2.384279e-18 2.384279e-18
5.928000e+00 1.815866e-18 1.815866e-18
6.028000e+00 1.061775e-18 1.061775e-18
6.128000e+00 5.799425e-19 5.799425e-19
6.228000e+00 4.021704e-19 4.021704e-19
6.328000e+00 3.465000e-19 3.465000e-19
6.428000e+00 3.539769e-19 3.539769e-19
6.528000e+00 3.646835e-19 3.646835e-19
6.628000e+00 3.791099e-19 3.791099e-19
6.728000e+00 3.852674e-19 3.852674e-19
6.828000e+00 3.876646e-19 3.876646e-19
6.928000e+00 3.906701e-19 3.906701e-19
7.028000e+00 3.972522e-19 3.972522e-19
7.128000e+00 4.083360e-19 4.083360e-19
7.228000e+00 4.266706e-19 4.266706e-19
7.328000e+00 4.363046e-19 4.363046e-19
7.428000e+00 4.358371e-19 4.358371e-19
7.528000e+00 4.463473e-19 4.463473e-19
7.628000e+00 4.485118e-19 4.485118e-19
7.728000e+00 4.622156e-19 4.622156e-19
7.828000e+00 4.683378e-19 4.683378e-19
7.928000e+00 4.729099e-19 4.729099e-19
8.028000e+00 5.032592e-19 5.032592e-19
8.128000e+00 5.053075e-19 5.053075e-19
8.228000e+00 5.152761e-19 5.152761e-19
8.328000e+00 5.256982e-19 5.256982e-19
8.428000e+00 5.359730e-19 5.359730e-19
8.528000e+00 5.486390e-19 5.486390e-19
8.628000e+00 5.561496e-19 5.561496e-19
8.728000e+00 5.530917e-19 5.530917e-19
8.828000e+00 5.701496e-19 5.701496e-19
8.928000e+00 5.834812e-19 5.834812e-19
9.028000e+00 5.960333e-19 5.960333e-19
9.128000e+00 6.076270e-19 6.076270e-19
9.228000e+00 6.036854e-19 6.036854e-19
9.328000e+00 6.119679e-19 6.119679e-19
9.428000e+00 6.258090e-19 6.258090e-19
9.528000e+00 6.424062e-19 6.424062e-19
9.628000e+00 6.468926e-19 6.468926e-19
9.728000e+00 6.528909e-19 6.528909e-19
9.828000e+00 6.626312e-19 6.626312e-19
9.928000e+00 6.825623e-19 6.825623e-19
1.002800e+01 6.981067e-19 6.981067e-19
1.012800e+01 6.995091e-19 6.995091e-19
1.022800e+01 7.058462e-19 7.058462e-19
1.032800e+01 7.148402e-19 7.148402e-19
1.042800e+01 7.176686e-19 7.176686e-19
1.052800e+01 7.234707e-19 7.234707e-19
1.062800e+01 7.414265e-19 7.414265e-19
1.072800e+01 7.544979e-19 7.544979e-19
1.082800e+01 7.602426e-19 7.602426e-19
1.092800e+01 7.681196e-19 7.681196e-19
1.102800e+01 7.779649e-19 7.779649e-19
1.112800e+01 7.854473e-19 7.854473e-19
1.122800e+01 7.912184e-19 7.912184e-19
1.132800e+01 7.988818e-19 7.988818e-19
1.142800e+01 8.079727e-19 8.079727e-19
1.152800e+01 8.161728e-19 8.161728e-19
1.162800e+01 8.234078e-19 8.234078e-19
1.172800e+01 8.297916e-19 8.297916e-19
1.182800e+01 8.342804e-19 8.342804e-19
1.192800e+01 8.392236e-19 8.392236e-19
1.202800e+01 8.512837e-19 8.512837e-19
1.212800e+01 8.633438e-19 8.633438e-19
1.222800e+01 8.754021e-19 8.754021e-19
1.232800e+01 8.874597e-19 8.874597e-19
1.242800e+01 8.971332e-19 8.971332e-19
1.252800e+01 9.012439e-19 9.012439e-19
1.262800e+01 9.053545e-19 9.053545e-19
1.272800e+01 9.127750e-19 9.127750e-19
1.282800e+01 9.211841e-19 9.211841e-19
1.292800e+01 9.299418e-19 9.299418e-19
1.302800e+01 9.410327e-19 9.410327e-19
1.312800e+01 9.521236e-19 9.521236e-19
1.322800e+01 9.608139e-19 9.608139e-19
1.332800e+01 9.655875e-19 9.655875e-19
1.342800e+01 9.703610e-19 9.703610e-19
1.352800e+01 9.768448e-19 9.768448e-19
1.362800e+01 9.849719e-19 9.849719e-19
1.372800e+01 9.930990e-19 9.930990e-19
1.382800e+01 9.989936e-19 9.989936e-19
1.392800e+01 1.002827e-18 1.002827e-18
1.402800e+01 1.006661e-18 1.006661e-18
1.412800e+01 1.011854e-18 1.011854e-18
1.422800e+01 1.019171e-18 1.019171e-18
1.432800e+01 1.026488e-18 1.026488e-18
1.442800e+01 1.033898e-18 1.033898e-18
1.452800e+01 1.042061e-18 1.042061e-18
1.462800e+01 1.050224e-18 1.050224e-18
1.472800e+01 1.058388e-18 1.058388e-18
1.482800e+01 1.065911e-18 1.065911e-18
1.492800e+01 1.073133e-18 1.073133e-18
1.502800e+01 1.080356e-18 1.080356e-18
1.512800e+01 1.087339e-18 1.087339e-18
1.522800e+01 1.091571e-18 1.091571e-18
1.532800e+01 1.095804e-18 1.095804e-18
1.542800e+01 1.100037e-18 1.100037e-18
1.552800e+01 1.104837e-18 1.104837e-18
1.562800e+01 1.110959e-18 1.110959e-18
1.572800e+01 1.111448e-18 1.111448e-18
1.582800e+01 1.101000e-18 1.101000e-18
1.592800e+01 1.099580e-18 1.099580e-18
1.602800e+01 1.116488e-18 1.116488e-18
1.612800e+01 1.133783e-18 1.133783e-18
1.622800e+01 1.152179e-18 1.152179e-18
1.632800e+01 1.168839e-18 1.168839e-18
1.642800e+01 1.174829e-18 1.174829e-18
1.652800e+01 1.180820e-18 1.180820e-18
1.662800e+01 1.183165e-18 1.183165e-18
1.672800e+01 1.185397e-18 1.185397e-18
1.682800e+01 1.186000e-18 1.186000e-18
1.692800e+01 1.186000e-18 1.186000e-18
1.702800e+01 1.182085e-18 1.182085e-18
1.712800e+01 1.173186e-18 1.173186e-18
1.722800e+01 1.166086e-18 1.166086e-18
1.732800e+01 1.179667e-18 1.179667e-18
1.742800e+01 1.193247e-18 1.193247e-18
1.752800e+01 1.199044e-18 1.199044e-18
1.762800e+01 1.200651e-18 1.200651e-18
1.772800e+01 1.203556e-18 1.203556e-18
1.782800e+01 1.213284e-18 1.213284e-18
1.792800e+01 1.223012e-18 1.223012e-18
1.802800e+01 1.229235e-18 1.229235e-18
1.812800e+01 1.233023e-18 1.233023e-18
1.822800e+01 1.236811e-18 1.236811e-18
1.832800e+01 1.232460e-18 1.232460e-18
1.842800e+01 1.227680e-18 1.227680e-18
1.852800e+01 1.222357e-18 1.222357e-18
1.862800e+01 1.215214e-18 1.215214e-18
1.872800e+01 1.208071e-18 1.208071e-18
1.882800e+01 1.211117e-18 1.211117e-18
1.892800e+01 1.227669e-18 1.227669e-18
1.902800e+01 1.244221e-18 1.244221e-18
1.912800e+01 1.245064e-18 1.245064e-18
1.922800e+01 1.231977e-18 1.231977e-18
1.932800e+01 1.218889e-18 1.218889e-18
1.942800e+01 1.221241e-18 1.221241e-18
1.952800e+01 1.236225e-18 1.236225e-18
1.962800e+01 1.251208e-18 1.251208e-18
1.972800e+01 1.258849e-18 1.258849e-18
1.982800e+01 1.258533e-18 1.258533e-18
1.992800e+01 1.258218e-18 1.258218e-18
2.002800e+01 1.256204e-18 1.256204e-18
2.012800e+01 1.250412e-18 1.250412e-18
2.022800e+01 1.244619e-18 1.244619e-18
2.032800e+01 1.239044e-18 1.239044e-18
2.042800e+01 1.240519e-18 1.240519e-18
2.052800e+01 1.241994e-18 1.241994e-18
2.062800e+01 1.243469e-18 1.243469e-18
2.072800e+01 1.250217e-18 1.250217e-18
2.082800e+01 1.259931e-18 1.259931e-18
2.092800e+01 1.269646e-18 1.269646e-18
2.102800e+01 1.276843e-18 1.276843e-18
2.112800e+01 1.268579e-18 1.268579e-18
2.122800e+01 1.260314e-18 1.260314e-18
2.132800e+01 1.252050e-18 1.252050e-18
2.142800e+01 1.247592e-18 1.247592e-18
2.152800e+01 1.246792e-18 1.246792e-18
2.162800e+01 1.245992e-18 1.245992e-18
2.172800e+01 1.245192e-18 1.245192e-18
2.182800e+01 1.251660e-18 1.251660e-18
2.192800e+01 1.260423e-18 1.260423e-18
2.202800e+01 1.269186e-18 1.269186e-18
2.212800e+01 1.277948e-18 1.277948e-18
2.222800e+01 1.266990e-18 1.266990e-18
2.232800e+01 1.253342e-18 1.253342e-18
2.242800e+01 1.239695e-18 1.239695e-18
2.252800e+01 1.226047e-18 1.226047e-18
2.262800e+01 1.232153e-18 1.232153e-18
2.272800e+01 1.241746e-18 1.241746e-18
2.282800e+01 1.251338e-18 1.251338e-18
2.292800e+01 1.260930e-18 1.260930e-18
2.302800e+01 1.258503e-18 1.258503e-18
2.312800e+01 1.250420e-18 1.250420e-18
2.322800e+01 1.242337e-18 1.242337e-18
2.332800e+01 1.234254e-18 1.234254e-18
2.342800e+01 1.227911e-18 1.227911e-18
2.352800e+01 1.224800e-18 1.224800e-18
2.362800e+01 1.221689e-18 1.221689e-18
2.372800e+01 1.218578e-18 1.218578e-18
2.382800e+01 1.215467e-18 1.215467e-18
2.392800e+01 1.219541e-18 1.219541e-18
2.402800e+01 1.224882e-18 1.224882e-18
2.412800e+01 1.230224e-18 1.230224e-18
2.422800e+01 1.235566e-18 1.235566e-18
2.432800e+01 1.240420e-18 1.240420e-18
2.442800e+01 1.242889e-18 1.242889e-18
2.452800e+01 1.245358e-18 1.245358e-18
2.462800e+01 1.247827e-18 1.247827e-18
2.472800e+01 1.250296e-18 1.250296e-18
2.482800e+01 1.250468e-18 1.250468e-18
2.492800e+01 1.245528e-18 1.245528e-18
2.502800e+01 1.240587e-18 1.240587e-18
2.512800e+01 1.235646e-18 1.235646e-18
2.522800e+01 1.230706e-18 1.230706e-18
2.532800e+01 1.227712e-18 1.227712e-18
2.542800e+01 1.230558e-18 1.230558e-18
2.552800e+01 1.233404e-18 1.233404e-18
2.562800e+01 1.236250e-18 1.236250e-18
2.572800e+01 1.239097e-18 1.239097e-18
2.582800e+01 1.241943e-18 1.241943e-18
2.592800e+01 1.238615e-18 1.238615e-18
2.602800e+01 1.235160e-18 1.235160e-18
2.612800e+01 1.231705e-18 1.231705e-18
2.622800e+01 1.228251e-18 1.228251e-18
2.632800e+01 1.224796e-18 1.224796e-18
2.642800e+01 1.223586e-18 1.223586e-18
2.652800e+01 1.224808e-18 1.224808e-18
2.662800e+01 1.226030e-18 1.226030e-18
2.672800e+01 1.227251e-18 1.227251e-18
2.682800e+01 1.228473e-18 1.228473e-18
2.692800e+01 1.229695e-18 1.229695e-18
2.702800e+01 1.230250e-18 1.230250e-18
2.712800e+01 1.230584e-18 1.230584e-18
2.722800e+01 1.230918e-18 1.230918e-18
2.732800e+01 1.231252e-18 1.231252e-18
2.742800e+01 1.231586e-18 1.231586e-18
2.752800e+01 1.231920e-18 1.231920e-18
2.762800e+01 1.237463e-18 1.237463e-18
2.772800e+01 1.244652e-18 1.244652e-18
2.782800e+01 1.251840e-18 1.251840e-18
2.792800e+01 1.259029e-18 1.259029e-18
2.802800e+01 1.266217e-18 1.266217e-18
2.812800e+01 1.273406e-18 1.273406e-18
2.822800e+01 1.279058e-18 1.279058e-18
2.832800e+01 1.283174e-18 1.283174e-18
2.842800e+01 1.287290e-18 1.287290e-18
2.852800e+01 1.291405e-18 1.291405e-18
2.862800e+01 1.295521e-18 1.295521e-18
2.872800e+01 1.299637e-18 1.299637e-18
2.882800e+01 1.303753e-18 1.303753e-18
2.892800e+01 1.316743e-18 1.316743e-18
2.902800e+01 1.330300e-18 1.330300e-18
2.912800e+01 1.343857e-18 1.343857e-18
2.922800e+01 1.357414e-18 1.357414e-18
2.932800e+01 1.370971e-18 1.370971e-18
2.942800e+01 1.384528e-18 1.384528e-18
2.952800e+01 1.397922e-18 1.397922e-18
2.962800e+01 1.409450e-18 1.409450e-18
2.972800e+01 1.420978e-18 1.420978e-18
2.982800e+01 1.432506e-18 1.432506e-18
2.992800e+01 1.444033e-18 1.444033e-18
3.002800e+01 1.455561e-18 1.455561e-18
3.012800e+01 1.467089e-18 1.467089e-18
3.022800e+01 1.478617e-18 1.478617e-18
3.032800e+01 1.495831e-18 1.495831e-18
3.042800e+01 1.513820e-18 1.513820e-18
3.052800e+01 1.531810e-18 1.531810e-18
3.062800e+01 1.549799e-18 1.549799e-18
3.072800e+01 1.567788e-18 1.567788e-18
3.082800e+01 1.585778e-18 1.585778e-18
3.092800e+01 1.603767e-18 1.603767e-18
3.102800e+01 1.632816e-18 1.632816e-18
3.112800e+01 1.685367e-18 1.685367e-18
3.122800e+01 1.737918e-18 1.737918e-18
3.132800e+01 1.790469e-18 1.790469e-18
3.142800e+01 1.833315e-18 1.833315e-18
3.152800e+01 1.861603e-18 1.861603e-18
3.162800e+01 1.889891e-18 1.889891e-18
3.172800e+01 1.918179e-18 1.918179e-18
3.182800e+01 1.940300e-18 1.940300e-18
3.192800e+01 1.951923e-18 1.951923e-18
3.202800e+01 1.963545e-18 1.963545e-18
3.212800e+01 1.975167e-18 1.975167e-18
3.222800e+01 1.997504e-18 1.997504e-18
3.232800e+01 2.053768e-18 2.053768e-18
3.242800e+01 2.110033e-18 2.110033e-18
3.252800e+01 2.166298e-18 2.166298e-18
3.262800e+01 2.222149e-18 2.222149e-18
3.272800e+01 2.237092e-18 2.237092e-18
3.282800e+01 2.252034e-18 2.252034e-18
3.292800e+01 2.266977e-18 2.266977e-18
3.302800e+01 2.281920e-18 2.281920e-18
3.312800e+01 2.329228e-18 2.329228e-18
3.322800e+01 2.393210e-18 2.393210e-18
3.332800e+01 2.457192e-18 2.457192e-18
3.342800e+01 2.521174e-18 2.521174e-18
3.352800e+01 2.586039e-18 2.586039e-18
3.362800e+01 2.654667e-18 2.654667e-18
3.372800e+01 2.723294e-18 2.723294e-18
3.382800e+01 2.791922e-18 2.791922e-18
3.392800e+01 2.860549e-18 2.860549e-18
3.402800e+01 2.919907e-18 2.919907e-18
3.412800e+01 2.973085e-18 2.973085e-18
3.422800e+01 3.026263e-18 3.026263e-18
3.432800e+01 3.079441e-18 3.079441e-18
3.442800e+01 3.132619e-18 3.132619e-18
3.452800e+01 3.166035e-18 3.166035e-18
3.462800e+01 3.196757e-18 3.196757e-18
3.472800e+01 3.227478e-18 3.227478e-18
3.482800e+01 3.258200e-18 3.258200e-18
3.492800e+01 3.281502e-18 3.281502e-18
3.502800e+01 3.064914e-18 3.064914e-18
3.512800e+01 2.848325e-18 2.848325e-18
3.522800e+01 2.631736e-18 2.631736e-18
3.532800e+01 2.415147e-18 2.415147e-18
3.542800e+01 3.593967e-18 3.593967e-18
3.552800e+01 3.994870e-18 3.994870e-18
3.562800e+01 4.165778e-18 4.165778e-18
3.572800e+01 4.512074e-18 4.512074e-18
3.582800e+01 4.784774e-18 4.784774e-18
3.592800e+01 3.729404e-18 3.729404e-18
3.602800e+01 4.607149e-18 4.607149e-18
3.612800e+01 4.431084e-18 4.431084e-18
3.622800e+01 4.556906e-18 4.556906e-18
3.632800e+01 4.231916e-18 4.231916e-18
3.642800e+01 4.185155e-18 4.185155e-18
3.652800e+01 4.918567e-18 4.918567e-18
3.662800e+01 5.312361e-18 5.312361e-18
3.672800e+01 5.150592e-18 5.150592e-18
3.682800e+01 4.977663e-18 4.977663e-18
3.692800e+01 4.965717e-18 4.965717e-18
3.702800e+01 5.078700e-18 5.078700e-18
3.712800e+01 4.957600e-18 4.957600e-18
3.722800e+01 5.825120e-18 5.825120e-18
3.732800e+01 5.898505e-18 5.898505e-18
3.742800e+01 5.868176e-18 5.868176e-18
3.752800e+01 6.089569e-18 6.089569e-18
3.762800e+01 6.374146e-18 6.374146e-18
3.772800e+01 6.258320e-18 6.258320e-18
3.782800e+01 6.300644e-18 6.300644e-18
3.792800e+01 6.494077e-18 6.494077e-18
3.802800e+01 6.645105e-18 6.645105e-18
3.812800e+01 7.017679e-18 7.017679e-18
3.822800e+01 6.882245e-18 6.882245e-18
3.832800e+01 7.111589e-18 7.111589e-18
3.842800e+01 7.045841e-18 7.045841e-18
3.852800e+01 7.381000e-18 7.381000e-18
3.862800e+01 7.133697e-18 7.133697e-18
3.872800e+01 6.951128e-18 6.951128e-18
3.882800e+01 7.195624e-18 7.195624e-18
3.892800e+01 7.458945e-18 7.458945e-18
3.902800e+01 8.453345e-18 8.453345e-18
3.912800e+01 8.596571e-18 8.596571e-18
3.922800e+01 8.400162e-18 8.400162e-18
3.932800e+01 8.300770e-18 8.300770e-18
3.942800e+01 8.228912e-18 8.228912e-18
3.952800e+01 8.563735e-18 8.563735e-18
3.962800e+01 9.202452e-18 9.202452e-18
3.972800e+01 9.113757e-18 9.113757e-18
3.982800e+01 8.857896e-18 8.857896e-18
3.992800e+01 9.417252e-18 9.417252e-18
4.002800e+01 1.007878e-17 1.007878e-17
4.012800e+01 1.018815e-17 1.018815e-17
4.022800e+01 1.004353e-17 1.004353e-17
4.032800e+01 1.075220e-17 1.075220e-17
4.042800e+01 1.140475e-17 1.140475e-17
4.052800e+01 1.089521e-17 1.089521e-17
4.062800e+01 1.015975e-17 1.015975e-17
4.072800e+01 1.016777e-17 1.016777e-17
4.082800e+01 1.062314e-17 1.062314e-17
4.092800e+01 1.047336e-17 1.047336e-17
4.102800e+01 1.139959e-17 1.139959e-17
4.112800e+01 1.159131e-17 1.159131e-17
4.122800e+01 1.134742e-17 1.134742e-17
4.132800e+01 1.122234e-17 1.122234e-17
4.142800e+01 1.154344e-17 1.154344e-17
4.152800e+01 1.197544e-17 1.197544e-17
4.162800e+01 1.252520e-17 1.252520e-17
4.172800e+01 1.246732e-17 1.246732e-17
4.182800e+01 1.248622e-17 1.248622e-17
4.192800e+01 1.296750e-17 1.296750e-17
4.202800e+01 1.271750e-17 1.271750e-17
4.212800e+01 1.234395e-17 1.234395e-17
4.222800e+01 1.279946e-17 1.279946e-17
4.232800e+01 1.338946e-17 1.338946e-17
4.242800e+01 1.253562e-17 1.253562e-17
4.252800e+01 1.344298e-17 1.344298e-17
4.262800e+01 1.404500e-17 1.404500e-17
4.272800e+01 1.422030e-17 1.422030e-17
4.282800e+01 1.393701e-17 1.393701e-17
4.292800e+01 1.463851e-17 1.463851e-17
4.302800e+01 1.476500e-17 1.476500e-17
4.312800e+01 1.469667e-17 1.469667e-17
4.322800e+01 1.480778e-17 1.480778e-17
4.332800e+01 1.458662e-17 1.458662e-17
4.342800e+01 1.454073e-17 1.454073e-17
4.352800e+01 1.504833e-17 1.504833e-17
4.362800e+01 1.688167e-17 1.688167e-17
4.372800e+01 1.616237e-17 1.616237e-17
4.382800e+01 1.580755e-17 1.580755e-17
4.392800e+01 1.615872e-17 1.615872e-17
4.402800e+01 1.547787e-17 1.547787e-17
4.412800e+01 1.599305e-17 1.599305e-17
4.422800e+01 1.697965e-17 1.697965e-17
4.432800e+01 1.771908e-17 1.771908e-17
4.442800e+01 1.739319e-17 1.739319e-17
4.452800e+01 1.736903e-17 1.736903e-17
4.462800e+01 1.804958e-17 1.804958e-17
4.472800e+01 1.789607e-17 1.789607e-17
4.482800e+01 1.783493e-17 1.783493e-17
4.492800e+01 1.792939e-17 1.792939e-17
4.502800e+01 1.875252e-17 1.875252e-17
4.512800e+01 1.890662e-17 1.890662e-17
4.522800e+01 1.853624e-17 1.853624e-17
4.532800e+01 1.768389e-17 1.768389e-17
4.542800e+01 1.778160e-17 1.778160e-17
4.552800e+01 1.844160e-17 1.844160e-17
4.562800e+01 1.895493e-17 1.895493e-17
4.572800e+01 1.917039e-17 1.917039e-17
4.582800e+01 1.924575e-17 1.924575e-17
4.592800e+01 1.970327e-17 1.970327e-17
4.602800e+01 1.995922e-17 1.995922e-17
4.612800e+01 2.004781e-17 2.004781e-17
4.622800e+01 1.964135e-17 1.964135e-17
4.632800e+01 1.972846e-17 1.972846e-17
4.642800e+01 2.035026e-17 2.035026e-17
4.652800e+01 2.044102e-17 2.044102e-17
4.662800e+01 2.059184e-17 2.059184e-17
4.672800e+01 2.093994e-17 2.093994e-17
4.682800e+01 2.089893e-17 2.089893e-17
4.692800e+01 2.093323e-17 2.093323e-17
4.702800e+01 2.184006e-17 2.184006e-17
4.712800e+01 2.167770e-17 2.167770e-17
4.722800e+01 2.070876e-17 2.070876e-17
4.732800e+01 2.111172e-17 2.111172e-17
4.742800e+01 2.129043e-17 2.129043e-17
4.752800e+01 2.089779e-17 2.089779e-17
4.762800e+01 2.171758e-17 2.171758e-17
4.772800e+01 2.297524e-17 2.297524e-17
4.782800e+01 2.268006e-17 2.268006e-17
4.792800e+01 2.268683e-17 2.268683e-17
4.802800e+01 2.316587e-17 2.316587e-17
4.812800e+01 2.307714e-17 2.307714e-17
4.822800e+01 2.280235e-17 2.280235e-17
4.832800e+01 2.336118e-17 2.336118e-17
4.842800e+01 2.371200e-17 2.371200e-17
4.852800e+01 2.365906e-17 2.365906e-17
4.862800e+01 2.403070e-17 2.403070e-17
4.872800e+01 2.464116e-17 2.464116e-17
4.882800e+01 2.431775e-17 2.431775e-17
4.892800e+01 2.408937e-17 2.408937e-17
4.902800e+01 2.461236e-17 2.461236e-17
4.912800e+01 2.486932e-17 2.486932e-17
4.922800e+01 2.480114e-17 2.480114e-17
4.932800e+01 2.465915e-17 2.465915e-17
4.942800e+01 2.448401e-17 2.448401e-17
4.952800e+01 2.517809e-17 2.517809e-17
4.962800e+01 2.581419e-17 2.581419e-17
4.972800e+01 2.562983e-17 2.562983e-17
4.982800e+01 2.552354e-17 2.552354e-17
4.992800e+01 2.556221e-17 2.556221e-17
5.002800e+01 2.598873e-17 2.598873e-17
5.012800e+01 2.674564e-17 2.674564e-17
5.022800e+01 2.670402e-17 2.670402e-17
5.032800e+01 2.636707e-17 2.636707e-17
5.042800e+01 2.726837e-17 2.726837e-17
5.052800e+01 2.825495e-17 2.825495e-17
5.062800e+01 2.795387e-17 2.795387e-17
5.072800e+01 2.770394e-17 2.770394e-17
5.082800e+01 2.767202e-17 2.767202e-17
5.092800e+01 2.771431e-17 2.771431e-17
5.102800e+01 2.792176e-17 2.792176e-17
5.112800e+01 2.778110e-17 2.778110e-17
5.122800e+01 2.717901e-17 2.717901e-17
5.132800e+01 2.737461e-17 2.737461e-17
5.142800e+01 2.830654e-17 2.830654e-17
5.152800e+01 2.849617e-17 2.849617e-17
5.162800e+01 2.821119e-17 2.821119e-17
5.172800e+01 2.786195e-17 2.786195e-17
5.182800e+01 2.748246e-17 2.748246e-17
5.192800e+01 2.755221e-17 2.755221e-17
5.202800e+01 2.778810e-17 2.778810e-17
5.212800e+01 2.819848e-17 2.819848e-17
5.222800e+01 2.865808e-17 2.865808e-17
5.232800e+01 2.815905e-17 2.815905e-17
5.242800e+01 2.742035e-17 2.742035e-17
5.252800e+01 2.771740e-17 2.771740e-17
5.262800e+01 2.825740e-17 2.825740e-17
5.272800e+01 2.871688e-17 2.871688e-17
5.282800e+01 2.915748e-17 2.915748e-17
5.292800e+01 2.871559e-17 2.871559e-17
5.302800e+01 2.803912e-17 2.803912e-17
5.312800e+01 2.847000e-17 2.847000e-17
5.322800e+01 2.927000e-17 2.927000e-17
5.332800e+01 2.941870e-17 2.941870e-17
5.342800e+01 2.928826e-17 2.928826e-17
5.352800e+01 2.999115e-17 2.999115e-17
5.362800e+01 3.118346e-17 3.118346e-17
5.372800e+01 3.165976e-17 3.165976e-17
5.382800e+01 3.155024e-17 3.155024e-17
5.392800e+01 3.148573e-17 3.148573e-17
5.402800e+01 3.147626e-17 3.147626e-17
5.412800e+01 3.172897e-17 3.172897e-17
5.422800e+01 3.249065e-17 3.249065e-17
5.432800e+01 3.304698e-17 3.304698e-17
5.442800e+01 3.278186e-17 3.278186e-17
5.452800e+01 3.254782e-17 3.254782e-17
5.462800e+01 3.290431e-17 3.290431e-17
5.472800e+01 3.326079e-17 3.326079e-17
5.482800e+01 3.319840e-17 3.319840e-17
5.492800e+01 3.308425e-17 3.308425e-17
5.502800e+01 3.315818e-17 3.315818e-17
5.512800e+01 3.331273e-17 3.331273e-17
5.522800e+01 3.343730e-17 3.343730e-17
5.532800e+01 3.353189e-17 3.353189e-17
5.542800e+01 3.367031e-17 3.367031e-17
5.552800e+01 3.392143e-17 3.392143e-17
5.562800e+01 3.415336e-17 3.415336e-17
5.572800e+01 3.402062e-17 3.402062e-17
5.582800e+01 3.388788e-17 3.388788e-17
5.592800e+01 3.409317e-17 3.409317e-17
5.602800e+01 3.438833e-17 3.438833e-17
5.612800e+01 3.459812e-17 3.459812e-17
5.622800e+01 3.472913e-17 3.472913e-17
5.632800e+01 3.480212e-17 3.480212e-17
5.642800e+01 3.468091e-17 3.468091e-17
5.652800e+01 3.455970e-17 3.455970e-17
5.662800e+01 3.479086e-17 3.479086e-17
5.672800e+01 3.505266e-17 3.505266e-17
5.682800e+01 3.527298e-17 3.527298e-17
5.692800e+01 3.546447e-17 3.546447e-17
5.702800e+01 3.564949e-17 3.564949e-17
5.712800e+01 3.581405e-17 3.581405e-17
5.722800e+01 3.597861e-17 3.597861e-17
5.732800e+01 3.599272e-17 3.599272e-17
5.742800e+01 3.598435e-17 3.598435e-17
5.752800e+01 3.599195e-17 3.599195e-17
5.762800e+01 3.601685e-17 3.601685e-17
5.772800e+01 3.603481e-17 3.603481e-17
5.782800e+01 3.596074e-17 3.596074e-17
5.792800e+01 3.588667e-17 3.588667e-17
5.802800e+01 3.586784e-17 3.586784e-17
5.812800e+01 3.588008e-17 3.588008e-17
5.822800e+01 3.598231e-17 3.598231e-17
5.832800e+01 3.646814e-17 3.646814e-17
5.842800e+01 3.695397e-17 3.695397e-17
5.852800e+01 3.725482e-17 3.725482e-17
5.862800e+01 3.748373e-17 3.748373e-17
5.872800e+01 3.758028e-17 3.758028e-17
5.882800e+01 3.723367e-17 3.723367e-17
5.892800e+01 3.688705e-17 3.688705e-17
5.902800e+01 3.737340e-17 3.737340e-17
5.912800e+01 3.818368e-17 3.818368e-17
5.922800e+01 3.881551e-17 3.881551e-17
5.932800e+01 3.868660e-17 3.868660e-17
5.942800e+01 3.855770e-17 3.855770e-17
5.952800e+01 3.854419e-17 3.854419e-17
5.962800e+01 3.859845e-17 3.859845e-17
5.972800e+01 3.867308e-17 3.867308e-17
5.982800e+01 3.913462e-17 3.913462e-17
5.992800e+01 3.959615e-17 3.959615e-17
6.002800e+01 3.959237e-17 3.959237e-17
6.012800e+01 3.901985e-17 3.901985e-17
6.022800e+01 3.844733e-17 3.844733e-17
6.032800e+01 3.885113e-17 3.885113e-17
6.042800e+01 3.945491e-17 3.945491e-17
6.052800e+01 3.994258e-17 3.994258e-17
6.062800e+01 3.990139e-17 3.990139e-17
6.072800e+01 3.986019e-17 3.986019e-17
6.082800e+01 3.978691e-17 3.978691e-17
6.092800e+01 3.968283e-17 3.968283e-17
6.102800e+01 3.957874e-17 3.957874e-17
6.112800e+01 3.970772e-17 3.970772e-17
6.122800e+01 3.988787e-17 3.988787e-17
6.132800e+01 4.005292e-17 4.005292e-17
6.142800e+01 4.008212e-17 4.008212e-17
6.152800e+01 4.011131e-17 4.011131e-17
6.162800e+01 4.004130e-17 4.004130e-17
6.172800e+01 3.979493e-17 3.979493e-17
6.182800e+01 3.954855e-17 3.954855e-17
6.192800e+01 3.952527e-17 3.952527e-17
6.202800e+01 3.965072e-17 3.965072e-17
6.212800e+01 3.977616e-17 3.977616e-17
6.222800e+01 3.998670e-17 3.998670e-17
6.232800e+01 4.021720e-17 4.021720e-17
6.242800e+01 4.044770e-17 4.044770e-17
6.252800e+01 4.027570e-17 4.027570e-17
6.262800e+01 4.009965e-17 4.009965e-17
6.272800e+01 4.003467e-17 4.003467e-17
6.282800e+01 4.059913e-17 4.059913e-17
6.292800e+01 4.116359e-17 4.116359e-17
6.302800e+01 4.159317e-17 4.159317e-17
6.312800e+01 4.167593e-17 4.167593e-17
6.322800e+01 4.175869e-17 4.175869e-17
6.332800e+01 4.178007e-17 4.178007e-17
6.342800e+01 4.170130e-17 4.170130e-17
6.352800e+01 4.162253e-17 4.162253e-17
6.362800e+01 4.160973e-17 4.160973e-17
6.372800e+01 4.167435e-17 4.167435e-17
6.382800e+01 4.173898e-17 4.173898e-17
6.392800e+01 4.198463e-17 4.198463e-17
6.402800e+01 4.239738e-17 4.239738e-17
6.412800e+01 4.281013e-17 4.281013e-17
6.422800e+01 4.295500e-17 4.295500e-17
6.432800e+01 4.287167e-17 4.287167e-17
6.442800e+01 4.278833e-17 4.278833e-17
6.452800e+01 4.274467e-17 4.274467e-17
6.462800e+01 4.273480e-17 4.273480e-17
6.472800e+01 4.272493e-17 4.272493e-17
6.482800e+01 4.275268e-17 4.275268e-17
6.492800e+01 4.281804e-17 4.281804e-17
6.502800e+01 4.288340e-17 4.288340e-17
6.512800e+01 4.304673e-17 4.304673e-17
6.522800e+01 4.333476e-17 4.333476e-17
6.532800e+01 4.362278e-17 4.362278e-17
6.542800e+01 4.376048e-17 4.376048e-17
6.552800e+01 4.361900e-17 4.361900e-17
6.562800e+01 4.347752e-17 4.347752e-17
6.572800e+01 4.334638e-17 4.334638e-17
6.582800e+01 4.324797e-17 4.324797e-17
6.592800e+01 4.314956e-17 4.314956e-17
6.602800e+01 4.307274e-17 4.307274e-17
6.612800e+01 4.321425e-17 4.321425e-17
6.622800e+01 4.335575e-17 4.335575e-17
6.632800e+01 4.349726e-17 4.349726e-17
6.642800e+01 4.334841e-17 4.334841e-17
6.652800e+01 4.317084e-17 4.317084e-17
6.662800e+01 4.299327e-17 4.299327e-17
6.672800e+01 4.335914e-17 4.335914e-17
6.682800e+01 4.395790e-17 4.395790e-17
6.692800e+01 4.455667e-17 4.455667e-17
6.702800e+01 4.480146e-17 4.480146e-17
6.712800e+01 4.463073e-17 4.463073e-17
6.722800e+01 4.446000e-17 4.446000e-17
6.732800e+01 4.433036e-17 4.433036e-17
6.742800e+01 4.438794e-17 4.438794e-17
6.752800e+01 4.444552e-17 4.444552e-17
6.762800e+01 4.450309e-17 4.450309e-17
6.772800e+01 4.435719e-17 4.435719e-17
6.782800e+01 4.418353e-17 4.418353e-17
6.792800e+01 4.400988e-17 4.400988e-17
6.802800e+01 4.387392e-17 4.387392e-17
6.812800e+01 4.377006e-17 4.377006e-17
6.822800e+01 4.366620e-17 4.366620e-17
6.832800e+01 4.364650e-17 4.364650e-17
6.842800e+01 4.403768e-17 4.403768e-17
6.852800e+01 4.442885e-17 4.442885e-17
6.862800e+01 4.482003e-17 4.482003e-17
6.872800e+01 4.479137e-17 4.479137e-17
6.882800e+01 4.463730e-17 4.463730e-17
6.892800e+01 4.448323e-17 4.448323e-17
6.902800e+01 4.439807e-17 4.439807e-17
6.912800e+01 4.445282e-17 4.445282e-17
6.922800e+01 4.450758e-17 4.450758e-17
6.932800e+01 4.456233e-17 4.456233e-17
6.942800e+01 4.465085e-17 4.465085e-17
6.952800e+01 4.474487e-17 4.474487e-17
6.962800e+01 4.483889e-17 4.483889e-17
6.972800e+01 4.489408e-17 4.489408e-17
6.982800e+01 4.487718e-17 4.487718e-17
6.992800e+01 4.486028e-17 4.486028e-17
7.002800e+01 4.484338e-17 4.484338e-17
7.012800e+01 4.489363e-17 4.489363e-17
7.022800e+01 4.496067e-17 4.496067e-17
7.032800e+01 4.502771e-17 4.502771e-17
7.042800e+01 4.509280e-17 4.509280e-17
7.052800e+01 4.515097e-17 4.515097e-17
7.062800e+01 4.520914e-17 4.520914e-17
7.072800e+01 4.526731e-17 4.526731e-17
7.082800e+01 4.514167e-17 4.514167e-17
7.092800e+01 4.489850e-17 4.489850e-17
7.102800e+01 4.465533e-17 4.465533e-17
7.112800e+01 4.441216e-17 4.441216e-17
7.122800e+01 4.448238e-17 4.448238e-17
7.132800e+01 4.456911e-17 4.456911e-17
7.142800e+01 4.465583e-17 4.465583e-17
7.152800e+01 4.476461e-17 4.476461e-17
7.162800e+01 4.493619e-17 4.493619e-17
7.172800e+01 4.510777e-17 4.510777e-17
7.182800e+01 4.527936e-17 4.527936e-17
7.192800e+01 4.526862e-17 4.526862e-17
7.202800e+01 4.509621e-17 4.509621e-17
7.212800e+01 4.492379e-17 4.492379e-17
7.222800e+01 4.475138e-17 4.475138e-17
7.232800e+01 4.467242e-17 4.467242e-17
7.242800e+01 4.462297e-17 4.462297e-17
7.252800e+01 4.457352e-17 4.457352e-17
7.262800e+01 4.452593e-17 4.452593e-17
7.272800e+01 4.458688e-17 4.458688e-17
7.282800e+01 4.414500e-17 4.414500e-17
7.292800e+01 4.403333e-17 4.403333e-17
7.302800e+01 4.486681e-17 4.455043e-17
7.312800e+01 4.481981e-17 4.429503e-17
7.322800e+01 4.431667e-17 4.373563e-17
7.332800e+01 4.398684e-17 4.340768e-17
7.342800e+01 4.451522e-17 4.395714e-17
7.352800e+01 4.479667e-17 4.425759e-17
7.362800e+01 4.537158e-17 4.476970e-17
7.372800e+01 4.522000e-17 4.451854e-17
7.382800e+01 4.410333e-17 4.332869e-17
7.392800e+01 4.343852e-17 4.267799e-17
7.402800e+01 4.429000e-17 4.357618e-17
7.412800e+01 4.542333e-17 4.469449e-17
7.422800e+01 4.582986e-17 4.500253e-17
7.432800e+01 4.608529e-17 4.523446e-17
7.442800e+01 4.422848e-17 4.345177e-17
7.452800e+01 4.311811e-17 4.225089e-17
7.462800e+01 4.387186e-17 4.283025e-17
7.472800e+01 4.551091e-17 4.446237e-17
7.482800e+01 4.631755e-17 4.526965e-17
7.492800e+01 4.605353e-17 4.498640e-17
7.502800e+01 4.594000e-17 4.489643e-17
7.512800e+01 4.424303e-17 4.326281e-17
7.522800e+01 4.294667e-17 4.185542e-17
7.532800e+01 4.234667e-17 4.086812e-17
7.542800e+01 4.515341e-17 4.361066e-17
7.552800e+01 4.743643e-17 4.596753e-17
7.562800e+01 4.634840e-17 4.482160e-17
7.572800e+01 4.598990e-17 4.442113e-17
7.582800e+01 4.497333e-17 4.362758e-17
7.592800e+01 4.313000e-17 4.181091e-17
7.602800e+01 4.042334e-17 3.862079e-17
7.612800e+01 4.144000e-17 3.942255e-17
7.622800e+01 4.653000e-17 4.470329e-17
7.632800e+01 4.866305e-17 4.703227e-17
7.642800e+01 4.844667e-17 4.706369e-17
7.652800e+01 4.686227e-17 4.548287e-17
7.662800e+01 4.368003e-17 4.219495e-17
7.672800e+01 4.207601e-17 4.034194e-17
7.682800e+01 3.968175e-17 3.726816e-17
7.692800e+01 4.045667e-17 3.816478e-17
7.702800e+01 4.567000e-17 4.403104e-17
7.712800e+01 4.870333e-17 4.717904e-17
7.722800e+01 5.161302e-17 5.000148e-17
7.732800e+01 4.919000e-17 4.741509e-17
7.742800e+01 4.276783e-17 4.092269e-17
7.752800e+01 4.146106e-17 3.976478e-17
7.762800e+01 4.000406e-17 3.830510e-17
7.772800e+01 4.066546e-17 3.891848e-17
7.782800e+01 4.513634e-17 4.339976e-17
7.792800e+01 4.758667e-17 4.575980e-17
7.802800e+01 5.164755e-17 4.940643e-17
7.812800e+01 5.123333e-17 4.878368e-17
7.822800e+01 4.552130e-17 4.289601e-17
7.832800e+01 4.072962e-17 3.798879e-17
7.842800e+01 4.027000e-17 3.742408e-17
7.852800e+01 4.210000e-17 3.929257e-17
7.862800e+01 4.393586e-17 4.139007e-17
7.872800e+01 4.682667e-17 4.487712e-17
7.882800e+01 4.788394e-17 4.609860e-17
7.892800e+01 5.059972e-17 4.903131e-17
7.902800e+01 4.973125e-17 4.822589e-17
7.912800e+01 4.585708e-17 4.418945e-17
7.922800e+01 3.826908e-17 3.609553e-17
7.932800e+01 3.797784e-17 3.585286e-17
7.942800e+01 4.098069e-17 3.929458e-17
7.952800e+01 4.518667e-17 4.334236e-17
7.962800e+01 4.725333e-17 4.504155e-17
7.972800e+01 5.058476e-17 4.734282e-17
7.982800e+01 5.172333e-17 4.819109e-17
7.992800e+01 4.982458e-17 4.652884e-17
8.002800e+01 4.304813e-17 3.979736e-17
8.012800e+01 3.930333e-17 3.600670e-17
8.022800e+01 3.806000e-17 3.517629e-17
8.032800e+01 4.020390e-17 3.751727e-17
8.042800e+01 4.427219e-17 4.173013e-17
8.052800e+01 4.606902e-17 4.344282e-17
8.062800e+01 4.626280e-17 4.340414e-17
8.072800e+01 4.699041e-17 4.369635e-17
8.082800e+01 4.855333e-17 4.555328e-17
8.092800e+01 4.755000e-17 4.506917e-17
8.102800e+01 4.333581e-17 4.168671e-17
8.112800e+01 4.309991e-17 4.181619e-17
8.122800e+01 4.482143e-17 4.368903e-17
8.132800e+01 4.814000e-17 4.696010e-17
8.142800e+01 4.490951e-17 4.352455e-17
8.152800e+01 4.251618e-17 4.092700e-17
8.162800e+01 4.115237e-17 3.919814e-17
8.172800e+01 4.159730e-17 3.933991e-17
8.182800e+01 4.265642e-17 4.022012e-17
8.192800e+01 4.597013e-17 4.352111e-17
8.202800e+01 4.997667e-17 4.774947e-17
8.212800e+01 5.256333e-17 5.059104e-17
8.222800e+01 5.383118e-17 5.232633e-17
8.232800e+01 4.889667e-17 4.751621e-17
8.242800e+01 4.496872e-17 4.356037e-17
8.252800e+01 4.156987e-17 4.009310e-17
8.262800e+01 4.263581e-17 4.131165e-17
8.272800e+01 4.401039e-17 4.274696e-17
8.282800e+01 4.724727e-17 4.597719e-17
8.292800e+01 5.239000e-17 5.124175e-17
8.302800e+01 5.773667e-17 5.678774e-17
8.312800e+01 5.990333e-17 5.906185e-17
8.322800e+01 5.747000e-17 5.674834e-17
8.332800e+01 4.883126e-17 4.817510e-17
8.342800e+01 4.476333e-17 4.416125e-17
8.352800e+01 4.218785e-17 4.169027e-17
8.362800e+01 4.333861e-17 4.285019e-17
8.372800e+01 4.628189e-17 4.572285e-17
8.382800e+01 4.893653e-17 4.836625e-17
8.392800e+01 5.371380e-17 5.319635e-17
8.402800e+01 5.867537e-17 5.821082e-17
8.412800e+01 6.290667e-17 6.243555e-17
8.422800e+01 6.211333e-17 6.164861e-17
8.432800e+01 5.514313e-17 5.471872e-17
8.442800e+01 4.759444e-17 4.719327e-17
8.452800e+01 4.251961e-17 4.214371e-17
8.462800e+01 4.100337e-17 4.065340e-17
8.472800e+01 4.107877e-17 4.078467e-17
8.482800e+01 4.229622e-17 4.208566e-17
8.492800e+01 4.438333e-17 4.420969e-17
8.502800e+01 4.649000e-17 4.630976e-17
8.512800e+01 5.004439e-17 4.983806e-17
8.522800e+01 5.267037e-17 5.248074e-17
8.532800e+01 5.335890e-17 5.321116e-17
8.542800e+01 4.935333e-17 4.922697e-17
8.552800e+01 4.525133e-17 4.512163e-17
8.562800e+01 4.032241e-17 4.015624e-17
8.572800e+01 3.806169e-17 3.783433e-17
8.582800e+01 3.623048e-17 3.599931e-17
8.592800e+01 3.664154e-17 3.644387e-17
8.602800e+01 3.699333e-17 3.683842e-17
8.612800e+01 3.741000e-17 3.731312e-17
8.622800e+01 3.864762e-17 3.854536e-17
8.632800e+01 3.887857e-17 3.854303e-17
8.642800e+01 3.766763e-17 3.793657e-17
8.652800e+01 3.644333e-17 3.599135e-17
8.662800e+01 3.526847e-17 3.253203e-17
8.672800e+01 3.576612e-17 3.245227e-17
8.682800e+01 3.642553e-17 3.292299e-17
8.692800e+01 3.761000e-17 3.331339e-17
8.702800e+01 3.867070e-17 3.420827e-17
8.712800e+01 3.896014e-17 3.476991e-17
8.722800e+01 3.837628e-17 3.511231e-17
8.732800e+01 3.689023e-17 3.447651e-17
8.742800e+01 3.524483e-17 3.153179e-17
8.752800e+01 3.413349e-17 2.899211e-17
8.762800e+01 3.298812e-17 2.754418e-17
8.772800e+01 3.280667e-17 2.649343e-17
8.782800e+01 3.359931e-17 2.574407e-17
8.792800e+01 3.462103e-17 2.714768e-17
8.802800e+01 3.626659e-17 2.848667e-17
8.812800e+01 3.720000e-17 3.002064e-17
8.822800e+01 3.617307e-17 3.135052e-17
8.832800e+01 3.371991e-17 2.905388e-17
8.842800e+01 3.178374e-17 2.602753e-17
8.852800e+01 2.997091e-17 2.221080e-17
8.862800e+01 2.924798e-17 2.087135e-17
8.872800e+01 2.847079e-17 1.975361e-17
8.882800e+01 2.812607e-17 1.911730e-17
8.892800e+01 2.923517e-17 1.920111e-17
8.902800e+01 3.099022e-17 1.977341e-17
8.912800e+01 3.183078e-17 2.146341e-17
8.922800e+01 3.156594e-17 2.236887e-17
8.932800e+01 3.007000e-17 2.206394e-17
8.942800e+01 2.744222e-17 1.847524e-17
8.952800e+01 2.582385e-17 1.590267e-17
8.962800e+01 2.527044e-17 1.551609e-17
8.972800e+01 2.465736e-17 1.548437e-17
8.982800e+01 2.420374e-17 1.469524e-17
8.992800e+01 2.378110e-17 1.407238e-17
9.002800e+01 2.397011e-17 1.381446e-17
9.012800e+01 2.494503e-17 1.420348e-17
9.022800e+01 2.527000e-17 1.488892e-17
9.032800e+01 2.503098e-17 1.586613e-17
9.042800e+01 2.497185e-17 1.561048e-17
9.052800e+01 2.355269e-17 1.395558e-17
9.062800e+01 2.273548e-17 1.290018e-17
9.072800e+01 2.248720e-17 1.242427e-17
9.082800e+01 2.185817e-17 1.178719e-17
9.092800e+01 2.211710e-17 1.134296e-17
9.102800e+01 2.218447e-17 1.129298e-17
9.112800e+01 2.224817e-17 1.151301e-17
9.122800e+01 2.249840e-17 1.186908e-17
9.132800e+01 2.254000e-17 1.187656e-17
9.142800e+01 2.213745e-17 1.161047e-17
9.152800e+01 2.226707e-17 1.150498e-17
9.162800e+01 2.250360e-17 1.149658e-17
9.172800e+01 2.286105e-17 1.156133e-17
9.182800e+01 2.323211e-17 1.150757e-17
9.192800e+01 2.341042e-17 1.156181e-17
9.202800e+01 2.341768e-17 1.194266e-17
9.212800e+01 2.297448e-17 1.183409e-17
9.222800e+01 2.310219e-17 1.129709e-17
9.232800e+01 2.262505e-17 1.115906e-17
9.242800e+01 2.310667e-17 1.110212e-17
9.252800e+01 2.324732e-17 1.090830e-17
9.262800e+01 2.317639e-17 1.087303e-17
9.272800e+01 2.355268e-17 1.102650e-17
9.282800e+01 2.422320e-17 1.098637e-17
9.292800e+01 2.474714e-17 1.084356e-17
9.302800e+01 2.509557e-17 1.105704e-17
9.312800e+01 2.564061e-17 1.128954e-17
9.322800e+01 2.545071e-17 1.114869e-17
9.332800e+01 2.578091e-17 1.113724e-17
9.342800e+01 2.635939e-17 1.128398e-17
9.352800e+01 2.669606e-17 1.157890e-17
9.362800e+01 2.658091e-17 1.157317e-17
9.372800e+01 2.651828e-17 1.116425e-17
9.382800e+01 2.672364e-17 1.090124e-17
9.392800e+01 2.719375e-17 1.080094e-17
9.402800e+01 2.762368e-17 1.081041e-17
9.412800e+01 2.836503e-17 1.163453e-17
9.422800e+01 2.827072e-17 1.198133e-17
9.432800e+01 2.780014e-17 1.155564e-17
9.442800e+01 2.890889e-17 1.094457e-17
9.452800e+01 2.970000e-17 1.099756e-17
9.462800e+01 3.040350e-17 1.204888e-17
9.472800e+01 3.107000e-17 1.246843e-17
9.482800e+01 3.223918e-17 1.309897e-17
9.492800e+01 3.096842e-17 1.324041e-17
9.502800e+01 3.080410e-17 1.280617e-17
9.512800e+01 3.095000e-17 1.156542e-17
9.522800e+01 3.098175e-17 1.147774e-17
9.532800e+01 3.217716e-17 1.193585e-17
9.542800e+01 3.307525e-17 1.206137e-17
9.552800e+01 3.373921e-17 1.200699e-17
9.562800e+01 3.569027e-17 1.185738e-17
9.572800e+01 3.847667e-17 1.232328e-17
9.582800e+01 4.054000e-17 1.343663e-17
9.592800e+01 4.199095e-17 1.565174e-17
9.602800e+01 4.069883e-17 1.654789e-17
9.612800e+01 3.968000e-17 1.619702e-17
9.622800e+01 3.755520e-17 1.354629e-17
9.632800e+01 3.744000e-17 1.294465e-17
9.642800e+01 3.781000e-17 1.356776e-17
9.652800e+01 3.788760e-17 1.446739e-17
9.662800e+01 3.649746e-17 1.384605e-17
9.672800e+01 3.679333e-17 1.312292e-17
9.682800e+01 3.915579e-17 1.322249e-17
9.692800e+01 4.030273e-17 1.511930e-17
9.702800e+01 4.048512e-17 1.567748e-17
9.712800e+01 4.065000e-17 1.593777e-17
9.722800e+01 4.114076e-17 1.491161e-17
9.732800e+01 4.141135e-17 1.219291e-17
9.742800e+01 4.301429e-17 6.787314e-18
9.752800e+01 4.601013e-17 1.926197e-18
9.762800e+01 4.764722e-17 2.803153e-19
