# HCl photoabsorption / dissociation / ionisation cross sections.
# From the Leiden database for photodissociation and photoionization of astrophysically relevant molecules, http://home.strw.leidenuniv.nl/~ewine/photo/
# Created: Alan Heays 2015-09-03
# references: brion2005 10.1016/j.elspec.2005.01.010, bahou2001 http://stacks.iop.org/1538-4357/559/i=2/a=L179, frohlich1990daviel1984,
# no info on lines
# wavelength: (nm)
# Photoabsorption cross section (cm2)
# Photodissociation cross section (cm2)
# This version has been resampled to a uniform 0.1nm grid while maintaining a constant integrated cross section (using trapezoidal integration).
# wavelength photoabsorption photodissociation
7.302800e+01 4.486681e-17 3.163817e-19
7.312800e+01 4.481981e-17 5.247812e-19
7.322800e+01 4.431667e-17 5.810375e-19
7.332800e+01 4.398684e-17 5.791605e-19
7.342800e+01 4.451522e-17 5.580775e-19
7.352800e+01 4.479667e-17 5.390759e-19
7.362800e+01 4.537158e-17 6.018731e-19
7.372800e+01 4.522000e-17 7.014642e-19
7.382800e+01 4.410333e-17 7.746480e-19
7.392800e+01 4.343852e-17 7.605257e-19
7.402800e+01 4.429000e-17 7.138151e-19
7.412800e+01 4.542333e-17 7.288387e-19
7.422800e+01 4.582986e-17 8.273246e-19
7.432800e+01 4.608529e-17 8.508346e-19
7.442800e+01 4.422848e-17 7.767111e-19
7.452800e+01 4.311811e-17 8.672170e-19
7.462800e+01 4.387186e-17 1.041611e-18
7.472800e+01 4.551091e-17 1.048538e-18
7.482800e+01 4.631755e-17 1.047900e-18
7.492800e+01 4.605353e-17 1.067123e-18
7.502800e+01 4.594000e-17 1.043572e-18
7.512800e+01 4.424303e-17 9.802171e-19
7.522800e+01 4.294667e-17 1.091249e-18
7.532800e+01 4.234667e-17 1.478546e-18
7.542800e+01 4.515341e-17 1.542747e-18
7.552800e+01 4.743643e-17 1.468904e-18
7.562800e+01 4.634840e-17 1.526798e-18
7.572800e+01 4.598990e-17 1.568772e-18
7.582800e+01 4.497333e-17 1.345754e-18
7.592800e+01 4.313000e-17 1.319094e-18
7.602800e+01 4.042334e-17 1.802550e-18
7.612800e+01 4.144000e-17 2.017449e-18
7.622800e+01 4.653000e-17 1.826712e-18
7.632800e+01 4.866305e-17 1.630779e-18
7.642800e+01 4.844667e-17 1.382974e-18
7.652800e+01 4.686227e-17 1.379394e-18
7.662800e+01 4.368003e-17 1.485078e-18
7.672800e+01 4.207601e-17 1.734068e-18
7.682800e+01 3.968175e-17 2.413588e-18
7.692800e+01 4.045667e-17 2.291884e-18
7.702800e+01 4.567000e-17 1.638965e-18
7.712800e+01 4.870333e-17 1.524292e-18
7.722800e+01 5.161302e-17 1.611538e-18
7.732800e+01 4.919000e-17 1.774908e-18
7.742800e+01 4.276783e-17 1.845141e-18
7.752800e+01 4.146106e-17 1.696275e-18
7.762800e+01 4.000406e-17 1.698959e-18
7.772800e+01 4.066546e-17 1.746985e-18
7.782800e+01 4.513634e-17 1.736580e-18
7.792800e+01 4.758667e-17 1.826872e-18
7.802800e+01 5.164755e-17 2.241123e-18
7.812800e+01 5.123333e-17 2.449653e-18
7.822800e+01 4.552130e-17 2.625292e-18
7.832800e+01 4.072962e-17 2.740829e-18
7.842800e+01 4.027000e-17 2.845922e-18
7.852800e+01 4.210000e-17 2.807428e-18
7.862800e+01 4.393586e-17 2.545788e-18
7.872800e+01 4.682667e-17 1.949545e-18
7.882800e+01 4.788394e-17 1.785341e-18
7.892800e+01 5.059972e-17 1.568407e-18
7.902800e+01 4.973125e-17 1.505358e-18
7.912800e+01 4.585708e-17 1.667628e-18
7.922800e+01 3.826908e-17 2.173555e-18
7.932800e+01 3.797784e-17 2.124977e-18
7.942800e+01 4.098069e-17 1.686114e-18
7.952800e+01 4.518667e-17 1.844309e-18
7.962800e+01 4.725333e-17 2.211781e-18
7.972800e+01 5.058476e-17 3.241940e-18
7.982800e+01 5.172333e-17 3.532239e-18
7.992800e+01 4.982458e-17 3.295744e-18
8.002800e+01 4.304813e-17 3.250777e-18
8.012800e+01 3.930333e-17 3.296631e-18
8.022800e+01 3.806000e-17 2.883714e-18
8.032800e+01 4.020390e-17 2.686628e-18
8.042800e+01 4.427219e-17 2.542066e-18
8.052800e+01 4.606902e-17 2.626206e-18
8.062800e+01 4.626280e-17 2.858660e-18
8.072800e+01 4.699041e-17 3.294054e-18
8.082800e+01 4.855333e-17 3.000056e-18
8.092800e+01 4.755000e-17 2.480825e-18
8.102800e+01 4.333581e-17 1.649103e-18
8.112800e+01 4.309991e-17 1.283722e-18
8.122800e+01 4.482143e-17 1.132403e-18
8.132800e+01 4.814000e-17 1.179905e-18
8.142800e+01 4.490951e-17 1.384963e-18
8.152800e+01 4.251618e-17 1.589179e-18
8.162800e+01 4.115237e-17 1.954225e-18
8.172800e+01 4.159730e-17 2.257392e-18
8.182800e+01 4.265642e-17 2.436301e-18
8.192800e+01 4.597013e-17 2.449024e-18
8.202800e+01 4.997667e-17 2.227192e-18
8.212800e+01 5.256333e-17 1.972292e-18
8.222800e+01 5.383118e-17 1.504854e-18
8.232800e+01 4.889667e-17 1.380457e-18
8.242800e+01 4.496872e-17 1.408349e-18
8.252800e+01 4.156987e-17 1.476769e-18
8.262800e+01 4.263581e-17 1.324159e-18
8.272800e+01 4.401039e-17 1.263428e-18
8.282800e+01 4.724727e-17 1.270078e-18
8.292800e+01 5.239000e-17 1.148248e-18
8.302800e+01 5.773667e-17 9.489232e-19
8.312800e+01 5.990333e-17 8.414837e-19
8.322800e+01 5.747000e-17 7.216613e-19
8.332800e+01 4.883126e-17 6.561534e-19
8.342800e+01 4.476333e-17 6.020868e-19
8.352800e+01 4.218785e-17 4.975760e-19
8.362800e+01 4.333861e-17 4.884219e-19
8.372800e+01 4.628189e-17 5.590478e-19
8.382800e+01 4.893653e-17 5.702838e-19
8.392800e+01 5.371380e-17 5.174470e-19
8.402800e+01 5.867537e-17 4.645539e-19
8.412800e+01 6.290667e-17 4.711166e-19
8.422800e+01 6.211333e-17 4.647210e-19
8.432800e+01 5.514313e-17 4.244095e-19
8.442800e+01 4.759444e-17 4.011779e-19
8.452800e+01 4.251961e-17 3.758933e-19
8.462800e+01 4.100337e-17 3.499668e-19
8.472800e+01 4.107877e-17 2.940915e-19
8.482800e+01 4.229622e-17 2.105548e-19
8.492800e+01 4.438333e-17 1.736463e-19
8.502800e+01 4.649000e-17 1.802389e-19
8.512800e+01 5.004439e-17 2.063308e-19
8.522800e+01 5.267037e-17 1.896273e-19
8.532800e+01 5.335890e-17 1.477385e-19
8.542800e+01 4.935333e-17 1.263653e-19
8.552800e+01 4.525133e-17 1.296976e-19
8.562800e+01 4.032241e-17 1.661721e-19
8.572800e+01 3.806169e-17 2.273558e-19
8.582800e+01 3.623048e-17 2.311675e-19
8.592800e+01 3.664154e-17 1.976724e-19
8.602800e+01 3.699333e-17 1.549095e-19
8.612800e+01 3.741000e-17 9.688310e-20
8.622800e+01 3.864762e-17 1.022572e-19
8.632800e+01 3.887857e-17 3.355375e-19
8.642800e+01 3.766763e-17 5.525292e-19
8.652800e+01 3.644333e-17 1.271827e-18
8.662800e+01 3.526847e-17 2.736438e-18
8.672800e+01 3.576612e-17 3.313844e-18
8.682800e+01 3.642553e-17 3.502540e-18
8.692800e+01 3.761000e-17 4.296606e-18
8.702800e+01 3.867070e-17 4.462431e-18
8.712800e+01 3.896014e-17 4.190225e-18
8.722800e+01 3.837628e-17 3.263965e-18
8.732800e+01 3.689023e-17 2.413722e-18
8.742800e+01 3.524483e-17 3.713041e-18
8.752800e+01 3.413349e-17 5.141380e-18
8.762800e+01 3.298812e-17 5.443940e-18
8.772800e+01 3.280667e-17 6.313233e-18
8.782800e+01 3.359931e-17 7.855244e-18
8.792800e+01 3.462103e-17 7.473352e-18
8.802800e+01 3.626659e-17 7.779921e-18
8.812800e+01 3.720000e-17 7.179359e-18
8.822800e+01 3.617307e-17 4.822548e-18
8.832800e+01 3.371991e-17 4.666021e-18
8.842800e+01 3.178374e-17 5.756207e-18
8.852800e+01 2.997091e-17 7.760108e-18
8.862800e+01 2.924798e-17 8.376626e-18
8.872800e+01 2.847079e-17 8.717173e-18
8.882800e+01 2.812607e-17 9.008765e-18
8.892800e+01 2.923517e-17 1.003406e-17
8.902800e+01 3.099022e-17 1.121681e-17
8.912800e+01 3.183078e-17 1.036737e-17
8.922800e+01 3.156594e-17 9.197071e-18
8.932800e+01 3.007000e-17 8.006055e-18
8.942800e+01 2.744222e-17 8.966983e-18
8.952800e+01 2.582385e-17 9.921175e-18
8.962800e+01 2.527044e-17 9.754353e-18
8.972800e+01 2.465736e-17 9.172995e-18
8.982800e+01 2.420374e-17 9.508494e-18
8.992800e+01 2.378110e-17 9.708717e-18
9.002800e+01 2.397011e-17 1.015565e-17
9.012800e+01 2.494503e-17 1.074155e-17
9.022800e+01 2.527000e-17 1.038108e-17
9.032800e+01 2.503098e-17 9.164845e-18
9.042800e+01 2.497185e-17 9.361372e-18
9.052800e+01 2.355269e-17 9.597111e-18
9.062800e+01 2.273548e-17 9.835300e-18
9.072800e+01 2.248720e-17 1.006294e-17
9.082800e+01 2.185817e-17 1.007098e-17
9.092800e+01 2.211710e-17 1.077413e-17
9.102800e+01 2.218447e-17 1.089149e-17
9.112800e+01 2.224817e-17 1.073516e-17
9.122800e+01 2.249840e-17 1.062932e-17
9.132800e+01 2.254000e-17 1.066344e-17
9.142800e+01 2.213745e-17 1.052698e-17
9.152800e+01 2.226707e-17 1.076210e-17
9.162800e+01 2.250360e-17 1.100702e-17
9.172800e+01 2.286105e-17 1.129972e-17
9.182800e+01 2.323211e-17 1.172454e-17
9.192800e+01 2.341042e-17 1.184861e-17
9.202800e+01 2.341768e-17 1.147502e-17
9.212800e+01 2.297448e-17 1.114039e-17
9.222800e+01 2.310219e-17 1.180510e-17
9.232800e+01 2.262505e-17 1.146599e-17
9.242800e+01 2.310667e-17 1.200455e-17
9.252800e+01 2.324732e-17 1.233902e-17
9.262800e+01 2.317639e-17 1.230336e-17
9.272800e+01 2.355268e-17 1.252618e-17
9.282800e+01 2.422320e-17 1.323683e-17
9.292800e+01 2.474714e-17 1.390359e-17
9.302800e+01 2.509557e-17 1.403853e-17
9.312800e+01 2.564061e-17 1.435107e-17
9.322800e+01 2.545071e-17 1.430203e-17
9.332800e+01 2.578091e-17 1.464367e-17
9.342800e+01 2.635939e-17 1.507541e-17
9.352800e+01 2.669606e-17 1.511716e-17
9.362800e+01 2.658091e-17 1.500774e-17
9.372800e+01 2.651828e-17 1.535404e-17
9.382800e+01 2.672364e-17 1.582239e-17
9.392800e+01 2.719375e-17 1.639281e-17
9.402800e+01 2.762368e-17 1.681327e-17
9.412800e+01 2.836503e-17 1.673050e-17
9.422800e+01 2.827072e-17 1.628939e-17
9.432800e+01 2.780014e-17 1.624450e-17
9.442800e+01 2.890889e-17 1.796432e-17
9.452800e+01 2.970000e-17 1.870244e-17
9.462800e+01 3.040350e-17 1.835462e-17
9.472800e+01 3.107000e-17 1.860157e-17
9.482800e+01 3.223918e-17 1.914020e-17
9.492800e+01 3.096842e-17 1.772801e-17
9.502800e+01 3.080410e-17 1.799792e-17
9.512800e+01 3.095000e-17 1.938458e-17
9.522800e+01 3.098175e-17 1.950401e-17
9.532800e+01 3.217716e-17 2.024131e-17
9.542800e+01 3.307525e-17 2.101388e-17
9.552800e+01 3.373921e-17 2.173222e-17
9.562800e+01 3.569027e-17 2.383289e-17
9.572800e+01 3.847667e-17 2.615339e-17
9.582800e+01 4.054000e-17 2.710337e-17
9.592800e+01 4.199095e-17 2.633920e-17
9.602800e+01 4.069883e-17 2.415094e-17
9.612800e+01 3.968000e-17 2.348298e-17
9.622800e+01 3.755520e-17 2.400891e-17
9.632800e+01 3.744000e-17 2.449535e-17
9.642800e+01 3.781000e-17 2.424224e-17
9.652800e+01 3.788760e-17 2.342021e-17
9.662800e+01 3.649746e-17 2.265140e-17
9.672800e+01 3.679333e-17 2.367042e-17
9.682800e+01 3.915579e-17 2.593330e-17
9.692800e+01 4.030273e-17 2.518343e-17
9.702800e+01 4.048512e-17 2.480764e-17
9.712800e+01 4.065000e-17 2.471223e-17
9.722800e+01 4.114076e-17 2.622915e-17
9.732800e+01 4.141135e-17 2.921844e-17
9.742800e+01 4.301429e-17 3.622697e-17
9.752800e+01 4.601013e-17 4.408393e-17
9.762800e+01 4.764722e-17 4.736690e-17
9.772800e+01 4.987909e-17 4.987909e-17
9.782800e+01 5.061551e-17 5.061551e-17
9.792800e+01 4.793267e-17 4.793267e-17
9.802800e+01 4.661317e-17 4.661317e-17
9.812800e+01 4.696494e-17 4.696494e-17
9.822800e+01 4.739679e-17 4.739679e-17
9.832800e+01 4.653667e-17 4.653667e-17
9.842800e+01 4.449077e-17 4.449077e-17
9.852800e+01 4.413658e-17 4.413658e-17
9.862800e+01 4.534000e-17 4.534000e-17
9.872800e+01 4.727333e-17 4.727333e-17
9.882800e+01 4.931278e-17 4.931278e-17
9.892800e+01 4.353759e-17 4.353759e-17
9.902800e+01 3.867000e-17 3.867000e-17
9.912800e+01 3.797663e-17 3.797663e-17
9.922800e+01 4.276875e-17 4.276875e-17
9.932800e+01 5.348519e-17 5.348519e-17
9.942800e+01 5.950848e-17 5.950848e-17
9.952800e+01 6.374400e-17 6.374400e-17
9.962800e+01 6.020875e-17 6.020875e-17
9.972800e+01 5.010996e-17 5.010996e-17
9.982800e+01 4.198496e-17 4.198496e-17
9.992800e+01 3.238013e-17 3.238013e-17
1.000280e+02 3.146716e-17 3.146716e-17
1.001280e+02 3.770667e-17 3.770667e-17
1.002280e+02 4.983333e-17 4.983333e-17
1.003280e+02 5.591333e-17 5.591333e-17
1.004280e+02 5.601222e-17 5.601222e-17
1.005280e+02 5.187171e-17 5.187171e-17
1.006280e+02 5.117284e-17 5.117284e-17
1.007280e+02 5.010182e-17 5.010182e-17
1.008280e+02 4.813293e-17 4.813293e-17
1.009280e+02 5.799220e-17 5.799220e-17
1.010280e+02 8.110771e-17 8.110771e-17
1.011280e+02 9.600667e-17 9.600667e-17
1.012280e+02 9.363000e-17 9.363000e-17
1.013280e+02 6.801795e-17 6.801795e-17
1.014280e+02 4.438313e-17 4.438313e-17
1.015280e+02 4.271156e-17 4.271156e-17
1.016280e+02 4.759104e-17 4.759104e-17
1.017280e+02 5.380277e-17 5.380277e-17
1.018280e+02 5.078917e-17 5.078917e-17
1.019280e+02 3.937536e-17 3.937536e-17
1.020280e+02 2.692262e-17 2.692262e-17
1.021280e+02 1.769000e-17 1.769000e-17
1.022280e+02 1.245845e-17 1.245845e-17
1.023280e+02 9.070529e-18 9.070529e-18
1.024280e+02 9.774071e-18 9.774071e-18
1.025280e+02 1.267482e-17 1.267482e-17
1.026280e+02 1.542667e-17 1.542667e-17
1.027280e+02 1.641323e-17 1.641323e-17
1.028280e+02 1.596860e-17 1.596860e-17
1.029280e+02 1.481729e-17 1.481729e-17
1.030280e+02 1.535744e-17 1.535744e-17
1.031280e+02 2.038941e-17 2.038941e-17
1.032280e+02 3.229363e-17 3.229363e-17
1.033280e+02 4.825143e-17 4.825143e-17
1.034280e+02 7.832126e-17 7.832126e-17
1.035280e+02 1.217849e-16 1.217849e-16
1.036280e+02 1.712989e-16 1.712989e-16
1.037280e+02 2.034966e-16 2.034966e-16
1.038280e+02 1.772720e-16 1.772720e-16
1.039280e+02 1.353134e-16 1.353134e-16
1.040280e+02 7.864920e-17 7.864920e-17
1.041280e+02 4.883034e-17 4.883034e-17
1.042280e+02 3.316545e-17 3.316545e-17
1.043280e+02 2.906182e-17 2.906182e-17
1.044280e+02 3.219818e-17 3.219818e-17
1.045280e+02 3.415955e-17 3.415955e-17
1.046280e+02 2.969070e-17 2.969070e-17
1.047280e+02 2.457925e-17 2.457925e-17
1.048280e+02 1.863562e-17 1.863562e-17
1.049280e+02 1.818500e-17 1.818500e-17
1.050280e+02 1.909899e-17 1.909899e-17
1.051280e+02 1.721433e-17 1.721433e-17
1.052280e+02 1.339978e-17 1.339978e-17
1.053280e+02 8.153910e-18 8.153910e-18
1.054280e+02 6.749781e-18 6.749781e-18
1.055280e+02 7.330699e-18 7.330699e-18
1.056280e+02 9.872111e-18 9.872111e-18
1.057280e+02 1.256945e-17 1.256945e-17
1.058280e+02 1.330500e-17 1.330500e-17
1.059280e+02 1.097254e-17 1.097254e-17
1.060280e+02 7.399549e-18 7.399549e-18
1.061280e+02 5.096209e-18 5.096209e-18
1.062280e+02 4.745538e-18 4.745538e-18
1.063280e+02 5.476673e-18 5.476673e-18
1.064280e+02 6.598389e-18 6.598389e-18
1.065280e+02 8.700319e-18 8.700319e-18
1.066280e+02 1.400435e-17 1.400435e-17
1.067280e+02 1.968685e-17 1.968685e-17
1.068280e+02 2.261967e-17 2.261967e-17
1.069280e+02 2.496750e-17 2.496750e-17
1.070280e+02 2.752817e-17 2.752817e-17
1.071280e+02 3.135739e-17 3.135739e-17
1.072280e+02 3.698473e-17 3.698473e-17
1.073280e+02 4.432613e-17 4.432613e-17
1.074280e+02 4.549839e-17 4.549839e-17
1.075280e+02 3.849422e-17 3.849422e-17
1.076280e+02 3.070277e-17 3.070277e-17
1.077280e+02 2.176903e-17 2.176903e-17
1.078280e+02 1.882468e-17 1.882468e-17
1.079280e+02 1.976638e-17 1.976638e-17
1.080280e+02 2.083787e-17 2.083787e-17
1.081280e+02 2.013705e-17 2.013705e-17
1.082280e+02 1.642096e-17 1.642096e-17
1.083280e+02 1.352211e-17 1.352211e-17
1.084280e+02 1.183263e-17 1.183263e-17
1.085280e+02 1.281105e-17 1.281105e-17
1.086280e+02 1.512053e-17 1.512053e-17
1.087280e+02 1.587211e-17 1.587211e-17
1.088280e+02 1.498958e-17 1.498958e-17
1.089280e+02 1.422600e-17 1.422600e-17
1.090280e+02 1.433042e-17 1.433042e-17
1.091280e+02 1.412927e-17 1.412927e-17
1.092280e+02 1.391781e-17 1.391781e-17
1.093280e+02 1.230515e-17 1.230515e-17
1.094280e+02 1.424152e-17 1.424152e-17
1.095280e+02 1.805122e-17 1.805122e-17
1.096280e+02 2.414330e-17 2.414330e-17
1.097280e+02 3.833784e-17 3.833784e-17
1.098280e+02 7.048113e-17 7.048113e-17
1.099280e+02 1.355969e-16 1.355969e-16
1.100280e+02 2.282474e-16 2.282474e-16
1.101280e+02 2.937306e-16 2.937306e-16
1.102280e+02 2.692408e-16 2.692408e-16
1.103280e+02 1.786222e-16 1.786222e-16
1.104280e+02 9.481367e-17 9.481367e-17
1.105280e+02 5.079837e-17 5.079837e-17
1.106280e+02 3.251455e-17 3.251455e-17
1.107280e+02 2.702485e-17 2.702485e-17
1.108280e+02 2.630152e-17 2.630152e-17
1.109280e+02 2.596900e-17 2.596900e-17
1.110280e+02 2.849212e-17 2.849212e-17
1.111280e+02 3.662920e-17 3.662920e-17
1.112280e+02 4.888020e-17 4.888020e-17
1.113280e+02 5.990000e-17 5.990000e-17
1.114280e+02 5.942000e-17 5.942000e-17
1.115280e+02 4.774600e-17 4.774600e-17
1.116280e+02 3.452644e-17 3.452644e-17
1.117280e+02 2.772200e-17 2.772200e-17
1.118280e+02 2.490703e-17 2.490703e-17
1.119280e+02 2.224535e-17 2.224535e-17
1.120280e+02 1.815980e-17 1.815980e-17
1.121280e+02 1.480912e-17 1.480912e-17
1.122280e+02 1.297088e-17 1.297088e-17
1.123280e+02 1.408307e-17 1.408307e-17
1.124280e+02 1.831922e-17 1.831922e-17
1.125280e+02 2.357903e-17 2.357903e-17
1.126280e+02 2.500333e-17 2.500333e-17
1.127280e+02 2.070835e-17 2.070835e-17
1.128280e+02 1.380047e-17 1.380047e-17
1.129280e+02 8.363320e-18 8.363320e-18
1.130280e+02 5.020680e-18 5.020680e-18
1.131280e+02 2.595115e-18 2.595115e-18
1.132280e+02 1.723000e-18 1.723000e-18
1.133280e+02 1.250184e-18 1.250184e-18
1.134280e+02 7.500673e-19 7.500673e-19
1.135280e+02 7.289500e-19 7.289500e-19
1.136280e+02 5.146038e-19 5.146038e-19
1.137280e+02 3.551952e-19 3.551952e-19
1.138280e+02 4.107250e-19 4.107250e-19
1.139280e+02 3.112467e-19 3.112467e-19
1.140280e+02 4.063171e-19 4.063171e-19
1.141280e+02 4.753771e-19 4.753771e-19
1.142280e+02 4.846952e-19 4.846952e-19
1.143280e+02 4.259623e-19 4.259623e-19
1.144280e+02 3.890857e-19 3.890857e-19
1.145280e+02 3.382094e-19 3.382094e-19
1.146280e+02 3.027566e-19 3.027566e-19
1.147280e+02 4.272792e-19 4.272792e-19
1.148280e+02 5.375645e-19 5.375645e-19
1.149280e+02 6.574453e-19 6.574453e-19
1.150280e+02 6.699991e-19 6.699991e-19
1.151280e+02 5.161673e-19 5.161673e-19
1.152280e+02 7.145159e-19 7.145159e-19
1.153280e+02 6.661047e-19 6.661047e-19
1.154280e+02 7.464944e-19 7.464944e-19
1.155280e+02 9.139411e-19 9.139411e-19
1.156280e+02 1.135548e-18 1.135548e-18
1.157280e+02 1.125426e-18 1.125426e-18
1.158280e+02 1.009108e-18 1.009108e-18
1.159280e+02 8.504505e-19 8.504505e-19
1.160280e+02 8.033130e-19 8.033130e-19
1.161280e+02 8.003963e-19 8.003963e-19
1.162280e+02 7.430119e-19 7.430119e-19
1.163280e+02 9.777826e-19 9.777826e-19
1.164280e+02 9.471600e-19 9.471600e-19
1.165280e+02 9.490028e-19 9.490028e-19
1.166280e+02 9.892780e-19 9.892780e-19
1.167280e+02 8.180345e-19 8.180345e-19
1.168280e+02 9.912109e-19 9.912109e-19
1.169280e+02 1.534582e-18 1.534582e-18
1.170280e+02 1.847117e-18 1.847117e-18
1.171280e+02 2.064373e-18 2.064373e-18
1.172280e+02 2.162333e-18 2.162333e-18
1.173280e+02 1.860351e-18 1.860351e-18
1.174280e+02 1.462420e-18 1.462420e-18
1.175280e+02 1.318811e-18 1.318811e-18
1.176280e+02 9.161081e-19 9.161081e-19
1.177280e+02 8.099143e-19 8.099143e-19
1.178280e+02 9.487250e-19 9.487250e-19
1.179280e+02 8.742571e-19 8.742571e-19
1.180280e+02 8.018286e-19 8.018286e-19
1.181280e+02 7.749628e-19 7.749628e-19
1.182280e+02 6.357327e-19 6.357327e-19
1.183280e+02 4.025451e-19 4.025451e-19
1.184280e+02 4.290088e-19 4.290088e-19
1.185280e+02 5.968850e-19 5.968850e-19
1.186280e+02 6.756425e-19 6.756425e-19
1.187280e+02 6.940061e-19 6.940061e-19
1.188280e+02 7.977237e-19 7.977237e-19
1.189280e+02 9.797895e-19 9.797895e-19
1.190280e+02 1.184202e-18 1.184202e-18
1.191280e+02 1.460826e-18 1.460826e-18
1.192280e+02 1.856579e-18 1.856579e-18
1.193280e+02 1.519737e-18 1.519737e-18
1.194280e+02 1.334043e-18 1.334043e-18
1.195280e+02 1.174207e-18 1.174207e-18
1.196280e+02 1.287878e-18 1.287878e-18
1.197280e+02 1.316793e-18 1.316793e-18
1.198280e+02 1.262096e-18 1.262096e-18
1.199280e+02 1.441836e-18 1.441836e-18
1.200280e+02 1.717701e-18 1.717701e-18
1.201280e+02 1.911718e-18 1.911718e-18
1.202280e+02 2.667828e-18 2.667828e-18
1.203280e+02 3.665308e-18 3.665308e-18
1.204280e+02 4.841077e-18 4.841077e-18
1.205280e+02 6.056068e-18 6.056068e-18
1.206280e+02 7.052602e-18 7.052602e-18
1.207280e+02 7.523692e-18 7.523692e-18
1.208280e+02 6.813436e-18 6.813436e-18
1.209280e+02 5.477932e-18 5.477932e-18
1.210280e+02 4.399661e-18 4.399661e-18
1.211280e+02 3.287017e-18 3.287017e-18
1.212280e+02 2.226364e-18 2.226364e-18
1.213280e+02 1.737916e-18 1.737916e-18
1.214280e+02 1.275731e-18 1.275731e-18
1.215280e+02 9.817983e-19 9.817983e-19
1.216280e+02 9.080378e-19 9.080378e-19
1.217280e+02 8.792333e-19 8.792333e-19
1.218280e+02 8.365400e-19 8.365400e-19
1.219280e+02 8.279133e-19 8.279133e-19
1.220280e+02 9.454967e-19 9.454967e-19
1.221280e+02 9.250800e-19 9.250800e-19
1.222280e+02 7.191733e-19 7.191733e-19
1.223280e+02 5.738413e-19 5.738413e-19
1.224280e+02 5.130066e-19 5.130066e-19
1.225280e+02 4.298876e-19 4.298876e-19
1.226280e+02 2.976562e-19 2.976562e-19
1.227280e+02 4.151697e-19 4.151697e-19
1.228280e+02 3.847562e-19 3.847562e-19
1.229280e+02 4.139016e-19 4.139016e-19
1.230280e+02 5.080951e-19 5.080951e-19
1.231280e+02 4.583000e-19 4.583000e-19
1.232280e+02 6.749667e-19 6.749667e-19
1.233280e+02 6.595508e-19 6.595508e-19
1.234280e+02 9.310732e-19 9.310732e-19
1.235280e+02 1.361447e-18 1.361447e-18
1.236280e+02 1.737855e-18 1.737855e-18
1.237280e+02 2.316887e-18 2.316887e-18
1.238280e+02 3.596390e-18 3.596390e-18
1.239280e+02 5.305194e-18 5.305194e-18
1.240280e+02 7.623774e-18 7.623774e-18
1.241280e+02 1.097548e-17 1.097548e-17
1.242280e+02 1.621788e-17 1.621788e-17
1.243280e+02 2.460097e-17 2.460097e-17
1.244280e+02 3.347568e-17 3.347568e-17
1.245280e+02 3.905760e-17 3.905760e-17
1.246280e+02 3.883500e-17 3.883500e-17
1.247280e+02 3.190643e-17 3.190643e-17
1.248280e+02 2.240200e-17 2.240200e-17
1.249280e+02 1.473222e-17 1.473222e-17
1.250280e+02 9.166063e-18 9.166063e-18
1.251280e+02 5.571732e-18 5.571732e-18
1.252280e+02 3.659134e-18 3.659134e-18
1.253280e+02 2.549556e-18 2.549556e-18
1.254280e+02 1.940260e-18 1.940260e-18
1.255280e+02 1.540528e-18 1.540528e-18
1.256280e+02 1.160945e-18 1.160945e-18
1.257280e+02 1.169539e-18 1.169539e-18
1.258280e+02 9.621276e-19 9.621276e-19
1.259280e+02 7.889688e-19 7.889688e-19
1.260280e+02 6.929281e-19 6.929281e-19
1.261280e+02 6.366000e-19 6.366000e-19
1.262280e+02 6.718713e-19 6.718713e-19
1.263280e+02 7.373039e-19 7.373039e-19
1.264280e+02 7.145163e-19 7.145163e-19
1.265280e+02 6.005953e-19 6.005953e-19
1.266280e+02 8.059442e-19 8.059442e-19
1.267280e+02 8.081953e-19 8.081953e-19
1.268280e+02 8.754000e-19 8.754000e-19
1.269280e+02 1.071054e-18 1.071054e-18
1.270280e+02 1.397669e-18 1.397669e-18
1.271280e+02 1.549192e-18 1.549192e-18
1.272280e+02 1.865450e-18 1.865450e-18
1.273280e+02 2.378153e-18 2.378153e-18
1.274280e+02 3.095496e-18 3.095496e-18
1.275280e+02 3.978702e-18 3.978702e-18
1.276280e+02 5.014702e-18 5.014702e-18
1.277280e+02 6.593129e-18 6.593129e-18
1.278280e+02 8.989136e-18 8.989136e-18
1.279280e+02 1.262398e-17 1.262398e-17
1.280280e+02 1.839500e-17 1.839500e-17
1.281280e+02 2.580295e-17 2.580295e-17
1.282280e+02 3.522970e-17 3.522970e-17
1.283280e+02 4.999662e-17 4.999662e-17
1.284280e+02 7.767180e-17 7.767180e-17
1.285280e+02 1.238579e-16 1.238579e-16
1.286280e+02 1.889313e-16 1.889313e-16
1.287280e+02 2.641552e-16 2.641552e-16
1.288280e+02 3.063045e-16 3.063045e-16
1.289280e+02 3.075731e-16 3.075731e-16
1.290280e+02 2.661522e-16 2.661522e-16
1.291280e+02 1.924209e-16 1.924209e-16
1.292280e+02 1.281116e-16 1.281116e-16
1.293280e+02 7.919089e-17 7.919089e-17
1.294280e+02 4.837844e-17 4.837844e-17
1.295280e+02 3.173400e-17 3.173400e-17
1.296280e+02 2.090618e-17 2.090618e-17
1.297280e+02 1.394027e-17 1.394027e-17
1.298280e+02 9.921343e-18 9.921343e-18
1.299280e+02 7.588496e-18 7.588496e-18
1.300280e+02 6.032625e-18 6.032625e-18
1.301280e+02 4.952781e-18 4.952781e-18
1.302280e+02 4.014095e-18 4.014095e-18
1.303280e+02 3.268139e-18 3.268139e-18
1.304280e+02 2.718394e-18 2.718394e-18
1.305280e+02 2.338993e-18 2.338993e-18
1.306280e+02 2.066730e-18 2.066730e-18
1.307280e+02 1.943391e-18 1.943391e-18
1.308280e+02 1.826007e-18 1.826007e-18
1.309280e+02 1.670950e-18 1.670950e-18
1.310280e+02 1.529942e-18 1.529942e-18
1.311280e+02 1.544174e-18 1.544174e-18
1.312280e+02 1.545727e-18 1.545727e-18
1.313280e+02 1.309036e-18 1.309036e-18
1.314280e+02 1.232779e-18 1.232779e-18
1.315280e+02 1.214576e-18 1.214576e-18
1.316280e+02 1.249000e-18 1.249000e-18
1.317280e+02 1.399000e-18 1.399000e-18
1.318280e+02 1.491000e-18 1.491000e-18
1.319280e+02 1.526936e-18 1.526936e-18
1.320280e+02 1.490057e-18 1.490057e-18
1.321280e+02 1.680529e-18 1.680529e-18
1.322280e+02 1.893823e-18 1.893823e-18
1.323280e+02 2.119817e-18 2.119817e-18
1.324280e+02 2.555028e-18 2.555028e-18
1.325280e+02 3.533851e-18 3.533851e-18
1.326280e+02 4.819021e-18 4.819021e-18
1.327280e+02 6.183106e-18 6.183106e-18
1.328280e+02 6.844510e-18 6.844510e-18
1.329280e+02 6.834155e-18 6.834155e-18
1.330280e+02 6.032042e-18 6.032042e-18
1.331280e+02 4.722811e-18 4.722811e-18
1.332280e+02 3.656692e-18 3.656692e-18
1.333280e+02 2.846000e-18 2.846000e-18
1.334280e+02 2.387667e-18 2.387667e-18
1.335280e+02 1.957194e-18 1.957194e-18
1.336280e+02 1.599167e-18 1.599167e-18
1.337280e+02 1.429028e-18 1.429028e-18
1.338280e+02 1.350000e-18 1.350000e-18
1.339280e+02 1.299600e-18 1.299600e-18
1.340280e+02 1.259600e-18 1.259600e-18
1.341280e+02 1.342607e-18 1.342607e-18
1.342280e+02 1.398441e-18 1.398441e-18
1.343280e+02 1.407185e-18 1.407185e-18
1.344280e+02 1.325678e-18 1.325678e-18
1.345280e+02 1.239274e-18 1.239274e-18
1.346280e+02 1.163288e-18 1.163288e-18
1.347280e+02 1.233151e-18 1.233151e-18
1.348280e+02 1.269714e-18 1.269714e-18
1.349280e+02 1.274182e-18 1.274182e-18
1.350280e+02 1.233248e-18 1.233248e-18
1.351280e+02 1.244848e-18 1.244848e-18
1.352280e+02 1.256448e-18 1.256448e-18
1.353280e+02 1.268048e-18 1.268048e-18
1.354280e+02 1.279648e-18 1.279648e-18
1.355280e+02 1.291248e-18 1.291248e-18
1.356280e+02 1.302848e-18 1.302848e-18
1.357280e+02 1.314448e-18 1.314448e-18
1.358280e+02 1.326048e-18 1.326048e-18
1.359280e+02 1.337648e-18 1.337648e-18
1.360280e+02 1.349248e-18 1.349248e-18
1.361280e+02 1.360848e-18 1.360848e-18
1.362280e+02 1.372448e-18 1.372448e-18
1.363280e+02 1.384048e-18 1.384048e-18
1.364280e+02 1.395648e-18 1.395648e-18
1.365280e+02 1.407248e-18 1.407248e-18
1.366280e+02 1.418848e-18 1.418848e-18
1.367280e+02 1.430448e-18 1.430448e-18
1.368280e+02 1.442048e-18 1.442048e-18
1.369280e+02 1.453648e-18 1.453648e-18
1.370280e+02 1.465248e-18 1.465248e-18
1.371280e+02 1.476848e-18 1.476848e-18
1.372280e+02 1.488448e-18 1.488448e-18
1.373280e+02 1.500048e-18 1.500048e-18
1.374280e+02 1.511648e-18 1.511648e-18
1.375280e+02 1.525936e-18 1.525936e-18
1.376280e+02 1.547136e-18 1.547136e-18
1.377280e+02 1.568336e-18 1.568336e-18
1.378280e+02 1.589536e-18 1.589536e-18
1.379280e+02 1.610736e-18 1.610736e-18
1.380280e+02 1.631936e-18 1.631936e-18
1.381280e+02 1.653136e-18 1.653136e-18
1.382280e+02 1.674336e-18 1.674336e-18
1.383280e+02 1.695536e-18 1.695536e-18
1.384280e+02 1.716736e-18 1.716736e-18
1.385280e+02 1.737936e-18 1.737936e-18
1.386280e+02 1.759136e-18 1.759136e-18
1.387280e+02 1.780336e-18 1.780336e-18
1.388280e+02 1.801536e-18 1.801536e-18
1.389280e+02 1.822736e-18 1.822736e-18
1.390280e+02 1.843936e-18 1.843936e-18
1.391280e+02 1.865136e-18 1.865136e-18
1.392280e+02 1.886336e-18 1.886336e-18
1.393280e+02 1.907536e-18 1.907536e-18
1.394280e+02 1.928736e-18 1.928736e-18
1.395280e+02 1.949936e-18 1.949936e-18
1.396280e+02 1.971136e-18 1.971136e-18
1.397280e+02 1.992336e-18 1.992336e-18
1.398280e+02 2.013536e-18 2.013536e-18
1.399280e+02 2.034736e-18 2.034736e-18
1.400280e+02 2.053696e-18 2.053696e-18
1.401280e+02 2.066896e-18 2.066896e-18
1.402280e+02 2.080096e-18 2.080096e-18
1.403280e+02 2.093296e-18 2.093296e-18
1.404280e+02 2.106496e-18 2.106496e-18
1.405280e+02 2.119696e-18 2.119696e-18
1.406280e+02 2.132896e-18 2.132896e-18
1.407280e+02 2.146096e-18 2.146096e-18
1.408280e+02 2.159296e-18 2.159296e-18
1.409280e+02 2.172496e-18 2.172496e-18
1.410280e+02 2.185696e-18 2.185696e-18
1.411280e+02 2.198896e-18 2.198896e-18
1.412280e+02 2.212096e-18 2.212096e-18
1.413280e+02 2.225296e-18 2.225296e-18
1.414280e+02 2.238496e-18 2.238496e-18
1.415280e+02 2.251696e-18 2.251696e-18
1.416280e+02 2.264896e-18 2.264896e-18
1.417280e+02 2.278096e-18 2.278096e-18
1.418280e+02 2.291296e-18 2.291296e-18
1.419280e+02 2.304496e-18 2.304496e-18
1.420280e+02 2.317696e-18 2.317696e-18
1.421280e+02 2.330896e-18 2.330896e-18
1.422280e+02 2.344096e-18 2.344096e-18
1.423280e+02 2.357296e-18 2.357296e-18
1.424280e+02 2.370496e-18 2.370496e-18
1.425280e+02 2.384592e-18 2.384592e-18
1.426280e+02 2.400992e-18 2.400992e-18
1.427280e+02 2.417392e-18 2.417392e-18
1.428280e+02 2.433792e-18 2.433792e-18
1.429280e+02 2.450192e-18 2.450192e-18
1.430280e+02 2.466592e-18 2.466592e-18
1.431280e+02 2.482992e-18 2.482992e-18
1.432280e+02 2.499392e-18 2.499392e-18
1.433280e+02 2.515792e-18 2.515792e-18
1.434280e+02 2.532192e-18 2.532192e-18
1.435280e+02 2.548592e-18 2.548592e-18
1.436280e+02 2.564992e-18 2.564992e-18
1.437280e+02 2.581392e-18 2.581392e-18
1.438280e+02 2.597792e-18 2.597792e-18
1.439280e+02 2.614192e-18 2.614192e-18
1.440280e+02 2.630592e-18 2.630592e-18
1.441280e+02 2.646992e-18 2.646992e-18
1.442280e+02 2.663392e-18 2.663392e-18
1.443280e+02 2.679792e-18 2.679792e-18
1.444280e+02 2.696192e-18 2.696192e-18
1.445280e+02 2.712592e-18 2.712592e-18
1.446280e+02 2.728992e-18 2.728992e-18
1.447280e+02 2.745392e-18 2.745392e-18
1.448280e+02 2.761792e-18 2.761792e-18
1.449280e+02 2.778192e-18 2.778192e-18
1.450280e+02 2.793584e-18 2.793584e-18
1.451280e+02 2.806384e-18 2.806384e-18
1.452280e+02 2.819184e-18 2.819184e-18
1.453280e+02 2.831984e-18 2.831984e-18
1.454280e+02 2.844784e-18 2.844784e-18
1.455280e+02 2.857584e-18 2.857584e-18
1.456280e+02 2.870384e-18 2.870384e-18
1.457280e+02 2.883184e-18 2.883184e-18
1.458280e+02 2.895984e-18 2.895984e-18
1.459280e+02 2.908784e-18 2.908784e-18
1.460280e+02 2.921584e-18 2.921584e-18
1.461280e+02 2.934384e-18 2.934384e-18
1.462280e+02 2.947184e-18 2.947184e-18
1.463280e+02 2.959984e-18 2.959984e-18
1.464280e+02 2.972784e-18 2.972784e-18
1.465280e+02 2.985584e-18 2.985584e-18
1.466280e+02 2.998384e-18 2.998384e-18
1.467280e+02 3.011184e-18 3.011184e-18
1.468280e+02 3.023984e-18 3.023984e-18
1.469280e+02 3.036784e-18 3.036784e-18
1.470280e+02 3.049584e-18 3.049584e-18
1.471280e+02 3.062384e-18 3.062384e-18
1.472280e+02 3.075184e-18 3.075184e-18
1.473280e+02 3.087984e-18 3.087984e-18
1.474280e+02 3.100784e-18 3.100784e-18
1.475280e+02 3.112576e-18 3.112576e-18
1.476280e+02 3.121776e-18 3.121776e-18
1.477280e+02 3.130976e-18 3.130976e-18
1.478280e+02 3.140176e-18 3.140176e-18
1.479280e+02 3.149376e-18 3.149376e-18
1.480280e+02 3.158576e-18 3.158576e-18
1.481280e+02 3.167776e-18 3.167776e-18
1.482280e+02 3.176976e-18 3.176976e-18
1.483280e+02 3.186176e-18 3.186176e-18
1.484280e+02 3.195376e-18 3.195376e-18
1.485280e+02 3.204576e-18 3.204576e-18
1.486280e+02 3.213776e-18 3.213776e-18
1.487280e+02 3.222976e-18 3.222976e-18
1.488280e+02 3.232176e-18 3.232176e-18
1.489280e+02 3.241376e-18 3.241376e-18
1.490280e+02 3.250576e-18 3.250576e-18
1.491280e+02 3.259776e-18 3.259776e-18
1.492280e+02 3.268976e-18 3.268976e-18
1.493280e+02 3.278176e-18 3.278176e-18
1.494280e+02 3.287376e-18 3.287376e-18
1.495280e+02 3.296576e-18 3.296576e-18
1.496280e+02 3.305776e-18 3.305776e-18
1.497280e+02 3.314976e-18 3.314976e-18
1.498280e+02 3.324176e-18 3.324176e-18
1.499280e+02 3.333376e-18 3.333376e-18
1.500280e+02 3.340896e-18 3.340896e-18
1.501280e+02 3.344096e-18 3.344096e-18
1.502280e+02 3.347296e-18 3.347296e-18
1.503280e+02 3.350496e-18 3.350496e-18
1.504280e+02 3.353696e-18 3.353696e-18
1.505280e+02 3.356896e-18 3.356896e-18
1.506280e+02 3.360096e-18 3.360096e-18
1.507280e+02 3.363296e-18 3.363296e-18
1.508280e+02 3.366496e-18 3.366496e-18
1.509280e+02 3.369696e-18 3.369696e-18
1.510280e+02 3.372896e-18 3.372896e-18
1.511280e+02 3.376096e-18 3.376096e-18
1.512280e+02 3.379296e-18 3.379296e-18
1.513280e+02 3.382496e-18 3.382496e-18
1.514280e+02 3.385696e-18 3.385696e-18
1.515280e+02 3.388896e-18 3.388896e-18
1.516280e+02 3.392096e-18 3.392096e-18
1.517280e+02 3.395296e-18 3.395296e-18
1.518280e+02 3.398496e-18 3.398496e-18
1.519280e+02 3.401696e-18 3.401696e-18
1.520280e+02 3.404896e-18 3.404896e-18
1.521280e+02 3.408096e-18 3.408096e-18
1.522280e+02 3.411296e-18 3.411296e-18
1.523280e+02 3.414496e-18 3.414496e-18
1.524280e+02 3.417696e-18 3.417696e-18
1.525280e+02 3.420112e-18 3.420112e-18
1.526280e+02 3.420512e-18 3.420512e-18
1.527280e+02 3.420912e-18 3.420912e-18
1.528280e+02 3.421312e-18 3.421312e-18
1.529280e+02 3.421712e-18 3.421712e-18
1.530280e+02 3.422112e-18 3.422112e-18
1.531280e+02 3.422512e-18 3.422512e-18
1.532280e+02 3.422912e-18 3.422912e-18
1.533280e+02 3.423312e-18 3.423312e-18
1.534280e+02 3.423712e-18 3.423712e-18
1.535280e+02 3.424112e-18 3.424112e-18
1.536280e+02 3.424512e-18 3.424512e-18
1.537280e+02 3.424912e-18 3.424912e-18
1.538280e+02 3.425312e-18 3.425312e-18
1.539280e+02 3.425712e-18 3.425712e-18
1.540280e+02 3.426112e-18 3.426112e-18
1.541280e+02 3.426512e-18 3.426512e-18
1.542280e+02 3.426912e-18 3.426912e-18
1.543280e+02 3.427312e-18 3.427312e-18
1.544280e+02 3.427712e-18 3.427712e-18
1.545280e+02 3.428112e-18 3.428112e-18
1.546280e+02 3.428512e-18 3.428512e-18
1.547280e+02 3.428912e-18 3.428912e-18
1.548280e+02 3.429312e-18 3.429312e-18
1.549280e+02 3.429712e-18 3.429712e-18
1.550280e+02 3.428208e-18 3.428208e-18
1.551280e+02 3.421808e-18 3.421808e-18
1.552280e+02 3.415408e-18 3.415408e-18
1.553280e+02 3.409008e-18 3.409008e-18
1.554280e+02 3.402608e-18 3.402608e-18
1.555280e+02 3.396208e-18 3.396208e-18
1.556280e+02 3.389808e-18 3.389808e-18
1.557280e+02 3.383408e-18 3.383408e-18
1.558280e+02 3.377008e-18 3.377008e-18
1.559280e+02 3.370608e-18 3.370608e-18
1.560280e+02 3.364208e-18 3.364208e-18
1.561280e+02 3.357808e-18 3.357808e-18
1.562280e+02 3.351408e-18 3.351408e-18
1.563280e+02 3.345008e-18 3.345008e-18
1.564280e+02 3.338608e-18 3.338608e-18
1.565280e+02 3.332208e-18 3.332208e-18
1.566280e+02 3.325808e-18 3.325808e-18
1.567280e+02 3.319408e-18 3.319408e-18
1.568280e+02 3.313008e-18 3.313008e-18
1.569280e+02 3.306608e-18 3.306608e-18
1.570280e+02 3.300208e-18 3.300208e-18
1.571280e+02 3.293808e-18 3.293808e-18
1.572280e+02 3.287408e-18 3.287408e-18
1.573280e+02 3.281008e-18 3.281008e-18
1.574280e+02 3.274608e-18 3.274608e-18
1.575280e+02 3.267648e-18 3.267648e-18
1.576280e+02 3.259248e-18 3.259248e-18
1.577280e+02 3.250848e-18 3.250848e-18
1.578280e+02 3.242448e-18 3.242448e-18
1.579280e+02 3.234048e-18 3.234048e-18
1.580280e+02 3.225648e-18 3.225648e-18
1.581280e+02 3.217248e-18 3.217248e-18
1.582280e+02 3.208848e-18 3.208848e-18
1.583280e+02 3.200448e-18 3.200448e-18
1.584280e+02 3.192048e-18 3.192048e-18
1.585280e+02 3.183648e-18 3.183648e-18
1.586280e+02 3.175248e-18 3.175248e-18
1.587280e+02 3.166848e-18 3.166848e-18
1.588280e+02 3.158448e-18 3.158448e-18
1.589280e+02 3.150048e-18 3.150048e-18
1.590280e+02 3.141648e-18 3.141648e-18
1.591280e+02 3.133248e-18 3.133248e-18
1.592280e+02 3.124848e-18 3.124848e-18
1.593280e+02 3.116448e-18 3.116448e-18
1.594280e+02 3.108048e-18 3.108048e-18
1.595280e+02 3.099648e-18 3.099648e-18
1.596280e+02 3.091248e-18 3.091248e-18
1.597280e+02 3.082848e-18 3.082848e-18
1.598280e+02 3.074448e-18 3.074448e-18
1.599280e+02 3.066048e-18 3.066048e-18
1.600280e+02 3.056304e-18 3.056304e-18
1.601280e+02 3.043104e-18 3.043104e-18
1.602280e+02 3.029904e-18 3.029904e-18
1.603280e+02 3.016704e-18 3.016704e-18
1.604280e+02 3.003504e-18 3.003504e-18
1.605280e+02 2.990304e-18 2.990304e-18
1.606280e+02 2.977104e-18 2.977104e-18
1.607280e+02 2.963904e-18 2.963904e-18
1.608280e+02 2.950704e-18 2.950704e-18
1.609280e+02 2.937504e-18 2.937504e-18
1.610280e+02 2.924304e-18 2.924304e-18
1.611280e+02 2.911104e-18 2.911104e-18
1.612280e+02 2.897904e-18 2.897904e-18
1.613280e+02 2.884704e-18 2.884704e-18
1.614280e+02 2.871504e-18 2.871504e-18
1.615280e+02 2.858304e-18 2.858304e-18
1.616280e+02 2.845104e-18 2.845104e-18
1.617280e+02 2.831904e-18 2.831904e-18
1.618280e+02 2.818704e-18 2.818704e-18
1.619280e+02 2.805504e-18 2.805504e-18
1.620280e+02 2.792304e-18 2.792304e-18
1.621280e+02 2.779104e-18 2.779104e-18
1.622280e+02 2.765904e-18 2.765904e-18
1.623280e+02 2.752704e-18 2.752704e-18
1.624280e+02 2.739504e-18 2.739504e-18
1.625280e+02 2.726304e-18 2.726304e-18
1.626280e+02 2.713104e-18 2.713104e-18
1.627280e+02 2.699904e-18 2.699904e-18
1.628280e+02 2.686704e-18 2.686704e-18
1.629280e+02 2.673504e-18 2.673504e-18
1.630280e+02 2.660304e-18 2.660304e-18
1.631280e+02 2.647104e-18 2.647104e-18
1.632280e+02 2.633904e-18 2.633904e-18
1.633280e+02 2.620704e-18 2.620704e-18
1.634280e+02 2.607504e-18 2.607504e-18
1.635280e+02 2.594304e-18 2.594304e-18
1.636280e+02 2.581104e-18 2.581104e-18
1.637280e+02 2.567904e-18 2.567904e-18
1.638280e+02 2.554704e-18 2.554704e-18
1.639280e+02 2.541504e-18 2.541504e-18
1.640280e+02 2.528304e-18 2.528304e-18
1.641280e+02 2.515104e-18 2.515104e-18
1.642280e+02 2.501904e-18 2.501904e-18
1.643280e+02 2.488704e-18 2.488704e-18
1.644280e+02 2.475504e-18 2.475504e-18
1.645280e+02 2.462304e-18 2.462304e-18
1.646280e+02 2.449104e-18 2.449104e-18
1.647280e+02 2.435904e-18 2.435904e-18
1.648280e+02 2.422704e-18 2.422704e-18
1.649280e+02 2.409504e-18 2.409504e-18
1.650280e+02 2.395408e-18 2.395408e-18
1.651280e+02 2.379008e-18 2.379008e-18
1.652280e+02 2.362608e-18 2.362608e-18
1.653280e+02 2.346208e-18 2.346208e-18
1.654280e+02 2.329808e-18 2.329808e-18
1.655280e+02 2.313408e-18 2.313408e-18
1.656280e+02 2.297008e-18 2.297008e-18
1.657280e+02 2.280608e-18 2.280608e-18
1.658280e+02 2.264208e-18 2.264208e-18
1.659280e+02 2.247808e-18 2.247808e-18
1.660280e+02 2.231408e-18 2.231408e-18
1.661280e+02 2.215008e-18 2.215008e-18
1.662280e+02 2.198608e-18 2.198608e-18
1.663280e+02 2.182208e-18 2.182208e-18
1.664280e+02 2.165808e-18 2.165808e-18
1.665280e+02 2.149408e-18 2.149408e-18
1.666280e+02 2.133008e-18 2.133008e-18
1.667280e+02 2.116608e-18 2.116608e-18
1.668280e+02 2.100208e-18 2.100208e-18
1.669280e+02 2.083808e-18 2.083808e-18
1.670280e+02 2.067408e-18 2.067408e-18
1.671280e+02 2.051008e-18 2.051008e-18
1.672280e+02 2.034608e-18 2.034608e-18
1.673280e+02 2.018208e-18 2.018208e-18
1.674280e+02 2.001808e-18 2.001808e-18
1.675280e+02 1.985968e-18 1.985968e-18
1.676280e+02 1.971568e-18 1.971568e-18
1.677280e+02 1.957168e-18 1.957168e-18
1.678280e+02 1.942768e-18 1.942768e-18
1.679280e+02 1.928368e-18 1.928368e-18
1.680280e+02 1.913968e-18 1.913968e-18
1.681280e+02 1.899568e-18 1.899568e-18
1.682280e+02 1.885168e-18 1.885168e-18
1.683280e+02 1.870768e-18 1.870768e-18
1.684280e+02 1.856368e-18 1.856368e-18
1.685280e+02 1.841968e-18 1.841968e-18
1.686280e+02 1.827568e-18 1.827568e-18
1.687280e+02 1.813168e-18 1.813168e-18
1.688280e+02 1.798768e-18 1.798768e-18
1.689280e+02 1.784368e-18 1.784368e-18
1.690280e+02 1.769968e-18 1.769968e-18
1.691280e+02 1.755568e-18 1.755568e-18
1.692280e+02 1.741168e-18 1.741168e-18
1.693280e+02 1.726768e-18 1.726768e-18
1.694280e+02 1.712368e-18 1.712368e-18
1.695280e+02 1.697968e-18 1.697968e-18
1.696280e+02 1.683568e-18 1.683568e-18
1.697280e+02 1.669168e-18 1.669168e-18
1.698280e+02 1.654768e-18 1.654768e-18
1.699280e+02 1.640368e-18 1.640368e-18
1.700280e+02 1.626976e-18 1.626976e-18
1.701280e+02 1.616176e-18 1.616176e-18
1.702280e+02 1.605376e-18 1.605376e-18
1.703280e+02 1.594576e-18 1.594576e-18
1.704280e+02 1.583776e-18 1.583776e-18
1.705280e+02 1.572976e-18 1.572976e-18
1.706280e+02 1.562176e-18 1.562176e-18
1.707280e+02 1.551376e-18 1.551376e-18
1.708280e+02 1.540576e-18 1.540576e-18
1.709280e+02 1.529776e-18 1.529776e-18
1.710280e+02 1.518976e-18 1.518976e-18
1.711280e+02 1.508176e-18 1.508176e-18
1.712280e+02 1.497376e-18 1.497376e-18
1.713280e+02 1.486576e-18 1.486576e-18
1.714280e+02 1.475776e-18 1.475776e-18
1.715280e+02 1.464976e-18 1.464976e-18
1.716280e+02 1.454176e-18 1.454176e-18
1.717280e+02 1.443376e-18 1.443376e-18
1.718280e+02 1.432576e-18 1.432576e-18
1.719280e+02 1.421776e-18 1.421776e-18
1.720280e+02 1.410976e-18 1.410976e-18
1.721280e+02 1.400176e-18 1.400176e-18
1.722280e+02 1.389376e-18 1.389376e-18
1.723280e+02 1.378576e-18 1.378576e-18
1.724280e+02 1.367776e-18 1.367776e-18
1.725280e+02 1.356640e-18 1.356640e-18
1.726280e+02 1.344640e-18 1.344640e-18
1.727280e+02 1.332640e-18 1.332640e-18
1.728280e+02 1.320640e-18 1.320640e-18
1.729280e+02 1.308640e-18 1.308640e-18
1.730280e+02 1.296640e-18 1.296640e-18
1.731280e+02 1.284640e-18 1.284640e-18
1.732280e+02 1.272640e-18 1.272640e-18
1.733280e+02 1.260640e-18 1.260640e-18
1.734280e+02 1.248640e-18 1.248640e-18
1.735280e+02 1.236640e-18 1.236640e-18
1.736280e+02 1.224640e-18 1.224640e-18
1.737280e+02 1.212640e-18 1.212640e-18
1.738280e+02 1.200640e-18 1.200640e-18
1.739280e+02 1.188640e-18 1.188640e-18
1.740280e+02 1.176640e-18 1.176640e-18
1.741280e+02 1.164640e-18 1.164640e-18
1.742280e+02 1.152640e-18 1.152640e-18
1.743280e+02 1.140640e-18 1.140640e-18
1.744280e+02 1.128640e-18 1.128640e-18
1.745280e+02 1.116640e-18 1.116640e-18
1.746280e+02 1.104640e-18 1.104640e-18
1.747280e+02 1.092640e-18 1.092640e-18
1.748280e+02 1.080640e-18 1.080640e-18
1.749280e+02 1.068640e-18 1.068640e-18
1.750280e+02 1.057043e-18 1.057043e-18
1.751280e+02 1.046483e-18 1.046483e-18
1.752280e+02 1.035923e-18 1.035923e-18
1.753280e+02 1.025363e-18 1.025363e-18
1.754280e+02 1.014803e-18 1.014803e-18
1.755280e+02 1.004243e-18 1.004243e-18
1.756280e+02 9.936832e-19 9.936832e-19
1.757280e+02 9.831232e-19 9.831232e-19
1.758280e+02 9.725632e-19 9.725632e-19
1.759280e+02 9.620032e-19 9.620032e-19
1.760280e+02 9.514432e-19 9.514432e-19
1.761280e+02 9.408832e-19 9.408832e-19
1.762280e+02 9.303232e-19 9.303232e-19
1.763280e+02 9.197632e-19 9.197632e-19
1.764280e+02 9.092032e-19 9.092032e-19
1.765280e+02 8.986432e-19 8.986432e-19
1.766280e+02 8.880832e-19 8.880832e-19
1.767280e+02 8.775232e-19 8.775232e-19
1.768280e+02 8.669632e-19 8.669632e-19
1.769280e+02 8.564032e-19 8.564032e-19
1.770280e+02 8.458432e-19 8.458432e-19
1.771280e+02 8.352832e-19 8.352832e-19
1.772280e+02 8.247232e-19 8.247232e-19
1.773280e+02 8.141632e-19 8.141632e-19
1.774280e+02 8.036032e-19 8.036032e-19
1.775280e+02 7.936816e-19 7.936816e-19
1.776280e+02 7.854016e-19 7.854016e-19
1.777280e+02 7.771216e-19 7.771216e-19
1.778280e+02 7.688416e-19 7.688416e-19
1.779280e+02 7.605616e-19 7.605616e-19
1.780280e+02 7.522816e-19 7.522816e-19
1.781280e+02 7.440016e-19 7.440016e-19
1.782280e+02 7.357216e-19 7.357216e-19
1.783280e+02 7.274416e-19 7.274416e-19
1.784280e+02 7.191616e-19 7.191616e-19
1.785280e+02 7.108816e-19 7.108816e-19
1.786280e+02 7.026016e-19 7.026016e-19
1.787280e+02 6.943216e-19 6.943216e-19
1.788280e+02 6.860416e-19 6.860416e-19
1.789280e+02 6.777616e-19 6.777616e-19
1.790280e+02 6.694816e-19 6.694816e-19
1.791280e+02 6.612016e-19 6.612016e-19
1.792280e+02 6.529216e-19 6.529216e-19
1.793280e+02 6.446416e-19 6.446416e-19
1.794280e+02 6.363616e-19 6.363616e-19
1.795280e+02 6.280816e-19 6.280816e-19
1.796280e+02 6.198016e-19 6.198016e-19
1.797280e+02 6.115216e-19 6.115216e-19
1.798280e+02 6.032416e-19 6.032416e-19
1.799280e+02 5.949616e-19 5.949616e-19
1.800280e+02 5.871408e-19 5.871408e-19
1.801280e+02 5.805008e-19 5.805008e-19
1.802280e+02 5.738608e-19 5.738608e-19
1.803280e+02 5.672208e-19 5.672208e-19
1.804280e+02 5.605808e-19 5.605808e-19
1.805280e+02 5.539408e-19 5.539408e-19
1.806280e+02 5.473008e-19 5.473008e-19
1.807280e+02 5.406608e-19 5.406608e-19
1.808280e+02 5.340208e-19 5.340208e-19
1.809280e+02 5.273808e-19 5.273808e-19
1.810280e+02 5.207408e-19 5.207408e-19
1.811280e+02 5.141008e-19 5.141008e-19
1.812280e+02 5.074608e-19 5.074608e-19
1.813280e+02 5.008208e-19 5.008208e-19
1.814280e+02 4.941808e-19 4.941808e-19
1.815280e+02 4.875408e-19 4.875408e-19
1.816280e+02 4.809008e-19 4.809008e-19
1.817280e+02 4.742608e-19 4.742608e-19
1.818280e+02 4.676208e-19 4.676208e-19
1.819280e+02 4.609808e-19 4.609808e-19
1.820280e+02 4.543408e-19 4.543408e-19
1.821280e+02 4.477008e-19 4.477008e-19
1.822280e+02 4.410608e-19 4.410608e-19
1.823280e+02 4.344208e-19 4.344208e-19
1.824280e+02 4.277808e-19 4.277808e-19
1.825280e+02 4.215552e-19 4.215552e-19
1.826280e+02 4.163952e-19 4.163952e-19
1.827280e+02 4.112352e-19 4.112352e-19
1.828280e+02 4.060752e-19 4.060752e-19
1.829280e+02 4.009152e-19 4.009152e-19
1.830280e+02 3.957552e-19 3.957552e-19
1.831280e+02 3.905952e-19 3.905952e-19
1.832280e+02 3.854352e-19 3.854352e-19
1.833280e+02 3.802752e-19 3.802752e-19
1.834280e+02 3.751152e-19 3.751152e-19
1.835280e+02 3.699552e-19 3.699552e-19
1.836280e+02 3.647952e-19 3.647952e-19
1.837280e+02 3.596352e-19 3.596352e-19
1.838280e+02 3.544752e-19 3.544752e-19
1.839280e+02 3.493152e-19 3.493152e-19
1.840280e+02 3.441552e-19 3.441552e-19
1.841280e+02 3.389952e-19 3.389952e-19
1.842280e+02 3.338352e-19 3.338352e-19
1.843280e+02 3.286752e-19 3.286752e-19
1.844280e+02 3.235152e-19 3.235152e-19
1.845280e+02 3.183552e-19 3.183552e-19
1.846280e+02 3.131952e-19 3.131952e-19
1.847280e+02 3.080352e-19 3.080352e-19
1.848280e+02 3.028752e-19 3.028752e-19
1.849280e+02 2.977152e-19 2.977152e-19
1.850280e+02 2.929808e-19 2.929808e-19
1.851280e+02 2.893408e-19 2.893408e-19
1.852280e+02 2.857008e-19 2.857008e-19
1.853280e+02 2.820608e-19 2.820608e-19
1.854280e+02 2.784208e-19 2.784208e-19
1.855280e+02 2.747808e-19 2.747808e-19
1.856280e+02 2.711408e-19 2.711408e-19
1.857280e+02 2.675008e-19 2.675008e-19
1.858280e+02 2.638608e-19 2.638608e-19
1.859280e+02 2.602208e-19 2.602208e-19
1.860280e+02 2.565808e-19 2.565808e-19
1.861280e+02 2.529408e-19 2.529408e-19
1.862280e+02 2.493008e-19 2.493008e-19
1.863280e+02 2.456608e-19 2.456608e-19
1.864280e+02 2.420208e-19 2.420208e-19
1.865280e+02 2.383808e-19 2.383808e-19
1.866280e+02 2.347408e-19 2.347408e-19
1.867280e+02 2.311008e-19 2.311008e-19
1.868280e+02 2.274608e-19 2.274608e-19
1.869280e+02 2.238208e-19 2.238208e-19
1.870280e+02 2.201808e-19 2.201808e-19
1.871280e+02 2.165408e-19 2.165408e-19
1.872280e+02 2.129008e-19 2.129008e-19
1.873280e+02 2.092608e-19 2.092608e-19
1.874280e+02 2.056208e-19 2.056208e-19
1.875280e+02 2.022720e-19 2.022720e-19
1.876280e+02 1.996720e-19 1.996720e-19
1.877280e+02 1.970720e-19 1.970720e-19
1.878280e+02 1.944720e-19 1.944720e-19
1.879280e+02 1.918720e-19 1.918720e-19
1.880280e+02 1.892720e-19 1.892720e-19
1.881280e+02 1.866720e-19 1.866720e-19
1.882280e+02 1.840720e-19 1.840720e-19
1.883280e+02 1.814720e-19 1.814720e-19
1.884280e+02 1.788720e-19 1.788720e-19
1.885280e+02 1.762720e-19 1.762720e-19
1.886280e+02 1.736720e-19 1.736720e-19
1.887280e+02 1.710720e-19 1.710720e-19
1.888280e+02 1.684720e-19 1.684720e-19
1.889280e+02 1.658720e-19 1.658720e-19
1.890280e+02 1.632720e-19 1.632720e-19
1.891280e+02 1.606720e-19 1.606720e-19
1.892280e+02 1.580720e-19 1.580720e-19
1.893280e+02 1.554720e-19 1.554720e-19
1.894280e+02 1.528720e-19 1.528720e-19
1.895280e+02 1.502720e-19 1.502720e-19
1.896280e+02 1.476720e-19 1.476720e-19
1.897280e+02 1.450720e-19 1.450720e-19
1.898280e+02 1.424720e-19 1.424720e-19
1.899280e+02 1.398720e-19 1.398720e-19
1.900280e+02 1.375610e-19 1.375610e-19
1.901280e+02 1.359930e-19 1.359930e-19
1.902280e+02 1.344250e-19 1.344250e-19
1.903280e+02 1.328570e-19 1.328570e-19
1.904280e+02 1.312890e-19 1.312890e-19
1.905280e+02 1.297210e-19 1.297210e-19
1.906280e+02 1.281530e-19 1.281530e-19
1.907280e+02 1.265850e-19 1.265850e-19
1.908280e+02 1.250170e-19 1.250170e-19
1.909280e+02 1.234490e-19 1.234490e-19
1.910280e+02 1.218810e-19 1.218810e-19
1.911280e+02 1.203130e-19 1.203130e-19
1.912280e+02 1.187450e-19 1.187450e-19
1.913280e+02 1.171770e-19 1.171770e-19
1.914280e+02 1.156090e-19 1.156090e-19
1.915280e+02 1.140410e-19 1.140410e-19
1.916280e+02 1.124730e-19 1.124730e-19
1.917280e+02 1.109050e-19 1.109050e-19
1.918280e+02 1.093370e-19 1.093370e-19
1.919280e+02 1.077690e-19 1.077690e-19
1.920280e+02 1.062010e-19 1.062010e-19
1.921280e+02 1.046330e-19 1.046330e-19
1.922280e+02 1.030650e-19 1.030650e-19
1.923280e+02 1.014970e-19 1.014970e-19
1.924280e+02 9.992896e-20 9.992896e-20
1.925280e+02 9.836096e-20 9.836096e-20
1.926280e+02 9.679296e-20 9.679296e-20
1.927280e+02 9.522496e-20 9.522496e-20
1.928280e+02 9.365696e-20 9.365696e-20
1.929280e+02 9.208896e-20 9.208896e-20
1.930280e+02 9.052096e-20 9.052096e-20
1.931280e+02 8.895296e-20 8.895296e-20
1.932280e+02 8.738496e-20 8.738496e-20
1.933280e+02 8.581696e-20 8.581696e-20
1.934280e+02 8.424896e-20 8.424896e-20
1.935280e+02 8.268096e-20 8.268096e-20
1.936280e+02 8.111296e-20 8.111296e-20
1.937280e+02 7.954496e-20 7.954496e-20
1.938280e+02 7.797696e-20 7.797696e-20
1.939280e+02 7.640896e-20 7.640896e-20
1.940280e+02 7.484096e-20 7.484096e-20
1.941280e+02 7.327296e-20 7.327296e-20
1.942280e+02 7.170496e-20 7.170496e-20
1.943280e+02 7.013696e-20 7.013696e-20
1.944280e+02 6.856896e-20 6.856896e-20
1.945280e+02 6.700096e-20 6.700096e-20
1.946280e+02 6.543296e-20 6.543296e-20
1.947280e+02 6.386496e-20 6.386496e-20
1.948280e+02 6.229696e-20 6.229696e-20
1.949280e+02 6.072896e-20 6.072896e-20
1.950280e+02 5.940008e-20 5.940008e-20
1.951280e+02 5.868608e-20 5.868608e-20
1.952280e+02 5.797208e-20 5.797208e-20
1.953280e+02 5.725808e-20 5.725808e-20
1.954280e+02 5.654408e-20 5.654408e-20
1.955280e+02 5.583008e-20 5.583008e-20
1.956280e+02 5.511608e-20 5.511608e-20
1.957280e+02 5.440208e-20 5.440208e-20
1.958280e+02 5.368808e-20 5.368808e-20
1.959280e+02 5.297408e-20 5.297408e-20
1.960280e+02 5.226008e-20 5.226008e-20
1.961280e+02 5.154608e-20 5.154608e-20
1.962280e+02 5.083208e-20 5.083208e-20
1.963280e+02 5.011808e-20 5.011808e-20
1.964280e+02 4.940408e-20 4.940408e-20
1.965280e+02 4.869008e-20 4.869008e-20
1.966280e+02 4.797608e-20 4.797608e-20
1.967280e+02 4.726208e-20 4.726208e-20
1.968280e+02 4.654808e-20 4.654808e-20
1.969280e+02 4.583408e-20 4.583408e-20
1.970280e+02 4.512008e-20 4.512008e-20
1.971280e+02 4.440608e-20 4.440608e-20
1.972280e+02 4.369208e-20 4.369208e-20
1.973280e+02 4.297808e-20 4.297808e-20
1.974280e+02 4.226408e-20 4.226408e-20
1.975280e+02 4.155008e-20 4.155008e-20
1.976280e+02 4.083608e-20 4.083608e-20
1.977280e+02 4.012208e-20 4.012208e-20
1.978280e+02 3.940808e-20 3.940808e-20
1.979280e+02 3.869408e-20 3.869408e-20
1.980280e+02 3.798008e-20 3.798008e-20
1.981280e+02 3.726608e-20 3.726608e-20
1.982280e+02 3.655208e-20 3.655208e-20
1.983280e+02 3.583808e-20 3.583808e-20
1.984280e+02 3.512408e-20 3.512408e-20
1.985280e+02 3.441008e-20 3.441008e-20
1.986280e+02 3.369608e-20 3.369608e-20
1.987280e+02 3.298208e-20 3.298208e-20
1.988280e+02 3.226808e-20 3.226808e-20
1.989280e+02 3.155408e-20 3.155408e-20
1.990280e+02 3.084008e-20 3.084008e-20
1.991280e+02 3.012608e-20 3.012608e-20
1.992280e+02 2.941208e-20 2.941208e-20
1.993280e+02 2.869808e-20 2.869808e-20
1.994280e+02 2.798408e-20 2.798408e-20
1.995280e+02 2.727008e-20 2.727008e-20
1.996280e+02 2.655608e-20 2.655608e-20
1.997280e+02 2.584208e-20 2.584208e-20
1.998280e+02 2.512808e-20 2.512808e-20
1.999280e+02 2.441408e-20 2.441408e-20
2.000280e+02 2.381673e-20 2.381673e-20
2.001280e+02 2.351933e-20 2.351933e-20
2.002280e+02 2.322193e-20 2.322193e-20
2.003280e+02 2.292453e-20 2.292453e-20
2.004280e+02 2.262713e-20 2.262713e-20
2.005280e+02 2.232973e-20 2.232973e-20
2.006280e+02 2.203233e-20 2.203233e-20
2.007280e+02 2.173493e-20 2.173493e-20
2.008280e+02 2.143753e-20 2.143753e-20
2.009280e+02 2.114013e-20 2.114013e-20
2.010280e+02 2.084273e-20 2.084273e-20
2.011280e+02 2.054533e-20 2.054533e-20
2.012280e+02 2.024793e-20 2.024793e-20
2.013280e+02 1.995053e-20 1.995053e-20
2.014280e+02 1.965313e-20 1.965313e-20
2.015280e+02 1.935573e-20 1.935573e-20
2.016280e+02 1.905833e-20 1.905833e-20
2.017280e+02 1.876093e-20 1.876093e-20
2.018280e+02 1.846353e-20 1.846353e-20
2.019280e+02 1.816613e-20 1.816613e-20
2.020280e+02 1.786873e-20 1.786873e-20
2.021280e+02 1.757133e-20 1.757133e-20
2.022280e+02 1.727393e-20 1.727393e-20
2.023280e+02 1.697653e-20 1.697653e-20
2.024280e+02 1.667913e-20 1.667913e-20
2.025280e+02 1.638173e-20 1.638173e-20
2.026280e+02 1.608433e-20 1.608433e-20
2.027280e+02 1.578693e-20 1.578693e-20
2.028280e+02 1.548953e-20 1.548953e-20
2.029280e+02 1.519213e-20 1.519213e-20
2.030280e+02 1.489473e-20 1.489473e-20
2.031280e+02 1.459733e-20 1.459733e-20
2.032280e+02 1.429993e-20 1.429993e-20
2.033280e+02 1.400253e-20 1.400253e-20
2.034280e+02 1.370513e-20 1.370513e-20
2.035280e+02 1.340773e-20 1.340773e-20
2.036280e+02 1.311033e-20 1.311033e-20
2.037280e+02 1.281293e-20 1.281293e-20
2.038280e+02 1.251553e-20 1.251553e-20
2.039280e+02 1.221813e-20 1.221813e-20
2.040280e+02 1.192073e-20 1.192073e-20
2.041280e+02 1.162333e-20 1.162333e-20
2.042280e+02 1.132593e-20 1.132593e-20
2.043280e+02 1.102853e-20 1.102853e-20
2.044280e+02 1.073113e-20 1.073113e-20
2.045280e+02 1.043373e-20 1.043373e-20
2.046280e+02 1.013633e-20 1.013633e-20
2.047280e+02 9.838928e-21 9.838928e-21
2.048280e+02 9.541528e-21 9.541528e-21
2.049280e+02 9.244128e-21 9.244128e-21
2.050280e+02 8.996792e-21 8.996792e-21
2.051280e+02 8.878192e-21 8.878192e-21
2.052280e+02 8.759592e-21 8.759592e-21
2.053280e+02 8.640992e-21 8.640992e-21
2.054280e+02 8.522392e-21 8.522392e-21
2.055280e+02 8.403792e-21 8.403792e-21
2.056280e+02 8.285192e-21 8.285192e-21
2.057280e+02 8.166592e-21 8.166592e-21
2.058280e+02 8.047992e-21 8.047992e-21
2.059280e+02 7.929392e-21 7.929392e-21
2.060280e+02 7.810792e-21 7.810792e-21
2.061280e+02 7.692192e-21 7.692192e-21
2.062280e+02 7.573592e-21 7.573592e-21
2.063280e+02 7.454992e-21 7.454992e-21
2.064280e+02 7.336392e-21 7.336392e-21
2.065280e+02 7.217792e-21 7.217792e-21
2.066280e+02 7.099192e-21 7.099192e-21
2.067280e+02 6.980592e-21 6.980592e-21
2.068280e+02 6.861992e-21 6.861992e-21
2.069280e+02 6.743392e-21 6.743392e-21
2.070280e+02 6.624792e-21 6.624792e-21
2.071280e+02 6.506192e-21 6.506192e-21
2.072280e+02 6.387592e-21 6.387592e-21
2.073280e+02 6.268992e-21 6.268992e-21
2.074280e+02 6.150392e-21 6.150392e-21
2.075280e+02 6.031792e-21 6.031792e-21
2.076280e+02 5.913192e-21 5.913192e-21
2.077280e+02 5.794592e-21 5.794592e-21
2.078280e+02 5.675992e-21 5.675992e-21
2.079280e+02 5.557392e-21 5.557392e-21
2.080280e+02 5.438792e-21 5.438792e-21
2.081280e+02 5.320192e-21 5.320192e-21
2.082280e+02 5.201592e-21 5.201592e-21
2.083280e+02 5.082992e-21 5.082992e-21
2.084280e+02 4.964392e-21 4.964392e-21
2.085280e+02 4.845792e-21 4.845792e-21
2.086280e+02 4.727192e-21 4.727192e-21
2.087280e+02 4.608592e-21 4.608592e-21
2.088280e+02 4.489992e-21 4.489992e-21
2.089280e+02 4.371392e-21 4.371392e-21
2.090280e+02 4.252792e-21 4.252792e-21
2.091280e+02 4.134192e-21 4.134192e-21
2.092280e+02 4.015592e-21 4.015592e-21
2.093280e+02 3.896992e-21 3.896992e-21
2.094280e+02 3.778392e-21 3.778392e-21
2.095280e+02 3.659792e-21 3.659792e-21
2.096280e+02 3.541192e-21 3.541192e-21
2.097280e+02 3.422592e-21 3.422592e-21
2.098280e+02 3.303992e-21 3.303992e-21
2.099280e+02 3.185392e-21 3.185392e-21
2.100280e+02 3.088296e-21 3.088296e-21
2.101280e+02 3.046496e-21 3.046496e-21
2.102280e+02 3.004696e-21 3.004696e-21
2.103280e+02 2.962896e-21 2.962896e-21
2.104280e+02 2.921096e-21 2.921096e-21
2.105280e+02 2.879296e-21 2.879296e-21
2.106280e+02 2.837496e-21 2.837496e-21
2.107280e+02 2.795696e-21 2.795696e-21
2.108280e+02 2.753896e-21 2.753896e-21
2.109280e+02 2.712096e-21 2.712096e-21
2.110280e+02 2.670296e-21 2.670296e-21
2.111280e+02 2.628496e-21 2.628496e-21
2.112280e+02 2.586696e-21 2.586696e-21
2.113280e+02 2.544896e-21 2.544896e-21
2.114280e+02 2.503096e-21 2.503096e-21
2.115280e+02 2.461296e-21 2.461296e-21
2.116280e+02 2.419496e-21 2.419496e-21
2.117280e+02 2.377696e-21 2.377696e-21
2.118280e+02 2.335896e-21 2.335896e-21
2.119280e+02 2.294096e-21 2.294096e-21
2.120280e+02 2.252296e-21 2.252296e-21
2.121280e+02 2.210496e-21 2.210496e-21
2.122280e+02 2.168696e-21 2.168696e-21
2.123280e+02 2.126896e-21 2.126896e-21
2.124280e+02 2.085096e-21 2.085096e-21
2.125280e+02 2.043296e-21 2.043296e-21
2.126280e+02 2.001496e-21 2.001496e-21
2.127280e+02 1.959696e-21 1.959696e-21
2.128280e+02 1.917896e-21 1.917896e-21
2.129280e+02 1.876096e-21 1.876096e-21
2.130280e+02 1.834296e-21 1.834296e-21
2.131280e+02 1.792496e-21 1.792496e-21
2.132280e+02 1.750696e-21 1.750696e-21
2.133280e+02 1.708896e-21 1.708896e-21
2.134280e+02 1.667096e-21 1.667096e-21
2.135280e+02 1.625296e-21 1.625296e-21
2.136280e+02 1.583496e-21 1.583496e-21
2.137280e+02 1.541696e-21 1.541696e-21
2.138280e+02 1.499896e-21 1.499896e-21
2.139280e+02 1.458096e-21 1.458096e-21
2.140280e+02 1.416296e-21 1.416296e-21
2.141280e+02 1.374496e-21 1.374496e-21
2.142280e+02 1.332696e-21 1.332696e-21
2.143280e+02 1.290896e-21 1.290896e-21
2.144280e+02 1.249096e-21 1.249096e-21
2.145280e+02 1.207296e-21 1.207296e-21
2.146280e+02 1.165496e-21 1.165496e-21
2.147280e+02 1.123696e-21 1.123696e-21
2.148280e+02 1.081896e-21 1.081896e-21
2.149280e+02 1.040096e-21 1.040096e-21
2.150280e+02 1.006024e-21 1.006024e-21
2.151280e+02 9.918240e-22 9.918240e-22
2.152280e+02 9.776240e-22 9.776240e-22
2.153280e+02 9.634240e-22 9.634240e-22
2.154280e+02 9.492240e-22 9.492240e-22
2.155280e+02 9.350240e-22 9.350240e-22
2.156280e+02 9.208240e-22 9.208240e-22
2.157280e+02 9.066240e-22 9.066240e-22
2.158280e+02 8.924240e-22 8.924240e-22
2.159280e+02 8.782240e-22 8.782240e-22
2.160280e+02 8.640240e-22 8.640240e-22
2.161280e+02 8.498240e-22 8.498240e-22
2.162280e+02 8.356240e-22 8.356240e-22
2.163280e+02 8.214240e-22 8.214240e-22
2.164280e+02 8.072240e-22 8.072240e-22
2.165280e+02 7.930240e-22 7.930240e-22
2.166280e+02 7.788240e-22 7.788240e-22
2.167280e+02 7.646240e-22 7.646240e-22
2.168280e+02 7.504240e-22 7.504240e-22
2.169280e+02 7.362240e-22 7.362240e-22
2.170280e+02 7.220240e-22 7.220240e-22
2.171280e+02 7.078240e-22 7.078240e-22
2.172280e+02 6.936240e-22 6.936240e-22
2.173280e+02 6.794240e-22 6.794240e-22
2.174280e+02 6.652240e-22 6.652240e-22
2.175280e+02 6.510240e-22 6.510240e-22
2.176280e+02 6.368240e-22 6.368240e-22
2.177280e+02 6.226240e-22 6.226240e-22
2.178280e+02 6.084240e-22 6.084240e-22
2.179280e+02 5.942240e-22 5.942240e-22
2.180280e+02 5.800240e-22 5.800240e-22
2.181280e+02 5.658240e-22 5.658240e-22
2.182280e+02 5.516240e-22 5.516240e-22
2.183280e+02 5.374240e-22 5.374240e-22
2.184280e+02 5.232240e-22 5.232240e-22
2.185280e+02 5.090240e-22 5.090240e-22
2.186280e+02 4.948240e-22 4.948240e-22
2.187280e+02 4.806240e-22 4.806240e-22
2.188280e+02 4.664240e-22 4.664240e-22
2.189280e+02 4.522240e-22 4.522240e-22
2.190280e+02 4.380240e-22 4.380240e-22
2.191280e+02 4.238240e-22 4.238240e-22
2.192280e+02 4.096240e-22 4.096240e-22
2.193280e+02 3.954240e-22 3.954240e-22
2.194280e+02 3.812240e-22 3.812240e-22
2.195280e+02 3.670240e-22 3.670240e-22
2.196280e+02 3.528240e-22 3.528240e-22
2.197280e+02 3.386240e-22 3.386240e-22
2.198280e+02 3.244240e-22 3.244240e-22
2.199280e+02 3.102240e-22 3.102240e-22
2.200280e+02 2.988800e-22 2.988800e-22
2.201280e+02 2.948800e-22 2.948800e-22
2.202280e+02 2.908800e-22 2.908800e-22
2.203280e+02 2.868800e-22 2.868800e-22
2.204280e+02 2.828800e-22 2.828800e-22
2.205280e+02 2.788800e-22 2.788800e-22
2.206280e+02 2.748800e-22 2.748800e-22
2.207280e+02 2.708800e-22 2.708800e-22
2.208280e+02 2.668800e-22 2.668800e-22
2.209280e+02 2.628800e-22 2.628800e-22
2.210280e+02 2.588800e-22 2.588800e-22
2.211280e+02 2.548800e-22 2.548800e-22
2.212280e+02 2.508800e-22 2.508800e-22
2.213280e+02 2.468800e-22 2.468800e-22
2.214280e+02 2.428800e-22 2.428800e-22
2.215280e+02 2.388800e-22 2.388800e-22
2.216280e+02 2.348800e-22 2.348800e-22
2.217280e+02 2.308800e-22 2.308800e-22
2.218280e+02 2.268800e-22 2.268800e-22
2.219280e+02 2.228800e-22 2.228800e-22
2.220280e+02 2.188800e-22 2.188800e-22
2.221280e+02 2.148800e-22 2.148800e-22
2.222280e+02 2.108800e-22 2.108800e-22
2.223280e+02 2.068800e-22 2.068800e-22
2.224280e+02 2.028800e-22 2.028800e-22
2.225280e+02 1.988800e-22 1.988800e-22
2.226280e+02 1.948800e-22 1.948800e-22
2.227280e+02 1.908800e-22 1.908800e-22
2.228280e+02 1.868800e-22 1.868800e-22
2.229280e+02 1.828800e-22 1.828800e-22
2.230280e+02 1.788800e-22 1.788800e-22
2.231280e+02 1.748800e-22 1.748800e-22
2.232280e+02 1.708800e-22 1.708800e-22
2.233280e+02 1.668800e-22 1.668800e-22
2.234280e+02 1.628800e-22 1.628800e-22
2.235280e+02 1.588800e-22 1.588800e-22
2.236280e+02 1.548800e-22 1.548800e-22
2.237280e+02 1.508800e-22 1.508800e-22
2.238280e+02 1.468800e-22 1.468800e-22
2.239280e+02 1.428800e-22 1.428800e-22
2.240280e+02 1.388800e-22 1.388800e-22
2.241280e+02 1.348800e-22 1.348800e-22
2.242280e+02 1.308800e-22 1.308800e-22
2.243280e+02 1.268800e-22 1.268800e-22
2.244280e+02 1.228800e-22 1.228800e-22
2.245280e+02 1.188800e-22 1.188800e-22
2.246280e+02 1.148800e-22 1.148800e-22
2.247280e+02 1.108800e-22 1.108800e-22
2.248280e+02 1.068800e-22 1.068800e-22
2.249280e+02 1.028800e-22 1.028800e-22
2.250280e+02 9.963040e-23 9.963040e-23
2.251280e+02 9.831040e-23 9.831040e-23
2.252280e+02 9.699040e-23 9.699040e-23
2.253280e+02 9.567040e-23 9.567040e-23
2.254280e+02 9.435040e-23 9.435040e-23
2.255280e+02 9.303040e-23 9.303040e-23
2.256280e+02 9.171040e-23 9.171040e-23
2.257280e+02 9.039040e-23 9.039040e-23
2.258280e+02 8.907040e-23 8.907040e-23
2.259280e+02 8.775040e-23 8.775040e-23
2.260280e+02 8.643040e-23 8.643040e-23
2.261280e+02 8.511040e-23 8.511040e-23
2.262280e+02 8.379040e-23 8.379040e-23
2.263280e+02 8.247040e-23 8.247040e-23
2.264280e+02 8.115040e-23 8.115040e-23
2.265280e+02 7.983040e-23 7.983040e-23
2.266280e+02 7.851040e-23 7.851040e-23
2.267280e+02 7.719040e-23 7.719040e-23
2.268280e+02 7.587040e-23 7.587040e-23
2.269280e+02 7.455040e-23 7.455040e-23
2.270280e+02 7.323040e-23 7.323040e-23
2.271280e+02 7.191040e-23 7.191040e-23
2.272280e+02 7.059040e-23 7.059040e-23
2.273280e+02 6.927040e-23 6.927040e-23
2.274280e+02 6.795040e-23 6.795040e-23
2.275280e+02 6.663040e-23 6.663040e-23
2.276280e+02 6.531040e-23 6.531040e-23
2.277280e+02 6.399040e-23 6.399040e-23
2.278280e+02 6.267040e-23 6.267040e-23
2.279280e+02 6.135040e-23 6.135040e-23
2.280280e+02 6.003040e-23 6.003040e-23
2.281280e+02 5.871040e-23 5.871040e-23
2.282280e+02 5.739040e-23 5.739040e-23
2.283280e+02 5.607040e-23 5.607040e-23
2.284280e+02 5.475040e-23 5.475040e-23
2.285280e+02 5.343040e-23 5.343040e-23
2.286280e+02 5.211040e-23 5.211040e-23
2.287280e+02 5.079040e-23 5.079040e-23
2.288280e+02 4.947040e-23 4.947040e-23
2.289280e+02 4.815040e-23 4.815040e-23
2.290280e+02 4.683040e-23 4.683040e-23
2.291280e+02 4.551040e-23 4.551040e-23
2.292280e+02 4.419040e-23 4.419040e-23
2.293280e+02 4.287040e-23 4.287040e-23
2.294280e+02 4.155040e-23 4.155040e-23
2.295280e+02 4.023040e-23 4.023040e-23
2.296280e+02 3.891040e-23 3.891040e-23
2.297280e+02 3.759040e-23 3.759040e-23
2.298280e+02 3.627040e-23 3.627040e-23
2.299280e+02 3.495040e-23 3.495040e-23
