# Cross sections for HCO
# From the Leiden database for photodissociation and photoionization of astrophysically relevant molecules, http://home.strw.leidenuniv.nl/~ewine/photo/
# Converted from earlier Leiden database cross sections by Alan Heays 2016-02-24
# Photodissociation source: HCO P.D. CF. CALC. BRUNA ET AL. '76
# Lines represented with gaussian of width 1.0 nm FWHM
# wavelength: (nm)
# photoabsorption:    cross section (cm2)
# photodissociation:  cross section (cm2)
# This version has been resampled to a uniform 0.1nm grid while maintaining a constant integrated cross section (using trapezoidal integration).
# wavelength photoabsorption photodissociation
9.120000e+01 5.000000e-20 5.000000e-20
9.130000e+01 5.000000e-20 5.000000e-20
9.140000e+01 5.000000e-20 5.000000e-20
9.150000e+01 5.000000e-20 5.000000e-20
9.160000e+01 5.000000e-20 5.000000e-20
9.170000e+01 5.000000e-20 5.000000e-20
9.180000e+01 5.000000e-20 5.000000e-20
9.190000e+01 5.000000e-20 5.000000e-20
9.200000e+01 5.000000e-20 5.000000e-20
9.210000e+01 5.000000e-20 5.000000e-20
9.220000e+01 5.000000e-20 5.000000e-20
9.230000e+01 5.000000e-20 5.000000e-20
9.240000e+01 5.000000e-20 5.000000e-20
9.250000e+01 5.000000e-20 5.000000e-20
9.260000e+01 5.000000e-20 5.000000e-20
9.270000e+01 5.000000e-20 5.000000e-20
9.280000e+01 5.000000e-20 5.000000e-20
9.290000e+01 5.000000e-20 5.000000e-20
9.300000e+01 5.000000e-20 5.000000e-20
9.310000e+01 5.000000e-20 5.000000e-20
9.320000e+01 5.000000e-20 5.000000e-20
9.330000e+01 5.000000e-20 5.000000e-20
9.340000e+01 5.000000e-20 5.000000e-20
9.350000e+01 5.000000e-20 5.000000e-20
9.360000e+01 5.000000e-20 5.000000e-20
9.370000e+01 5.000000e-20 5.000000e-20
9.380000e+01 5.000000e-20 5.000000e-20
9.390000e+01 5.000000e-20 5.000000e-20
9.400000e+01 5.000000e-20 5.000000e-20
9.410000e+01 5.000000e-20 5.000000e-20
9.420000e+01 5.000000e-20 5.000000e-20
9.430000e+01 5.000000e-20 5.000000e-20
9.440000e+01 5.000000e-20 5.000000e-20
9.450000e+01 5.000000e-20 5.000000e-20
9.460000e+01 5.000000e-20 5.000000e-20
9.470000e+01 5.000000e-20 5.000000e-20
9.480000e+01 5.000000e-20 5.000000e-20
9.490000e+01 5.000000e-20 5.000000e-20
9.500000e+01 5.000000e-20 5.000000e-20
9.510000e+01 5.000000e-20 5.000000e-20
9.520000e+01 5.000000e-20 5.000000e-20
9.530000e+01 5.000000e-20 5.000000e-20
9.540000e+01 5.000000e-20 5.000000e-20
9.550000e+01 5.000000e-20 5.000000e-20
9.560000e+01 5.000000e-20 5.000000e-20
9.570000e+01 5.000000e-20 5.000000e-20
9.580000e+01 5.000000e-20 5.000000e-20
9.590000e+01 5.000000e-20 5.000000e-20
9.600000e+01 5.000000e-20 5.000000e-20
9.610000e+01 5.000000e-20 5.000000e-20
9.620000e+01 5.000000e-20 5.000000e-20
9.630000e+01 5.000000e-20 5.000000e-20
9.640000e+01 5.000000e-20 5.000000e-20
9.650000e+01 5.000000e-20 5.000000e-20
9.660000e+01 5.000000e-20 5.000000e-20
9.670000e+01 5.000000e-20 5.000000e-20
9.680000e+01 5.000000e-20 5.000000e-20
9.690000e+01 5.000000e-20 5.000000e-20
9.700000e+01 5.000000e-20 5.000000e-20
9.710000e+01 5.000000e-20 5.000000e-20
9.720000e+01 5.000000e-20 5.000000e-20
9.730000e+01 5.000000e-20 5.000000e-20
9.740000e+01 5.000000e-20 5.000000e-20
9.750000e+01 5.000000e-20 5.000000e-20
9.760000e+01 5.000000e-20 5.000000e-20
9.770000e+01 5.000000e-20 5.000000e-20
9.780000e+01 5.000000e-20 5.000000e-20
9.790000e+01 5.000000e-20 5.000000e-20
9.800000e+01 5.000000e-20 5.000000e-20
9.810000e+01 5.000000e-20 5.000000e-20
9.820000e+01 5.000000e-20 5.000000e-20
9.830000e+01 5.000000e-20 5.000000e-20
9.840000e+01 5.000000e-20 5.000000e-20
9.850000e+01 5.000000e-20 5.000000e-20
9.860000e+01 5.000000e-20 5.000000e-20
9.870000e+01 5.000000e-20 5.000000e-20
9.880000e+01 5.000000e-20 5.000000e-20
9.890000e+01 5.000000e-20 5.000000e-20
9.900000e+01 5.000000e-20 5.000000e-20
9.910000e+01 5.000000e-20 5.000000e-20
9.920000e+01 5.000000e-20 5.000000e-20
9.930000e+01 5.000000e-20 5.000000e-20
9.940000e+01 5.000000e-20 5.000000e-20
9.950000e+01 5.000000e-20 5.000000e-20
9.960000e+01 5.000000e-20 5.000000e-20
9.970000e+01 5.000000e-20 5.000000e-20
9.980000e+01 5.000000e-20 5.000000e-20
9.990000e+01 5.000000e-20 5.000000e-20
1.000000e+02 5.000000e-20 5.000000e-20
1.001000e+02 5.000000e-20 5.000000e-20
1.002000e+02 5.000000e-20 5.000000e-20
1.003000e+02 5.000000e-20 5.000000e-20
1.004000e+02 5.000000e-20 5.000000e-20
1.005000e+02 5.000000e-20 5.000000e-20
1.006000e+02 5.000000e-20 5.000000e-20
1.007000e+02 5.000000e-20 5.000000e-20
1.008000e+02 5.000000e-20 5.000000e-20
1.009000e+02 5.000000e-20 5.000000e-20
1.010000e+02 5.000000e-20 5.000000e-20
1.011000e+02 5.000000e-20 5.000000e-20
1.012000e+02 5.000000e-20 5.000000e-20
1.013000e+02 5.000000e-20 5.000000e-20
1.014000e+02 5.000000e-20 5.000000e-20
1.015000e+02 5.000000e-20 5.000000e-20
1.016000e+02 5.000000e-20 5.000000e-20
1.017000e+02 5.000000e-20 5.000000e-20
1.018000e+02 5.000000e-20 5.000000e-20
1.019000e+02 5.000000e-20 5.000000e-20
1.020000e+02 5.000000e-20 5.000000e-20
1.021000e+02 5.000000e-20 5.000000e-20
1.022000e+02 5.000000e-20 5.000000e-20
1.023000e+02 5.000000e-20 5.000000e-20
1.024000e+02 5.000000e-20 5.000000e-20
1.025000e+02 5.000000e-20 5.000000e-20
1.026000e+02 5.000000e-20 5.000000e-20
1.027000e+02 5.000000e-20 5.000000e-20
1.028000e+02 5.000000e-20 5.000000e-20
1.029000e+02 5.000000e-20 5.000000e-20
1.030000e+02 5.000000e-20 5.000000e-20
1.031000e+02 5.000000e-20 5.000000e-20
1.032000e+02 5.000000e-20 5.000000e-20
1.033000e+02 5.000000e-20 5.000000e-20
1.034000e+02 5.000000e-20 5.000000e-20
1.035000e+02 5.000000e-20 5.000000e-20
1.036000e+02 5.000000e-20 5.000000e-20
1.037000e+02 5.000000e-20 5.000000e-20
1.038000e+02 5.000000e-20 5.000000e-20
1.039000e+02 5.000000e-20 5.000000e-20
1.040000e+02 5.000000e-20 5.000000e-20
1.041000e+02 5.000000e-20 5.000000e-20
1.042000e+02 5.000000e-20 5.000000e-20
1.043000e+02 5.000000e-20 5.000000e-20
1.044000e+02 5.000000e-20 5.000000e-20
1.045000e+02 5.000000e-20 5.000000e-20
1.046000e+02 5.000000e-20 5.000000e-20
1.047000e+02 5.000000e-20 5.000000e-20
1.048000e+02 5.000000e-20 5.000000e-20
1.049000e+02 5.000000e-20 5.000000e-20
1.050000e+02 5.000000e-20 5.000000e-20
1.051000e+02 5.000000e-20 5.000000e-20
1.052000e+02 5.000000e-20 5.000000e-20
1.053000e+02 5.000000e-20 5.000000e-20
1.054000e+02 5.000000e-20 5.000000e-20
1.055000e+02 5.000000e-20 5.000000e-20
1.056000e+02 5.000000e-20 5.000000e-20
1.057000e+02 5.000000e-20 5.000000e-20
1.058000e+02 5.000000e-20 5.000000e-20
1.059000e+02 5.000000e-20 5.000000e-20
1.060000e+02 5.000000e-20 5.000000e-20
1.061000e+02 5.000000e-20 5.000000e-20
1.062000e+02 5.000000e-20 5.000000e-20
1.063000e+02 5.000000e-20 5.000000e-20
1.064000e+02 5.000000e-20 5.000000e-20
1.065000e+02 5.000000e-20 5.000000e-20
1.066000e+02 5.000000e-20 5.000000e-20
1.067000e+02 5.000000e-20 5.000000e-20
1.068000e+02 5.000000e-20 5.000000e-20
1.069000e+02 5.000000e-20 5.000000e-20
1.070000e+02 5.000000e-20 5.000000e-20
1.071000e+02 5.000000e-20 5.000000e-20
1.072000e+02 5.000000e-20 5.000000e-20
1.073000e+02 5.000000e-20 5.000000e-20
1.074000e+02 5.000000e-20 5.000000e-20
1.075000e+02 5.000000e-20 5.000000e-20
1.076000e+02 5.000000e-20 5.000000e-20
1.077000e+02 5.000000e-20 5.000000e-20
1.078000e+02 5.000000e-20 5.000000e-20
1.079000e+02 5.000000e-20 5.000000e-20
1.080000e+02 5.000000e-20 5.000000e-20
1.081000e+02 5.000000e-20 5.000000e-20
1.082000e+02 5.000000e-20 5.000000e-20
1.083000e+02 5.000000e-20 5.000000e-20
1.084000e+02 5.000000e-20 5.000000e-20
1.085000e+02 5.000000e-20 5.000000e-20
1.086000e+02 5.000000e-20 5.000000e-20
1.087000e+02 5.000000e-20 5.000000e-20
1.088000e+02 5.000000e-20 5.000000e-20
1.089000e+02 5.000000e-20 5.000000e-20
1.090000e+02 5.000000e-20 5.000000e-20
1.091000e+02 5.000000e-20 5.000000e-20
1.092000e+02 5.000000e-20 5.000000e-20
1.093000e+02 5.000000e-20 5.000000e-20
1.094000e+02 5.000000e-20 5.000000e-20
1.095000e+02 5.000000e-20 5.000000e-20
1.096000e+02 5.000000e-20 5.000000e-20
1.097000e+02 5.000000e-20 5.000000e-20
1.098000e+02 5.000000e-20 5.000000e-20
1.099000e+02 5.000000e-20 5.000000e-20
1.100000e+02 5.000000e-20 5.000000e-20
1.101000e+02 5.000000e-20 5.000000e-20
1.102000e+02 5.000000e-20 5.000000e-20
1.103000e+02 5.000000e-20 5.000000e-20
1.104000e+02 5.000000e-20 5.000000e-20
1.105000e+02 5.000000e-20 5.000000e-20
1.106000e+02 5.000000e-20 5.000000e-20
1.107000e+02 5.000000e-20 5.000000e-20
1.108000e+02 5.000000e-20 5.000000e-20
1.109000e+02 5.000000e-20 5.000000e-20
1.110000e+02 5.000000e-20 5.000000e-20
1.111000e+02 5.000000e-20 5.000000e-20
1.112000e+02 5.000000e-20 5.000000e-20
1.113000e+02 5.000000e-20 5.000000e-20
1.114000e+02 5.000000e-20 5.000000e-20
1.115000e+02 5.000000e-20 5.000000e-20
1.116000e+02 5.000000e-20 5.000000e-20
1.117000e+02 5.000000e-20 5.000000e-20
1.118000e+02 5.000000e-20 5.000000e-20
1.119000e+02 5.000000e-20 5.000000e-20
1.120000e+02 5.000000e-20 5.000000e-20
1.121000e+02 5.000000e-20 5.000000e-20
1.122000e+02 5.000000e-20 5.000000e-20
1.123000e+02 5.000000e-20 5.000000e-20
1.124000e+02 5.000000e-20 5.000000e-20
1.125000e+02 5.000000e-20 5.000000e-20
1.126000e+02 5.000000e-20 5.000000e-20
1.127000e+02 5.000000e-20 5.000000e-20
1.128000e+02 5.000000e-20 5.000000e-20
1.129000e+02 5.000000e-20 5.000000e-20
1.130000e+02 5.000000e-20 5.000000e-20
1.131000e+02 5.000000e-20 5.000000e-20
1.132000e+02 5.000000e-20 5.000000e-20
1.133000e+02 5.000000e-20 5.000000e-20
1.134000e+02 5.000000e-20 5.000000e-20
1.135000e+02 5.000000e-20 5.000000e-20
1.136000e+02 5.000000e-20 5.000000e-20
1.137000e+02 5.000000e-20 5.000000e-20
1.138000e+02 5.000000e-20 5.000000e-20
1.139000e+02 5.000000e-20 5.000000e-20
1.140000e+02 5.000000e-20 5.000000e-20
1.141000e+02 5.000000e-20 5.000000e-20
1.142000e+02 5.000000e-20 5.000000e-20
1.143000e+02 5.000000e-20 5.000000e-20
1.144000e+02 5.000000e-20 5.000000e-20
1.145000e+02 5.000000e-20 5.000000e-20
1.146000e+02 5.000000e-20 5.000000e-20
1.147000e+02 5.000000e-20 5.000000e-20
1.148000e+02 5.000000e-20 5.000000e-20
1.149000e+02 5.000000e-20 5.000000e-20
1.150000e+02 5.000000e-20 5.000000e-20
1.151000e+02 5.000000e-20 5.000000e-20
1.152000e+02 5.000000e-20 5.000000e-20
1.153000e+02 5.000000e-20 5.000000e-20
1.154000e+02 5.000000e-20 5.000000e-20
1.155000e+02 5.000000e-20 5.000000e-20
1.156000e+02 5.000000e-20 5.000000e-20
1.157000e+02 5.000000e-20 5.000000e-20
1.158000e+02 5.000000e-20 5.000000e-20
1.159000e+02 5.000000e-20 5.000000e-20
1.160000e+02 5.000000e-20 5.000000e-20
1.161000e+02 5.000000e-20 5.000000e-20
1.162000e+02 5.000000e-20 5.000000e-20
1.163000e+02 5.000000e-20 5.000000e-20
1.164000e+02 5.000000e-20 5.000000e-20
1.165000e+02 5.000000e-20 5.000000e-20
1.166000e+02 5.000000e-20 5.000000e-20
1.167000e+02 5.000000e-20 5.000000e-20
1.168000e+02 5.000000e-20 5.000000e-20
1.169000e+02 5.000000e-20 5.000000e-20
1.170000e+02 5.000000e-20 5.000000e-20
1.171000e+02 5.000000e-20 5.000000e-20
1.172000e+02 5.000000e-20 5.000000e-20
1.173000e+02 5.000000e-20 5.000000e-20
1.174000e+02 5.000000e-20 5.000000e-20
1.175000e+02 5.000000e-20 5.000000e-20
1.176000e+02 5.000000e-20 5.000000e-20
1.177000e+02 5.000000e-20 5.000000e-20
1.178000e+02 5.000000e-20 5.000000e-20
1.179000e+02 5.000000e-20 5.000000e-20
1.180000e+02 5.000000e-20 5.000000e-20
1.181000e+02 5.000000e-20 5.000000e-20
1.182000e+02 5.000000e-20 5.000000e-20
1.183000e+02 5.000000e-20 5.000000e-20
1.184000e+02 5.000000e-20 5.000000e-20
1.185000e+02 1.174297e-19 1.174297e-19
1.186000e+02 2.624053e-19 2.624053e-19
1.187000e+02 5.547343e-19 5.547343e-19
1.188000e+02 1.109469e-18 1.109469e-18
1.189000e+02 2.099242e-18 2.099242e-18
1.190000e+02 3.757749e-18 3.757749e-18
1.191000e+02 6.363713e-18 6.363713e-18
1.192000e+02 1.019556e-17 1.019556e-17
1.193000e+02 1.545358e-17 1.545358e-17
1.194000e+02 2.215974e-17 2.215974e-17
1.195000e+02 3.006199e-17 3.006199e-17
1.196000e+02 3.858234e-17 3.858234e-17
1.197000e+02 4.684648e-17 4.684648e-17
1.198000e+02 5.381247e-17 5.381247e-17
1.199000e+02 5.847989e-17 5.847989e-17
1.200000e+02 6.012399e-17 6.012399e-17
1.201000e+02 5.847989e-17 5.847989e-17
1.202000e+02 5.381247e-17 5.381247e-17
1.203000e+02 4.684648e-17 4.684648e-17
1.204000e+02 3.858234e-17 3.858234e-17
1.205000e+02 3.006199e-17 3.006199e-17
1.206000e+02 2.215974e-17 2.215974e-17
1.207000e+02 1.545358e-17 1.545358e-17
1.208000e+02 1.019556e-17 1.019556e-17
1.209000e+02 6.363713e-18 6.363713e-18
1.210000e+02 3.757749e-18 3.757749e-18
1.211000e+02 2.099242e-18 2.099242e-18
1.212000e+02 1.109469e-18 1.109469e-18
1.213000e+02 5.547343e-19 5.547343e-19
1.214000e+02 2.624053e-19 2.624053e-19
1.215000e+02 1.174297e-19 1.174297e-19
1.216000e+02 5.000000e-20 5.000000e-20
1.217000e+02 5.000000e-20 5.000000e-20
1.218000e+02 5.000000e-20 5.000000e-20
1.219000e+02 5.000000e-20 5.000000e-20
1.220000e+02 5.000000e-20 5.000000e-20
1.221000e+02 5.000000e-20 5.000000e-20
1.222000e+02 5.000000e-20 5.000000e-20
1.223000e+02 5.000000e-20 5.000000e-20
1.224000e+02 5.000000e-20 5.000000e-20
1.225000e+02 5.000000e-20 5.000000e-20
1.226000e+02 5.000000e-20 5.000000e-20
1.227000e+02 5.000000e-20 5.000000e-20
1.228000e+02 5.000000e-20 5.000000e-20
1.229000e+02 5.000000e-20 5.000000e-20
1.230000e+02 5.000000e-20 5.000000e-20
1.231000e+02 5.000000e-20 5.000000e-20
1.232000e+02 5.000000e-20 5.000000e-20
1.233000e+02 5.000000e-20 5.000000e-20
1.234000e+02 5.000000e-20 5.000000e-20
1.235000e+02 5.000000e-20 5.000000e-20
1.236000e+02 5.000000e-20 5.000000e-20
1.237000e+02 5.000000e-20 5.000000e-20
1.238000e+02 5.000000e-20 5.000000e-20
1.239000e+02 5.000000e-20 5.000000e-20
1.240000e+02 5.000000e-20 5.000000e-20
1.241000e+02 5.000000e-20 5.000000e-20
1.242000e+02 5.000000e-20 5.000000e-20
1.243000e+02 5.000000e-20 5.000000e-20
1.244000e+02 5.000000e-20 5.000000e-20
1.245000e+02 5.000000e-20 5.000000e-20
1.246000e+02 5.000000e-20 5.000000e-20
1.247000e+02 5.000000e-20 5.000000e-20
1.248000e+02 5.000000e-20 5.000000e-20
1.249000e+02 5.000000e-20 5.000000e-20
1.250000e+02 5.000000e-20 5.000000e-20
1.251000e+02 5.000000e-20 5.000000e-20
1.252000e+02 5.000000e-20 5.000000e-20
1.253000e+02 5.000000e-20 5.000000e-20
1.254000e+02 5.000000e-20 5.000000e-20
1.255000e+02 5.000000e-20 5.000000e-20
1.256000e+02 5.000000e-20 5.000000e-20
1.257000e+02 5.000000e-20 5.000000e-20
1.258000e+02 5.000000e-20 5.000000e-20
1.259000e+02 5.000000e-20 5.000000e-20
1.260000e+02 5.000000e-20 5.000000e-20
1.261000e+02 5.000000e-20 5.000000e-20
1.262000e+02 5.000000e-20 5.000000e-20
1.263000e+02 5.000000e-20 5.000000e-20
1.264000e+02 5.000000e-20 5.000000e-20
1.265000e+02 5.000000e-20 5.000000e-20
1.266000e+02 5.000000e-20 5.000000e-20
1.267000e+02 5.000000e-20 5.000000e-20
1.268000e+02 5.000000e-20 5.000000e-20
1.269000e+02 5.000000e-20 5.000000e-20
1.270000e+02 5.000000e-20 5.000000e-20
1.271000e+02 5.000000e-20 5.000000e-20
1.272000e+02 5.000000e-20 5.000000e-20
1.273000e+02 5.000000e-20 5.000000e-20
1.274000e+02 5.000000e-20 5.000000e-20
1.275000e+02 5.000000e-20 5.000000e-20
1.276000e+02 5.000000e-20 5.000000e-20
1.277000e+02 5.000000e-20 5.000000e-20
1.278000e+02 5.000000e-20 5.000000e-20
1.279000e+02 5.000000e-20 5.000000e-20
1.280000e+02 5.000000e-20 5.000000e-20
1.281000e+02 5.000000e-20 5.000000e-20
1.282000e+02 5.000000e-20 5.000000e-20
1.283000e+02 5.000000e-20 5.000000e-20
1.284000e+02 5.000000e-20 5.000000e-20
1.285000e+02 5.000000e-20 5.000000e-20
1.286000e+02 5.000000e-20 5.000000e-20
1.287000e+02 5.000000e-20 5.000000e-20
1.288000e+02 5.000000e-20 5.000000e-20
1.289000e+02 5.000000e-20 5.000000e-20
1.290000e+02 5.000000e-20 5.000000e-20
1.291000e+02 5.000000e-20 5.000000e-20
1.292000e+02 5.000000e-20 5.000000e-20
1.293000e+02 5.000000e-20 5.000000e-20
1.294000e+02 5.000000e-20 5.000000e-20
1.295000e+02 5.000000e-20 5.000000e-20
1.296000e+02 5.000000e-20 5.000000e-20
1.297000e+02 5.000000e-20 5.000000e-20
1.298000e+02 5.000000e-20 5.000000e-20
1.299000e+02 5.000000e-20 5.000000e-20
1.300000e+02 5.000000e-20 5.000000e-20
1.301000e+02 5.000000e-20 5.000000e-20
1.302000e+02 5.000000e-20 5.000000e-20
1.303000e+02 5.000000e-20 5.000000e-20
1.304000e+02 5.000000e-20 5.000000e-20
1.305000e+02 5.000000e-20 5.000000e-20
1.306000e+02 5.000000e-20 5.000000e-20
1.307000e+02 5.000000e-20 5.000000e-20
1.308000e+02 5.000000e-20 5.000000e-20
1.309000e+02 5.000000e-20 5.000000e-20
1.310000e+02 5.000000e-20 5.000000e-20
1.311000e+02 5.000000e-20 5.000000e-20
1.312000e+02 5.000000e-20 5.000000e-20
1.313000e+02 5.000000e-20 5.000000e-20
1.314000e+02 5.000000e-20 5.000000e-20
1.315000e+02 5.000000e-20 5.000000e-20
1.316000e+02 5.000000e-20 5.000000e-20
1.317000e+02 5.000000e-20 5.000000e-20
1.318000e+02 5.000000e-20 5.000000e-20
1.319000e+02 5.000000e-20 5.000000e-20
1.320000e+02 5.000000e-20 5.000000e-20
1.321000e+02 5.000000e-20 5.000000e-20
1.322000e+02 5.000000e-20 5.000000e-20
1.323000e+02 5.000000e-20 5.000000e-20
1.324000e+02 5.000000e-20 5.000000e-20
1.325000e+02 5.000000e-20 5.000000e-20
1.326000e+02 5.000000e-20 5.000000e-20
1.327000e+02 5.000000e-20 5.000000e-20
1.328000e+02 5.000000e-20 5.000000e-20
1.329000e+02 5.000000e-20 5.000000e-20
1.330000e+02 5.000000e-20 5.000000e-20
1.331000e+02 5.000000e-20 5.000000e-20
1.332000e+02 5.000000e-20 5.000000e-20
1.333000e+02 5.000000e-20 5.000000e-20
1.334000e+02 5.000000e-20 5.000000e-20
1.335000e+02 5.000000e-20 5.000000e-20
1.336000e+02 5.000000e-20 5.000000e-20
1.337000e+02 5.000000e-20 5.000000e-20
1.338000e+02 5.000000e-20 5.000000e-20
1.339000e+02 5.000000e-20 5.000000e-20
1.340000e+02 5.000000e-20 5.000000e-20
1.341000e+02 5.000000e-20 5.000000e-20
1.342000e+02 5.000000e-20 5.000000e-20
1.343000e+02 5.000000e-20 5.000000e-20
1.344000e+02 5.000000e-20 5.000000e-20
1.345000e+02 5.000000e-20 5.000000e-20
1.346000e+02 5.000000e-20 5.000000e-20
1.347000e+02 5.000000e-20 5.000000e-20
1.348000e+02 5.000000e-20 5.000000e-20
1.349000e+02 5.000000e-20 5.000000e-20
1.350000e+02 5.000000e-20 5.000000e-20
1.351000e+02 5.000000e-20 5.000000e-20
1.352000e+02 5.000000e-20 5.000000e-20
1.353000e+02 5.000000e-20 5.000000e-20
1.354000e+02 5.000000e-20 5.000000e-20
1.355000e+02 5.000000e-20 5.000000e-20
1.356000e+02 5.000000e-20 5.000000e-20
1.357000e+02 5.000000e-20 5.000000e-20
1.358000e+02 5.000000e-20 5.000000e-20
1.359000e+02 5.000000e-20 5.000000e-20
1.360000e+02 5.000000e-20 5.000000e-20
1.361000e+02 5.000000e-20 5.000000e-20
1.362000e+02 5.000000e-20 5.000000e-20
1.363000e+02 5.000000e-20 5.000000e-20
1.364000e+02 5.000000e-20 5.000000e-20
1.365000e+02 5.000000e-20 5.000000e-20
1.366000e+02 5.000000e-20 5.000000e-20
1.367000e+02 5.000000e-20 5.000000e-20
1.368000e+02 5.000000e-20 5.000000e-20
1.369000e+02 5.000000e-20 5.000000e-20
1.370000e+02 5.000000e-20 5.000000e-20
1.371000e+02 5.000000e-20 5.000000e-20
1.372000e+02 5.000000e-20 5.000000e-20
1.373000e+02 5.000000e-20 5.000000e-20
1.374000e+02 5.000000e-20 5.000000e-20
1.375000e+02 5.000000e-20 5.000000e-20
1.376000e+02 5.000000e-20 5.000000e-20
1.377000e+02 5.000000e-20 5.000000e-20
1.378000e+02 5.000000e-20 5.000000e-20
1.379000e+02 5.000000e-20 5.000000e-20
1.380000e+02 5.000000e-20 5.000000e-20
1.381000e+02 5.000000e-20 5.000000e-20
1.382000e+02 5.000000e-20 5.000000e-20
1.383000e+02 5.000000e-20 5.000000e-20
1.384000e+02 5.000000e-20 5.000000e-20
1.385000e+02 5.000000e-20 5.000000e-20
1.386000e+02 5.000000e-20 5.000000e-20
1.387000e+02 5.000000e-20 5.000000e-20
1.388000e+02 5.000000e-20 5.000000e-20
1.389000e+02 5.000000e-20 5.000000e-20
1.390000e+02 5.000000e-20 5.000000e-20
1.391000e+02 5.000000e-20 5.000000e-20
1.392000e+02 5.000000e-20 5.000000e-20
1.393000e+02 5.000000e-20 5.000000e-20
1.394000e+02 5.000000e-20 5.000000e-20
1.395000e+02 5.000000e-20 5.000000e-20
1.396000e+02 5.000000e-20 5.000000e-20
1.397000e+02 5.000000e-20 5.000000e-20
1.398000e+02 5.000000e-20 5.000000e-20
1.399000e+02 5.000000e-20 5.000000e-20
1.400000e+02 5.000000e-20 5.000000e-20
1.401000e+02 5.000000e-20 5.000000e-20
1.402000e+02 5.000000e-20 5.000000e-20
1.403000e+02 5.000000e-20 5.000000e-20
1.404000e+02 5.000000e-20 5.000000e-20
1.405000e+02 5.000000e-20 5.000000e-20
1.406000e+02 5.000000e-20 5.000000e-20
1.407000e+02 5.000000e-20 5.000000e-20
1.408000e+02 5.000000e-20 5.000000e-20
1.409000e+02 5.000000e-20 5.000000e-20
1.410000e+02 5.000000e-20 5.000000e-20
1.411000e+02 5.000000e-20 5.000000e-20
1.412000e+02 5.000000e-20 5.000000e-20
1.413000e+02 5.000000e-20 5.000000e-20
1.414000e+02 5.000000e-20 5.000000e-20
1.415000e+02 5.000000e-20 5.000000e-20
1.416000e+02 5.000000e-20 5.000000e-20
1.417000e+02 5.000000e-20 5.000000e-20
1.418000e+02 5.000000e-20 5.000000e-20
1.419000e+02 5.000000e-20 5.000000e-20
1.420000e+02 5.000000e-20 5.000000e-20
1.421000e+02 5.000000e-20 5.000000e-20
1.422000e+02 5.000000e-20 5.000000e-20
1.423000e+02 5.000000e-20 5.000000e-20
1.424000e+02 5.000000e-20 5.000000e-20
1.425000e+02 5.000000e-20 5.000000e-20
1.426000e+02 5.000000e-20 5.000000e-20
1.427000e+02 5.000000e-20 5.000000e-20
1.428000e+02 5.000000e-20 5.000000e-20
1.429000e+02 5.000000e-20 5.000000e-20
1.430000e+02 5.000000e-20 5.000000e-20
1.431000e+02 5.000000e-20 5.000000e-20
1.432000e+02 5.000000e-20 5.000000e-20
1.433000e+02 5.000000e-20 5.000000e-20
1.434000e+02 5.000000e-20 5.000000e-20
1.435000e+02 5.000000e-20 5.000000e-20
1.436000e+02 5.000000e-20 5.000000e-20
1.437000e+02 5.000000e-20 5.000000e-20
1.438000e+02 5.000000e-20 5.000000e-20
1.439000e+02 5.000000e-20 5.000000e-20
1.440000e+02 5.000000e-20 5.000000e-20
1.441000e+02 5.000000e-20 5.000000e-20
1.442000e+02 5.000000e-20 5.000000e-20
1.443000e+02 5.000000e-20 5.000000e-20
1.444000e+02 5.000000e-20 5.000000e-20
1.445000e+02 5.000000e-20 5.000000e-20
1.446000e+02 5.000000e-20 5.000000e-20
1.447000e+02 5.000000e-20 5.000000e-20
1.448000e+02 5.000000e-20 5.000000e-20
1.449000e+02 5.000000e-20 5.000000e-20
1.450000e+02 5.000000e-20 5.000000e-20
1.451000e+02 5.000000e-20 5.000000e-20
1.452000e+02 5.000000e-20 5.000000e-20
1.453000e+02 5.000000e-20 5.000000e-20
1.454000e+02 5.000000e-20 5.000000e-20
1.455000e+02 5.000000e-20 5.000000e-20
1.456000e+02 5.000000e-20 5.000000e-20
1.457000e+02 5.000000e-20 5.000000e-20
1.458000e+02 5.000000e-20 5.000000e-20
1.459000e+02 6.136881e-20 6.136881e-20
1.460000e+02 1.449522e-19 1.449522e-19
1.461000e+02 3.239065e-19 3.239065e-19
1.462000e+02 6.847501e-19 6.847501e-19
1.463000e+02 1.369500e-18 1.369500e-18
1.464000e+02 2.591252e-18 2.591252e-18
1.465000e+02 4.638472e-18 4.638472e-18
1.466000e+02 7.855208e-18 7.855208e-18
1.467000e+02 1.258514e-17 1.258514e-17
1.468000e+02 1.907551e-17 1.907551e-17
1.469000e+02 2.735342e-17 2.735342e-17
1.470000e+02 3.710777e-17 3.710777e-17
1.471000e+02 4.762508e-17 4.762508e-17
1.472000e+02 5.782612e-17 5.782612e-17
1.473000e+02 6.642477e-17 6.642477e-17
1.474000e+02 7.218612e-17 7.218612e-17
1.475000e+02 7.421555e-17 7.421555e-17
1.476000e+02 7.218612e-17 7.218612e-17
1.477000e+02 6.642477e-17 6.642477e-17
1.478000e+02 5.782612e-17 5.782612e-17
1.479000e+02 4.762508e-17 4.762508e-17
1.480000e+02 3.710777e-17 3.710777e-17
1.481000e+02 2.735342e-17 2.735342e-17
1.482000e+02 1.907551e-17 1.907551e-17
1.483000e+02 1.258514e-17 1.258514e-17
1.484000e+02 7.855208e-18 7.855208e-18
1.485000e+02 4.638472e-18 4.638472e-18
1.486000e+02 2.591252e-18 2.591252e-18
1.487000e+02 1.369500e-18 1.369500e-18
1.488000e+02 6.847501e-19 6.847501e-19
1.489000e+02 3.239067e-19 3.239067e-19
1.490000e+02 1.449529e-19 1.449529e-19
1.491000e+02 6.137143e-20 6.137143e-20
1.492000e+02 5.000000e-20 5.000000e-20
1.493000e+02 5.000000e-20 5.000000e-20
1.494000e+02 5.000000e-20 5.000000e-20
1.495000e+02 5.000000e-20 5.000000e-20
1.496000e+02 5.000000e-20 5.000000e-20
1.497000e+02 5.000000e-20 5.000000e-20
1.498000e+02 5.000000e-20 5.000000e-20
1.499000e+02 5.000000e-20 5.000000e-20
1.500000e+02 5.000000e-20 5.000000e-20
1.501000e+02 9.840252e-20 9.840252e-20
1.502000e+02 2.080255e-19 2.080255e-19
1.503000e+02 4.160507e-19 4.160507e-19
1.504000e+02 7.872159e-19 7.872159e-19
1.505000e+02 1.409156e-18 1.409156e-18
1.506000e+02 2.386392e-18 2.386392e-18
1.507000e+02 3.823334e-18 3.823334e-18
1.508000e+02 5.795091e-18 5.795091e-18
1.509000e+02 8.309901e-18 8.309901e-18
1.510000e+02 1.127325e-17 1.127325e-17
1.511000e+02 1.446838e-17 1.446838e-17
1.512000e+02 1.756743e-17 1.756743e-17
1.513000e+02 2.017968e-17 2.017968e-17
1.514000e+02 2.192996e-17 2.192996e-17
1.515000e+02 2.254649e-17 2.254649e-17
1.516000e+02 2.192996e-17 2.192996e-17
1.517000e+02 2.017968e-17 2.017968e-17
1.518000e+02 1.756743e-17 1.756743e-17
1.519000e+02 1.446838e-17 1.446838e-17
1.520000e+02 1.127325e-17 1.127325e-17
1.521000e+02 8.309901e-18 8.309901e-18
1.522000e+02 5.795091e-18 5.795091e-18
1.523000e+02 3.823334e-18 3.823334e-18
1.524000e+02 2.386392e-18 2.386392e-18
1.525000e+02 1.409156e-18 1.409156e-18
1.526000e+02 7.872159e-19 7.872159e-19
1.527000e+02 4.160507e-19 4.160507e-19
1.528000e+02 2.080253e-19 2.080253e-19
1.529000e+02 9.840199e-20 9.840199e-20
1.530000e+02 5.000000e-20 5.000000e-20
1.531000e+02 5.000000e-20 5.000000e-20
1.532000e+02 5.000000e-20 5.000000e-20
1.533000e+02 5.000000e-20 5.000000e-20
1.534000e+02 5.000000e-20 5.000000e-20
1.535000e+02 5.000000e-20 5.000000e-20
1.536000e+02 5.000000e-20 5.000000e-20
1.537000e+02 5.000000e-20 5.000000e-20
1.538000e+02 5.000000e-20 5.000000e-20
1.539000e+02 5.000000e-20 5.000000e-20
1.540000e+02 5.000000e-20 5.000000e-20
1.541000e+02 5.000000e-20 5.000000e-20
1.542000e+02 5.000000e-20 5.000000e-20
1.543000e+02 5.000000e-20 5.000000e-20
1.544000e+02 5.000000e-20 5.000000e-20
1.545000e+02 5.000000e-20 5.000000e-20
1.546000e+02 5.000000e-20 5.000000e-20
1.547000e+02 5.000000e-20 5.000000e-20
1.548000e+02 5.000000e-20 5.000000e-20
1.549000e+02 5.000000e-20 5.000000e-20
1.550000e+02 5.000000e-20 5.000000e-20
1.551000e+02 5.000000e-20 5.000000e-20
1.552000e+02 5.000000e-20 5.000000e-20
1.553000e+02 5.000000e-20 5.000000e-20
1.554000e+02 5.000000e-20 5.000000e-20
1.555000e+02 5.000000e-20 5.000000e-20
1.556000e+02 5.000000e-20 5.000000e-20
1.557000e+02 5.000000e-20 5.000000e-20
1.558000e+02 5.000000e-20 5.000000e-20
1.559000e+02 5.000000e-20 5.000000e-20
1.560000e+02 5.000000e-20 5.000000e-20
1.561000e+02 5.000000e-20 5.000000e-20
1.562000e+02 5.000000e-20 5.000000e-20
1.563000e+02 5.000000e-20 5.000000e-20
1.564000e+02 5.000000e-20 5.000000e-20
1.565000e+02 5.000000e-20 5.000000e-20
1.566000e+02 5.000000e-20 5.000000e-20
1.567000e+02 5.000000e-20 5.000000e-20
1.568000e+02 5.000000e-20 5.000000e-20
1.569000e+02 5.000000e-20 5.000000e-20
1.570000e+02 5.000000e-20 5.000000e-20
1.571000e+02 5.000000e-20 5.000000e-20
1.572000e+02 5.000000e-20 5.000000e-20
1.573000e+02 5.000000e-20 5.000000e-20
1.574000e+02 5.000000e-20 5.000000e-20
1.575000e+02 5.000000e-20 5.000000e-20
1.576000e+02 5.000000e-20 5.000000e-20
1.577000e+02 5.000000e-20 5.000000e-20
1.578000e+02 5.000000e-20 5.000000e-20
1.579000e+02 5.000000e-20 5.000000e-20
1.580000e+02 5.000000e-20 5.000000e-20
1.581000e+02 5.000000e-20 5.000000e-20
1.582000e+02 5.000000e-20 5.000000e-20
1.583000e+02 5.000000e-20 5.000000e-20
1.584000e+02 5.000000e-20 5.000000e-20
1.585000e+02 5.000000e-20 5.000000e-20
1.586000e+02 5.000000e-20 5.000000e-20
1.587000e+02 5.000000e-20 5.000000e-20
1.588000e+02 5.000000e-20 5.000000e-20
1.589000e+02 5.000000e-20 5.000000e-20
1.590000e+02 5.000000e-20 5.000000e-20
1.591000e+02 5.000000e-20 5.000000e-20
1.592000e+02 5.000000e-20 5.000000e-20
1.593000e+02 5.000000e-20 5.000000e-20
1.594000e+02 5.000000e-20 5.000000e-20
1.595000e+02 5.000000e-20 5.000000e-20
1.596000e+02 5.740116e-20 5.740116e-20
1.597000e+02 1.213481e-19 1.213481e-19
1.598000e+02 2.426962e-19 2.426962e-19
1.599000e+02 4.592093e-19 4.592093e-19
1.600000e+02 8.220076e-19 8.220076e-19
1.601000e+02 1.392062e-18 1.392062e-18
1.602000e+02 2.230278e-18 2.230278e-18
1.603000e+02 3.380470e-18 3.380470e-18
1.604000e+02 4.847442e-18 4.847442e-18
1.605000e+02 6.576061e-18 6.576061e-18
1.606000e+02 8.439887e-18 8.439887e-18
1.607000e+02 1.024767e-17 1.024767e-17
1.608000e+02 1.177148e-17 1.177148e-17
1.609000e+02 1.279248e-17 1.279248e-17
1.610000e+02 1.315212e-17 1.315212e-17
1.611000e+02 1.279248e-17 1.279248e-17
1.612000e+02 1.177148e-17 1.177148e-17
1.613000e+02 1.024767e-17 1.024767e-17
1.614000e+02 8.439887e-18 8.439887e-18
1.615000e+02 6.576061e-18 6.576061e-18
1.616000e+02 4.847442e-18 4.847442e-18
1.617000e+02 3.380470e-18 3.380470e-18
1.618000e+02 2.230278e-18 2.230278e-18
1.619000e+02 1.392062e-18 1.392062e-18
1.620000e+02 8.220076e-19 8.220076e-19
1.621000e+02 4.592093e-19 4.592093e-19
1.622000e+02 2.426962e-19 2.426962e-19
1.623000e+02 1.213481e-19 1.213481e-19
1.624000e+02 5.740116e-20 5.740116e-20
1.625000e+02 5.000000e-20 5.000000e-20
1.626000e+02 5.000000e-20 5.000000e-20
1.627000e+02 5.000000e-20 5.000000e-20
1.628000e+02 5.000000e-20 5.000000e-20
1.629000e+02 5.000000e-20 5.000000e-20
1.630000e+02 5.000000e-20 5.000000e-20
1.631000e+02 5.000000e-20 5.000000e-20
1.632000e+02 5.000000e-20 5.000000e-20
1.633000e+02 5.000000e-20 5.000000e-20
1.634000e+02 5.000000e-20 5.000000e-20
1.635000e+02 5.000000e-20 5.000000e-20
1.636000e+02 5.000000e-20 5.000000e-20
1.637000e+02 5.000000e-20 5.000000e-20
1.638000e+02 5.000000e-20 5.000000e-20
1.639000e+02 5.000000e-20 5.000000e-20
1.640000e+02 5.000000e-20 5.000000e-20
1.641000e+02 5.000000e-20 5.000000e-20
1.642000e+02 5.000000e-20 5.000000e-20
1.643000e+02 5.000000e-20 5.000000e-20
1.644000e+02 5.000000e-20 5.000000e-20
1.645000e+02 5.000000e-20 5.000000e-20
1.646000e+02 5.000000e-20 5.000000e-20
1.647000e+02 5.000000e-20 5.000000e-20
1.648000e+02 5.000000e-20 5.000000e-20
1.649000e+02 5.000000e-20 5.000000e-20
1.650000e+02 5.000000e-20 5.000000e-20
1.651000e+02 5.000000e-20 5.000000e-20
1.652000e+02 5.000000e-20 5.000000e-20
1.653000e+02 5.000000e-20 5.000000e-20
1.654000e+02 5.000000e-20 5.000000e-20
1.655000e+02 5.000000e-20 5.000000e-20
1.656000e+02 5.000000e-20 5.000000e-20
1.657000e+02 5.000000e-20 5.000000e-20
1.658000e+02 5.000000e-20 5.000000e-20
1.659000e+02 5.000000e-20 5.000000e-20
1.660000e+02 5.000000e-20 5.000000e-20
1.661000e+02 5.000000e-20 5.000000e-20
1.662000e+02 5.000000e-20 5.000000e-20
1.663000e+02 5.000000e-20 5.000000e-20
1.664000e+02 5.000000e-20 5.000000e-20
1.665000e+02 5.000000e-20 5.000000e-20
1.666000e+02 5.000000e-20 5.000000e-20
1.667000e+02 5.000000e-20 5.000000e-20
1.668000e+02 5.000000e-20 5.000000e-20
1.669000e+02 5.000000e-20 5.000000e-20
1.670000e+02 5.000000e-20 5.000000e-20
1.671000e+02 5.000000e-20 5.000000e-20
1.672000e+02 5.000000e-20 5.000000e-20
1.673000e+02 5.000000e-20 5.000000e-20
1.674000e+02 5.000000e-20 5.000000e-20
1.675000e+02 5.000000e-20 5.000000e-20
1.676000e+02 5.000000e-20 5.000000e-20
1.677000e+02 5.000000e-20 5.000000e-20
1.678000e+02 5.000000e-20 5.000000e-20
1.679000e+02 5.000000e-20 5.000000e-20
1.680000e+02 5.000000e-20 5.000000e-20
1.681000e+02 5.000000e-20 5.000000e-20
1.682000e+02 5.000000e-20 5.000000e-20
1.683000e+02 5.000000e-20 5.000000e-20
1.684000e+02 5.000000e-20 5.000000e-20
1.685000e+02 5.000000e-20 5.000000e-20
1.686000e+02 5.000000e-20 5.000000e-20
1.687000e+02 5.000000e-20 5.000000e-20
1.688000e+02 5.000000e-20 5.000000e-20
1.689000e+02 5.000000e-20 5.000000e-20
1.690000e+02 5.000000e-20 5.000000e-20
1.691000e+02 5.000000e-20 5.000000e-20
1.692000e+02 5.000000e-20 5.000000e-20
1.693000e+02 5.000000e-20 5.000000e-20
1.694000e+02 5.000000e-20 5.000000e-20
1.695000e+02 5.000000e-20 5.000000e-20
1.696000e+02 5.000000e-20 5.000000e-20
1.697000e+02 5.000000e-20 5.000000e-20
1.698000e+02 5.000000e-20 5.000000e-20
1.699000e+02 5.000000e-20 5.000000e-20
1.700000e+02 5.000000e-20 5.000000e-20
1.701000e+02 5.000000e-20 5.000000e-20
1.702000e+02 5.000000e-20 5.000000e-20
1.703000e+02 5.000000e-20 5.000000e-20
1.704000e+02 5.000000e-20 5.000000e-20
1.705000e+02 5.000000e-20 5.000000e-20
1.706000e+02 5.000000e-20 5.000000e-20
1.707000e+02 5.000000e-20 5.000000e-20
1.708000e+02 5.000000e-20 5.000000e-20
1.709000e+02 5.000000e-20 5.000000e-20
1.710000e+02 5.000000e-20 5.000000e-20
1.711000e+02 5.000000e-20 5.000000e-20
1.712000e+02 5.000000e-20 5.000000e-20
1.713000e+02 5.000000e-20 5.000000e-20
1.714000e+02 5.000000e-20 5.000000e-20
1.715000e+02 5.000000e-20 5.000000e-20
1.716000e+02 5.000000e-20 5.000000e-20
1.717000e+02 5.000000e-20 5.000000e-20
1.718000e+02 5.000000e-20 5.000000e-20
1.719000e+02 5.000000e-20 5.000000e-20
1.720000e+02 5.000000e-20 5.000000e-20
1.721000e+02 5.000000e-20 5.000000e-20
1.722000e+02 5.000000e-20 5.000000e-20
1.723000e+02 5.000000e-20 5.000000e-20
1.724000e+02 5.000000e-20 5.000000e-20
1.725000e+02 5.000000e-20 5.000000e-20
1.726000e+02 5.000000e-20 5.000000e-20
1.727000e+02 5.000000e-20 5.000000e-20
1.728000e+02 5.000000e-20 5.000000e-20
1.729000e+02 5.000000e-20 5.000000e-20
1.730000e+02 5.000000e-20 5.000000e-20
1.731000e+02 5.000000e-20 5.000000e-20
1.732000e+02 5.000000e-20 5.000000e-20
1.733000e+02 5.000000e-20 5.000000e-20
1.734000e+02 5.000000e-20 5.000000e-20
1.735000e+02 5.000000e-20 5.000000e-20
1.736000e+02 5.000000e-20 5.000000e-20
1.737000e+02 5.000000e-20 5.000000e-20
1.738000e+02 5.000000e-20 5.000000e-20
1.739000e+02 5.000000e-20 5.000000e-20
1.740000e+02 5.000000e-20 5.000000e-20
1.741000e+02 5.000000e-20 5.000000e-20
1.742000e+02 5.000000e-20 5.000000e-20
1.743000e+02 5.000000e-20 5.000000e-20
1.744000e+02 5.000000e-20 5.000000e-20
1.745000e+02 5.000000e-20 5.000000e-20
1.746000e+02 5.000000e-20 5.000000e-20
1.747000e+02 5.000000e-20 5.000000e-20
1.748000e+02 5.000000e-20 5.000000e-20
1.749000e+02 5.000000e-20 5.000000e-20
1.750000e+02 5.000000e-20 5.000000e-20
1.751000e+02 5.000000e-20 5.000000e-20
1.752000e+02 5.000000e-20 5.000000e-20
1.753000e+02 5.000000e-20 5.000000e-20
1.754000e+02 5.000000e-20 5.000000e-20
1.755000e+02 5.000000e-20 5.000000e-20
1.756000e+02 5.000000e-20 5.000000e-20
1.757000e+02 5.000000e-20 5.000000e-20
1.758000e+02 5.000000e-20 5.000000e-20
1.759000e+02 5.000000e-20 5.000000e-20
1.760000e+02 5.000000e-20 5.000000e-20
1.761000e+02 5.000000e-20 5.000000e-20
1.762000e+02 5.000000e-20 5.000000e-20
1.763000e+02 5.000000e-20 5.000000e-20
1.764000e+02 5.000000e-20 5.000000e-20
1.765000e+02 5.000000e-20 5.000000e-20
1.766000e+02 5.000000e-20 5.000000e-20
1.767000e+02 5.000000e-20 5.000000e-20
1.768000e+02 5.000000e-20 5.000000e-20
1.769000e+02 5.000000e-20 5.000000e-20
1.770000e+02 5.000000e-20 5.000000e-20
1.771000e+02 5.000000e-20 5.000000e-20
1.772000e+02 5.000000e-20 5.000000e-20
1.773000e+02 5.000000e-20 5.000000e-20
1.774000e+02 5.000000e-20 5.000000e-20
1.775000e+02 5.000000e-20 5.000000e-20
1.776000e+02 5.000000e-20 5.000000e-20
1.777000e+02 5.000000e-20 5.000000e-20
1.778000e+02 5.000000e-20 5.000000e-20
1.779000e+02 5.000000e-20 5.000000e-20
1.780000e+02 5.000000e-20 5.000000e-20
1.781000e+02 5.000000e-20 5.000000e-20
1.782000e+02 5.000000e-20 5.000000e-20
1.783000e+02 5.000000e-20 5.000000e-20
1.784000e+02 5.000000e-20 5.000000e-20
1.785000e+02 5.000000e-20 5.000000e-20
1.786000e+02 5.000000e-20 5.000000e-20
1.787000e+02 5.000000e-20 5.000000e-20
1.788000e+02 5.000000e-20 5.000000e-20
1.789000e+02 5.000000e-20 5.000000e-20
1.790000e+02 5.000000e-20 5.000000e-20
1.791000e+02 5.000000e-20 5.000000e-20
1.792000e+02 5.000000e-20 5.000000e-20
1.793000e+02 5.000000e-20 5.000000e-20
1.794000e+02 5.000000e-20 5.000000e-20
1.795000e+02 5.000000e-20 5.000000e-20
1.796000e+02 5.000000e-20 5.000000e-20
1.797000e+02 5.000000e-20 5.000000e-20
1.798000e+02 5.000000e-20 5.000000e-20
1.799000e+02 5.000000e-20 5.000000e-20
1.800000e+02 5.000000e-20 5.000000e-20
1.801000e+02 5.000000e-20 5.000000e-20
1.802000e+02 5.000000e-20 5.000000e-20
1.803000e+02 5.000000e-20 5.000000e-20
1.804000e+02 5.000000e-20 5.000000e-20
1.805000e+02 5.000000e-20 5.000000e-20
1.806000e+02 5.000000e-20 5.000000e-20
1.807000e+02 5.000000e-20 5.000000e-20
1.808000e+02 5.000000e-20 5.000000e-20
1.809000e+02 5.000000e-20 5.000000e-20
1.810000e+02 5.000000e-20 5.000000e-20
1.811000e+02 5.000000e-20 5.000000e-20
1.812000e+02 5.000000e-20 5.000000e-20
1.813000e+02 5.000000e-20 5.000000e-20
1.814000e+02 5.000000e-20 5.000000e-20
1.815000e+02 5.000000e-20 5.000000e-20
1.816000e+02 5.000000e-20 5.000000e-20
1.817000e+02 5.000000e-20 5.000000e-20
1.818000e+02 5.000000e-20 5.000000e-20
1.819000e+02 5.000000e-20 5.000000e-20
1.820000e+02 5.000000e-20 5.000000e-20
1.821000e+02 5.000000e-20 5.000000e-20
1.822000e+02 5.000000e-20 5.000000e-20
1.823000e+02 5.000000e-20 5.000000e-20
1.824000e+02 5.000000e-20 5.000000e-20
1.825000e+02 5.000000e-20 5.000000e-20
1.826000e+02 5.000000e-20 5.000000e-20
1.827000e+02 5.000000e-20 5.000000e-20
1.828000e+02 5.000000e-20 5.000000e-20
1.829000e+02 5.000000e-20 5.000000e-20
1.830000e+02 5.000000e-20 5.000000e-20
1.831000e+02 5.000000e-20 5.000000e-20
1.832000e+02 5.000000e-20 5.000000e-20
1.833000e+02 5.000000e-20 5.000000e-20
1.834000e+02 5.000000e-20 5.000000e-20
1.835000e+02 5.000000e-20 5.000000e-20
1.836000e+02 5.000000e-20 5.000000e-20
1.837000e+02 5.000000e-20 5.000000e-20
1.838000e+02 5.000000e-20 5.000000e-20
1.839000e+02 5.000000e-20 5.000000e-20
1.840000e+02 5.000000e-20 5.000000e-20
1.841000e+02 5.000000e-20 5.000000e-20
1.842000e+02 5.000000e-20 5.000000e-20
1.843000e+02 5.000000e-20 5.000000e-20
1.844000e+02 5.000000e-20 5.000000e-20
1.845000e+02 5.000000e-20 5.000000e-20
1.846000e+02 5.000000e-20 5.000000e-20
1.847000e+02 5.000000e-20 5.000000e-20
1.848000e+02 5.000000e-20 5.000000e-20
1.849000e+02 5.000000e-20 5.000000e-20
1.850000e+02 5.000000e-20 5.000000e-20
1.851000e+02 5.000000e-20 5.000000e-20
1.852000e+02 5.000000e-20 5.000000e-20
1.853000e+02 5.000000e-20 5.000000e-20
1.854000e+02 5.000000e-20 5.000000e-20
1.855000e+02 5.000000e-20 5.000000e-20
1.856000e+02 5.000000e-20 5.000000e-20
1.857000e+02 5.000000e-20 5.000000e-20
1.858000e+02 5.000000e-20 5.000000e-20
1.859000e+02 5.000000e-20 5.000000e-20
1.860000e+02 5.000000e-20 5.000000e-20
1.861000e+02 5.000000e-20 5.000000e-20
1.862000e+02 5.000000e-20 5.000000e-20
1.863000e+02 5.000000e-20 5.000000e-20
1.864000e+02 5.000000e-20 5.000000e-20
1.865000e+02 5.000000e-20 5.000000e-20
1.866000e+02 5.000000e-20 5.000000e-20
1.867000e+02 5.000000e-20 5.000000e-20
1.868000e+02 5.000000e-20 5.000000e-20
1.869000e+02 5.000000e-20 5.000000e-20
1.870000e+02 5.000000e-20 5.000000e-20
1.871000e+02 5.000000e-20 5.000000e-20
1.872000e+02 5.000000e-20 5.000000e-20
1.873000e+02 5.000000e-20 5.000000e-20
1.874000e+02 5.000000e-20 5.000000e-20
1.875000e+02 5.000000e-20 5.000000e-20
1.876000e+02 5.000000e-20 5.000000e-20
1.877000e+02 5.000000e-20 5.000000e-20
1.878000e+02 5.000000e-20 5.000000e-20
1.879000e+02 5.000000e-20 5.000000e-20
1.880000e+02 5.000000e-20 5.000000e-20
1.881000e+02 5.000000e-20 5.000000e-20
1.882000e+02 5.000000e-20 5.000000e-20
1.883000e+02 5.000000e-20 5.000000e-20
1.884000e+02 7.224459e-20 7.224459e-20
1.885000e+02 1.706412e-19 1.706412e-19
1.886000e+02 3.813123e-19 3.813123e-19
1.887000e+02 8.061151e-19 8.061151e-19
1.888000e+02 1.612255e-18 1.612255e-18
1.889000e+02 3.050655e-18 3.050655e-18
1.890000e+02 5.461081e-18 5.461081e-18
1.891000e+02 9.249045e-18 9.249045e-18
1.892000e+02 1.482037e-17 1.482037e-17
1.893000e+02 2.246904e-17 2.246904e-17
1.894000e+02 3.223349e-17 3.223349e-17
1.895000e+02 4.376090e-17 4.376090e-17
1.896000e+02 5.623717e-17 5.623717e-17
1.897000e+02 6.843784e-17 6.843784e-17
1.898000e+02 7.892434e-17 7.892434e-17
1.899000e+02 8.635622e-17 8.635622e-17
1.900000e+02 8.983369e-17 8.983369e-17
1.901000e+02 8.915478e-17 8.915478e-17
1.902000e+02 8.488709e-17 8.488709e-17
1.903000e+02 7.821520e-17 7.821520e-17
1.904000e+02 7.060729e-17 7.060729e-17
1.905000e+02 6.341202e-17 6.341202e-17
1.906000e+02 5.752053e-17 5.752053e-17
1.907000e+02 5.319898e-17 5.319898e-17
1.908000e+02 5.012986e-17 5.012986e-17
1.909000e+02 4.762470e-17 4.762470e-17
1.910000e+02 4.491684e-17 4.491684e-17
1.911000e+02 4.142789e-17 4.142789e-17
1.912000e+02 3.692663e-17 3.692663e-17
1.913000e+02 3.154910e-17 3.154910e-17
1.914000e+02 2.570097e-17 2.570097e-17
1.915000e+02 1.989882e-17 1.989882e-17
1.916000e+02 1.461457e-17 1.461457e-17
1.917000e+02 1.017035e-17 1.017035e-17
1.918000e+02 6.701799e-18 6.701799e-18
1.919000e+02 4.180117e-18 4.180117e-18
1.920000e+02 2.467356e-18 2.467356e-18
1.921000e+02 1.378056e-18 1.378056e-18
1.922000e+02 7.282186e-19 7.282186e-19
1.923000e+02 3.640817e-19 3.640817e-19
1.924000e+02 1.722137e-19 1.722137e-19
1.925000e+02 7.706610e-20 7.706610e-20
1.926000e+02 5.000000e-20 5.000000e-20
1.927000e+02 5.000000e-20 5.000000e-20
1.928000e+02 5.000000e-20 5.000000e-20
1.929000e+02 5.000000e-20 5.000000e-20
1.930000e+02 5.000000e-20 5.000000e-20
1.931000e+02 5.000000e-20 5.000000e-20
1.932000e+02 5.000000e-20 5.000000e-20
1.933000e+02 5.000000e-20 5.000000e-20
1.934000e+02 5.000000e-20 5.000000e-20
1.935000e+02 5.000000e-20 5.000000e-20
1.936000e+02 5.000000e-20 5.000000e-20
1.937000e+02 8.667729e-20 8.667729e-20
1.938000e+02 1.733545e-19 1.733545e-19
1.939000e+02 3.280066e-19 3.280066e-19
1.940000e+02 5.871483e-19 5.871483e-19
1.941000e+02 9.943301e-19 9.943301e-19
1.942000e+02 1.593056e-18 1.593056e-18
1.943000e+02 2.414621e-18 2.414621e-18
1.944000e+02 3.462459e-18 3.462459e-18
1.945000e+02 4.697186e-18 4.697186e-18
1.946000e+02 6.028491e-18 6.028491e-18
1.947000e+02 7.319763e-18 7.319763e-18
1.948000e+02 8.408199e-18 8.408199e-18
1.949000e+02 9.137483e-18 9.137483e-18
1.950000e+02 9.394373e-18 9.394373e-18
1.951000e+02 9.137483e-18 9.137483e-18
1.952000e+02 8.408199e-18 8.408199e-18
1.953000e+02 7.319763e-18 7.319763e-18
1.954000e+02 6.028491e-18 6.028491e-18
1.955000e+02 4.697186e-18 4.697186e-18
1.956000e+02 3.462459e-18 3.462459e-18
1.957000e+02 2.414621e-18 2.414621e-18
1.958000e+02 1.593056e-18 1.593056e-18
1.959000e+02 9.943301e-19 9.943301e-19
1.960000e+02 5.871483e-19 5.871483e-19
1.961000e+02 3.280066e-19 3.280066e-19
1.962000e+02 1.733545e-19 1.733545e-19
1.963000e+02 8.667723e-20 8.667723e-20
1.964000e+02 5.000000e-20 5.000000e-20
1.965000e+02 5.000000e-20 5.000000e-20
1.966000e+02 5.000000e-20 5.000000e-20
1.967000e+02 5.000000e-20 5.000000e-20
1.968000e+02 5.000000e-20 5.000000e-20
1.969000e+02 5.000000e-20 5.000000e-20
1.970000e+02 5.000000e-20 5.000000e-20
1.971000e+02 5.000000e-20 5.000000e-20
1.972000e+02 5.000000e-20 5.000000e-20
1.973000e+02 5.000000e-20 5.000000e-20
1.974000e+02 5.000000e-20 5.000000e-20
1.975000e+02 5.000000e-20 5.000000e-20
1.976000e+02 5.000000e-20 5.000000e-20
1.977000e+02 5.000000e-20 5.000000e-20
1.978000e+02 5.000000e-20 5.000000e-20
1.979000e+02 5.000000e-20 5.000000e-20
1.980000e+02 5.000000e-20 5.000000e-20
1.981000e+02 5.000000e-20 5.000000e-20
1.982000e+02 5.000000e-20 5.000000e-20
1.983000e+02 5.000000e-20 5.000000e-20
1.984000e+02 5.000000e-20 5.000000e-20
1.985000e+02 5.000000e-20 5.000000e-20
1.986000e+02 5.000000e-20 5.000000e-20
1.987000e+02 5.000000e-20 5.000000e-20
1.988000e+02 5.000000e-20 5.000000e-20
1.989000e+02 5.000000e-20 5.000000e-20
1.990000e+02 5.000000e-20 5.000000e-20
1.991000e+02 5.000000e-20 5.000000e-20
1.992000e+02 5.000000e-20 5.000000e-20
1.993000e+02 5.000000e-20 5.000000e-20
1.994000e+02 5.000000e-20 5.000000e-20
1.995000e+02 5.000000e-20 5.000000e-20
1.996000e+02 5.000000e-20 5.000000e-20
1.997000e+02 5.000000e-20 5.000000e-20
1.998000e+02 5.000000e-20 5.000000e-20
1.999000e+02 5.000000e-20 5.000000e-20
2.000000e+02 5.000000e-20 5.000000e-20
2.001000e+02 5.000000e-20 5.000000e-20
2.002000e+02 5.000000e-20 5.000000e-20
2.003000e+02 5.000000e-20 5.000000e-20
2.004000e+02 5.000000e-20 5.000000e-20
2.005000e+02 5.000000e-20 5.000000e-20
2.006000e+02 5.000000e-20 5.000000e-20
2.007000e+02 5.000000e-20 5.000000e-20
2.008000e+02 5.000000e-20 5.000000e-20
2.009000e+02 5.000000e-20 5.000000e-20
2.010000e+02 5.000000e-20 5.000000e-20
2.011000e+02 5.000000e-20 5.000000e-20
2.012000e+02 5.000000e-20 5.000000e-20
2.013000e+02 5.000000e-20 5.000000e-20
2.014000e+02 5.000000e-20 5.000000e-20
2.015000e+02 5.000000e-20 5.000000e-20
2.016000e+02 5.000000e-20 5.000000e-20
2.017000e+02 5.000000e-20 5.000000e-20
2.018000e+02 5.000000e-20 5.000000e-20
2.019000e+02 5.000000e-20 5.000000e-20
2.020000e+02 5.000000e-20 5.000000e-20
2.021000e+02 5.000000e-20 5.000000e-20
2.022000e+02 5.000000e-20 5.000000e-20
2.023000e+02 5.000000e-20 5.000000e-20
2.024000e+02 5.000000e-20 5.000000e-20
2.025000e+02 5.000000e-20 5.000000e-20
2.026000e+02 5.000000e-20 5.000000e-20
2.027000e+02 5.000000e-20 5.000000e-20
2.028000e+02 5.000000e-20 5.000000e-20
2.029000e+02 5.000000e-20 5.000000e-20
2.030000e+02 5.000000e-20 5.000000e-20
2.031000e+02 5.000000e-20 5.000000e-20
2.032000e+02 5.000000e-20 5.000000e-20
2.033000e+02 5.000000e-20 5.000000e-20
2.034000e+02 5.000000e-20 5.000000e-20
2.035000e+02 5.000000e-20 5.000000e-20
2.036000e+02 5.000000e-20 5.000000e-20
2.037000e+02 5.000000e-20 5.000000e-20
2.038000e+02 5.000000e-20 5.000000e-20
2.039000e+02 5.000000e-20 5.000000e-20
2.040000e+02 5.000000e-20 5.000000e-20
2.041000e+02 5.000000e-20 5.000000e-20
2.042000e+02 5.000000e-20 5.000000e-20
2.043000e+02 5.000000e-20 5.000000e-20
2.044000e+02 5.000000e-20 5.000000e-20
2.045000e+02 5.000000e-20 5.000000e-20
2.046000e+02 5.000000e-20 5.000000e-20
2.047000e+02 5.000000e-20 5.000000e-20
2.048000e+02 5.000000e-20 5.000000e-20
2.049000e+02 5.000000e-20 5.000000e-20
2.050000e+02 5.000000e-20 5.000000e-20
2.051000e+02 5.000000e-20 5.000000e-20
2.052000e+02 5.000000e-20 5.000000e-20
2.053000e+02 5.000000e-20 5.000000e-20
2.054000e+02 5.000000e-20 5.000000e-20
2.055000e+02 5.000000e-20 5.000000e-20
2.056000e+02 5.000000e-20 5.000000e-20
2.057000e+02 5.000000e-20 5.000000e-20
2.058000e+02 5.000000e-20 5.000000e-20
2.059000e+02 5.000000e-20 5.000000e-20
2.060000e+02 5.000000e-20 5.000000e-20
2.061000e+02 5.000000e-20 5.000000e-20
2.062000e+02 5.000000e-20 5.000000e-20
2.063000e+02 5.000000e-20 5.000000e-20
2.064000e+02 5.000000e-20 5.000000e-20
2.065000e+02 5.000000e-20 5.000000e-20
2.066000e+02 5.000000e-20 5.000000e-20
2.067000e+02 5.000000e-20 5.000000e-20
2.068000e+02 5.000000e-20 5.000000e-20
2.069000e+02 5.000000e-20 5.000000e-20
2.070000e+02 5.000000e-20 5.000000e-20
2.071000e+02 5.000000e-20 5.000000e-20
2.072000e+02 5.000000e-20 5.000000e-20
2.073000e+02 5.000000e-20 5.000000e-20
2.074000e+02 5.000000e-20 5.000000e-20
2.075000e+02 5.000000e-20 5.000000e-20
2.076000e+02 5.000000e-20 5.000000e-20
2.077000e+02 5.000000e-20 5.000000e-20
2.078000e+02 5.000000e-20 5.000000e-20
2.079000e+02 5.000000e-20 5.000000e-20
2.080000e+02 5.000000e-20 5.000000e-20
2.081000e+02 5.000000e-20 5.000000e-20
2.082000e+02 5.000000e-20 5.000000e-20
2.083000e+02 5.000000e-20 5.000000e-20
2.084000e+02 5.000000e-20 5.000000e-20
2.085000e+02 5.000000e-20 5.000000e-20
2.086000e+02 5.000000e-20 5.000000e-20
2.087000e+02 5.000000e-20 5.000000e-20
2.088000e+02 5.000000e-20 5.000000e-20
2.089000e+02 5.000000e-20 5.000000e-20
2.090000e+02 5.000000e-20 5.000000e-20
2.091000e+02 5.000000e-20 5.000000e-20
2.092000e+02 5.000000e-20 5.000000e-20
2.093000e+02 5.000000e-20 5.000000e-20
2.094000e+02 5.000000e-20 5.000000e-20
2.095000e+02 5.000000e-20 5.000000e-20
2.096000e+02 5.000000e-20 5.000000e-20
2.097000e+02 5.000000e-20 5.000000e-20
2.098000e+02 5.000000e-20 5.000000e-20
2.099000e+02 5.000000e-20 5.000000e-20
2.100000e+02 5.000000e-20 5.000000e-20
2.101000e+02 5.000000e-20 5.000000e-20
2.102000e+02 5.000000e-20 5.000000e-20
2.103000e+02 5.000000e-20 5.000000e-20
2.104000e+02 5.000000e-20 5.000000e-20
2.105000e+02 5.000000e-20 5.000000e-20
2.106000e+02 5.000000e-20 5.000000e-20
2.107000e+02 5.000000e-20 5.000000e-20
2.108000e+02 5.000000e-20 5.000000e-20
2.109000e+02 5.000000e-20 5.000000e-20
2.110000e+02 5.000000e-20 5.000000e-20
2.111000e+02 5.000000e-20 5.000000e-20
2.112000e+02 5.000000e-20 5.000000e-20
2.113000e+02 5.000000e-20 5.000000e-20
2.114000e+02 5.000000e-20 5.000000e-20
2.115000e+02 5.000000e-20 5.000000e-20
2.116000e+02 5.000000e-20 5.000000e-20
2.117000e+02 5.000000e-20 5.000000e-20
2.118000e+02 5.000000e-20 5.000000e-20
2.119000e+02 5.000000e-20 5.000000e-20
2.120000e+02 5.000000e-20 5.000000e-20
2.121000e+02 5.000000e-20 5.000000e-20
2.122000e+02 5.000000e-20 5.000000e-20
2.123000e+02 5.000000e-20 5.000000e-20
2.124000e+02 5.000000e-20 5.000000e-20
2.125000e+02 5.000000e-20 5.000000e-20
2.126000e+02 5.000000e-20 5.000000e-20
2.127000e+02 5.000000e-20 5.000000e-20
2.128000e+02 5.000000e-20 5.000000e-20
2.129000e+02 5.000000e-20 5.000000e-20
2.130000e+02 5.000000e-20 5.000000e-20
2.131000e+02 5.000000e-20 5.000000e-20
2.132000e+02 5.000000e-20 5.000000e-20
2.133000e+02 5.000000e-20 5.000000e-20
2.134000e+02 5.000000e-20 5.000000e-20
2.135000e+02 5.000000e-20 5.000000e-20
2.136000e+02 5.000000e-20 5.000000e-20
2.137000e+02 5.000000e-20 5.000000e-20
2.138000e+02 5.000000e-20 5.000000e-20
2.139000e+02 5.000000e-20 5.000000e-20
2.140000e+02 5.000000e-20 5.000000e-20
2.141000e+02 5.000000e-20 5.000000e-20
2.142000e+02 5.000000e-20 5.000000e-20
2.143000e+02 5.000000e-20 5.000000e-20
2.144000e+02 5.000000e-20 5.000000e-20
2.145000e+02 5.000000e-20 5.000000e-20
2.146000e+02 5.000000e-20 5.000000e-20
2.147000e+02 5.000000e-20 5.000000e-20
2.148000e+02 5.000000e-20 5.000000e-20
2.149000e+02 5.000000e-20 5.000000e-20
2.150000e+02 5.000000e-20 5.000000e-20
2.151000e+02 5.000000e-20 5.000000e-20
2.152000e+02 5.000000e-20 5.000000e-20
2.153000e+02 5.000000e-20 5.000000e-20
2.154000e+02 5.000000e-20 5.000000e-20
2.155000e+02 5.000000e-20 5.000000e-20
2.156000e+02 5.000000e-20 5.000000e-20
2.157000e+02 5.000000e-20 5.000000e-20
2.158000e+02 5.000000e-20 5.000000e-20
2.159000e+02 5.000000e-20 5.000000e-20
2.160000e+02 5.000000e-20 5.000000e-20
2.161000e+02 5.000000e-20 5.000000e-20
2.162000e+02 5.000000e-20 5.000000e-20
2.163000e+02 5.000000e-20 5.000000e-20
2.164000e+02 5.000000e-20 5.000000e-20
2.165000e+02 5.000000e-20 5.000000e-20
2.166000e+02 5.000000e-20 5.000000e-20
2.167000e+02 5.000000e-20 5.000000e-20
2.168000e+02 5.000000e-20 5.000000e-20
2.169000e+02 5.000000e-20 5.000000e-20
2.170000e+02 5.000000e-20 5.000000e-20
2.171000e+02 5.000000e-20 5.000000e-20
2.172000e+02 5.000000e-20 5.000000e-20
2.173000e+02 5.000000e-20 5.000000e-20
2.174000e+02 5.000000e-20 5.000000e-20
2.175000e+02 5.000000e-20 5.000000e-20
2.176000e+02 5.000000e-20 5.000000e-20
2.177000e+02 5.000000e-20 5.000000e-20
2.178000e+02 5.000000e-20 5.000000e-20
2.179000e+02 5.000000e-20 5.000000e-20
2.180000e+02 5.000000e-20 5.000000e-20
2.181000e+02 5.000000e-20 5.000000e-20
2.182000e+02 5.000000e-20 5.000000e-20
2.183000e+02 5.000000e-20 5.000000e-20
2.184000e+02 5.000000e-20 5.000000e-20
2.185000e+02 5.000000e-20 5.000000e-20
2.186000e+02 5.000000e-20 5.000000e-20
2.187000e+02 5.000000e-20 5.000000e-20
2.188000e+02 5.000000e-20 5.000000e-20
2.189000e+02 5.000000e-20 5.000000e-20
2.190000e+02 5.000000e-20 5.000000e-20
2.191000e+02 5.000000e-20 5.000000e-20
2.192000e+02 5.000000e-20 5.000000e-20
2.193000e+02 5.000000e-20 5.000000e-20
2.194000e+02 5.000000e-20 5.000000e-20
2.195000e+02 5.000000e-20 5.000000e-20
2.196000e+02 5.000000e-20 5.000000e-20
2.197000e+02 5.000000e-20 5.000000e-20
2.198000e+02 5.000000e-20 5.000000e-20
2.199000e+02 5.000000e-20 5.000000e-20
2.200000e+02 5.000000e-20 5.000000e-20
2.201000e+02 5.000000e-20 5.000000e-20
2.202000e+02 5.000000e-20 5.000000e-20
2.203000e+02 5.000000e-20 5.000000e-20
2.204000e+02 5.000000e-20 5.000000e-20
2.205000e+02 5.000000e-20 5.000000e-20
2.206000e+02 5.000000e-20 5.000000e-20
2.207000e+02 5.000000e-20 5.000000e-20
2.208000e+02 5.000000e-20 5.000000e-20
2.209000e+02 5.000000e-20 5.000000e-20
2.210000e+02 5.000000e-20 5.000000e-20
2.211000e+02 5.000000e-20 5.000000e-20
2.212000e+02 5.000000e-20 5.000000e-20
2.213000e+02 5.000000e-20 5.000000e-20
2.214000e+02 5.000000e-20 5.000000e-20
2.215000e+02 5.000000e-20 5.000000e-20
2.216000e+02 5.000000e-20 5.000000e-20
2.217000e+02 5.000000e-20 5.000000e-20
2.218000e+02 5.000000e-20 5.000000e-20
2.219000e+02 5.000000e-20 5.000000e-20
2.220000e+02 5.000000e-20 5.000000e-20
2.221000e+02 5.000000e-20 5.000000e-20
2.222000e+02 5.000000e-20 5.000000e-20
2.223000e+02 5.000000e-20 5.000000e-20
2.224000e+02 5.000000e-20 5.000000e-20
2.225000e+02 5.000000e-20 5.000000e-20
2.226000e+02 5.000000e-20 5.000000e-20
2.227000e+02 5.000000e-20 5.000000e-20
2.228000e+02 5.000000e-20 5.000000e-20
2.229000e+02 5.000000e-20 5.000000e-20
2.230000e+02 5.000000e-20 5.000000e-20
2.231000e+02 5.000000e-20 5.000000e-20
2.232000e+02 5.000000e-20 5.000000e-20
2.233000e+02 5.000000e-20 5.000000e-20
2.234000e+02 5.000000e-20 5.000000e-20
2.235000e+02 5.000000e-20 5.000000e-20
2.236000e+02 5.000000e-20 5.000000e-20
2.237000e+02 5.000000e-20 5.000000e-20
2.238000e+02 5.000000e-20 5.000000e-20
2.239000e+02 5.000000e-20 5.000000e-20
2.240000e+02 5.000000e-20 5.000000e-20
2.241000e+02 5.000000e-20 5.000000e-20
2.242000e+02 5.000000e-20 5.000000e-20
2.243000e+02 5.000000e-20 5.000000e-20
2.244000e+02 5.000000e-20 5.000000e-20
2.245000e+02 5.000000e-20 5.000000e-20
2.246000e+02 5.000000e-20 5.000000e-20
2.247000e+02 5.000000e-20 5.000000e-20
2.248000e+02 5.000000e-20 5.000000e-20
2.249000e+02 5.000000e-20 5.000000e-20
2.250000e+02 5.000000e-20 5.000000e-20
2.251000e+02 5.000000e-20 5.000000e-20
2.252000e+02 5.000000e-20 5.000000e-20
2.253000e+02 5.000000e-20 5.000000e-20
2.254000e+02 5.000000e-20 5.000000e-20
2.255000e+02 5.000000e-20 5.000000e-20
2.256000e+02 5.000000e-20 5.000000e-20
2.257000e+02 5.000000e-20 5.000000e-20
2.258000e+02 5.000000e-20 5.000000e-20
2.259000e+02 5.000000e-20 5.000000e-20
2.260000e+02 5.000000e-20 5.000000e-20
2.261000e+02 5.000000e-20 5.000000e-20
2.262000e+02 5.000000e-20 5.000000e-20
2.263000e+02 5.000000e-20 5.000000e-20
2.264000e+02 5.000000e-20 5.000000e-20
2.265000e+02 5.000000e-20 5.000000e-20
2.266000e+02 5.000000e-20 5.000000e-20
2.267000e+02 7.146748e-20 7.146748e-20
2.268000e+02 1.688051e-19 1.688051e-19
2.269000e+02 3.772076e-19 3.772076e-19
2.270000e+02 7.974305e-19 7.974305e-19
2.271000e+02 1.594861e-18 1.594861e-18
2.272000e+02 3.017661e-18 3.017661e-18
2.273000e+02 5.401764e-18 5.401764e-18
2.274000e+02 9.147837e-18 9.147837e-18
2.275000e+02 1.465611e-17 1.465611e-17
2.276000e+02 2.221451e-17 2.221451e-17
2.277000e+02 3.185462e-17 3.185462e-17
2.278000e+02 4.321411e-17 4.321411e-17
2.279000e+02 5.546211e-17 5.546211e-17
2.280000e+02 6.734182e-17 6.734182e-17
2.281000e+02 7.735543e-17 7.735543e-17
2.282000e+02 8.406485e-17 8.406485e-17
2.283000e+02 8.642823e-17 8.642823e-17
2.284000e+02 8.406485e-17 8.406485e-17
2.285000e+02 7.735543e-17 7.735543e-17
2.286000e+02 6.734182e-17 6.734182e-17
2.287000e+02 5.546211e-17 5.546211e-17
2.288000e+02 4.321411e-17 4.321411e-17
2.289000e+02 3.185462e-17 3.185462e-17
2.290000e+02 2.221451e-17 2.221451e-17
2.291000e+02 1.465611e-17 1.465611e-17
2.292000e+02 9.147837e-18 9.147837e-18
2.293000e+02 5.401764e-18 5.401764e-18
2.294000e+02 3.017661e-18 3.017661e-18
2.295000e+02 1.594861e-18 1.594861e-18
2.296000e+02 7.974305e-19 7.974305e-19
2.297000e+02 3.772076e-19 3.772076e-19
2.298000e+02 1.688051e-19 1.688051e-19
2.299000e+02 7.146748e-20 7.146748e-20
2.300000e+02 5.000000e-20 5.000000e-20
2.301000e+02 1.084693e-20 1.084693e-20
2.302000e+02 3.888503e-21 3.888503e-21
2.303000e+02 1.318790e-21 1.318790e-21
2.304000e+02 4.231424e-22 4.231424e-22
2.305000e+02 1.284443e-22 1.284443e-22
2.306000e+02 3.688594e-23 3.688594e-23
2.307000e+02 1.002131e-23 1.002131e-23
2.308000e+02 2.575762e-24 2.575762e-24
2.309000e+02 6.263319e-25 6.263319e-25
2.310000e+02 1.440857e-25 1.440857e-25
2.311000e+02 3.135848e-26 3.135848e-26
2.312000e+02 6.456640e-27 6.456640e-27
2.313000e+02 3.228320e-27 3.228320e-27
2.314000e+02 2.578296e-37 2.578296e-37
2.315000e+02 0.000000e+00 0.000000e+00
6.494000e+02 0.000000e+00 0.000000e+00
6.495000e+02 1.503767e-27 1.503767e-27
6.496000e+02 7.719895e-27 7.719895e-27
6.497000e+02 3.749383e-26 3.749383e-26
6.498000e+02 1.722764e-25 1.722764e-25
6.499000e+02 7.488751e-25 7.488751e-25
6.500000e+02 3.079715e-24 3.079715e-24
6.501000e+02 1.198200e-23 1.198200e-23
6.502000e+02 4.410276e-23 4.410276e-23
6.503000e+02 1.535747e-22 1.535747e-22
6.504000e+02 5.059311e-22 5.059311e-22
6.505000e+02 1.576814e-21 1.576814e-21
6.506000e+02 4.649298e-21 4.649298e-21
6.507000e+02 1.296916e-20 1.296916e-20
6.508000e+02 3.422581e-20 3.422581e-20
6.509000e+02 8.545025e-20 8.545025e-20
6.510000e+02 2.018322e-19 2.018322e-19
6.511000e+02 4.510091e-19 4.510091e-19
6.512000e+02 9.534495e-19 9.534495e-19
6.513000e+02 1.906899e-18 1.906899e-18
6.514000e+02 3.608073e-18 3.608073e-18
6.515000e+02 6.458631e-18 6.458631e-18
6.516000e+02 1.093763e-17 1.093763e-17
6.517000e+02 1.752361e-17 1.752361e-17
6.518000e+02 2.656083e-17 2.656083e-17
6.519000e+02 3.808705e-17 3.808705e-17
6.520000e+02 5.166905e-17 5.166905e-17
6.521000e+02 6.631340e-17 6.631340e-17
6.522000e+02 8.051739e-17 8.051739e-17
6.523000e+02 9.249019e-17 9.249019e-17
6.524000e+02 1.005123e-16 1.005123e-16
6.525000e+02 1.033381e-16 1.033381e-16
6.526000e+02 1.005123e-16 1.005123e-16
6.527000e+02 9.249019e-17 9.249019e-17
6.528000e+02 8.051739e-17 8.051739e-17
6.529000e+02 6.631340e-17 6.631340e-17
6.530000e+02 5.166905e-17 5.166905e-17
6.531000e+02 3.808705e-17 3.808705e-17
6.532000e+02 2.656083e-17 2.656083e-17
6.533000e+02 1.752361e-17 1.752361e-17
6.534000e+02 1.093763e-17 1.093763e-17
6.535000e+02 6.458631e-18 6.458631e-18
6.536000e+02 3.608073e-18 3.608073e-18
6.537000e+02 1.906899e-18 1.906899e-18
6.538000e+02 9.534495e-19 9.534495e-19
6.539000e+02 4.510091e-19 4.510091e-19
6.540000e+02 2.018322e-19 2.018322e-19
6.541000e+02 8.545025e-20 8.545025e-20
6.542000e+02 3.422581e-20 3.422581e-20
6.543000e+02 1.296916e-20 1.296916e-20
6.544000e+02 4.649298e-21 4.649298e-21
6.545000e+02 1.576814e-21 1.576814e-21
6.546000e+02 5.059311e-22 5.059311e-22
6.547000e+02 1.535747e-22 1.535747e-22
6.548000e+02 4.410276e-23 4.410276e-23
6.549000e+02 1.198200e-23 1.198200e-23
6.550000e+02 3.079715e-24 3.079715e-24
6.551000e+02 7.488751e-25 7.488751e-25
6.552000e+02 1.722764e-25 1.722764e-25
6.553000e+02 3.749383e-26 3.749383e-26
6.554000e+02 7.719895e-27 7.719895e-27
6.555000e+02 3.859948e-27 3.859948e-27
