# HNC cross sections
# From the Leiden database for photodissociation and photoionization of astrophysically relevant molecules, http://home.strw.leidenuniv.nl/~ewine/photo/
# Alan Heays 2017-06-19
# References: aguado2017 10.3847/1538-4357/aa63ee, ma_dongxia2008 10.1002/qua.21427
# no info on lines
# wavelength: (nm)
# photoabsorption:   Photoabsorption cross section (cm2)
# photodissociation: Photodissociation cross section (cm2)
# This version has been resampled to a uniform 0.1nm grid while maintaining a constant integrated cross section (using trapezoidal integration).
# wavelength photoabsorption photodissociation
9.117770e+01 1.306054e-17 1.460250e-18
9.127770e+01 1.363627e-17 2.035980e-18
9.137770e+01 1.421200e-17 2.611710e-18
9.147770e+01 1.478773e-17 3.187440e-18
9.157770e+01 1.532110e-17 3.720815e-18
9.167770e+01 1.557351e-17 3.973217e-18
9.177770e+01 1.582591e-17 4.225619e-18
9.187770e+01 1.566447e-17 4.064177e-18
9.197770e+01 1.498897e-17 3.388678e-18
9.207770e+01 1.431347e-17 2.713178e-18
9.217770e+01 1.435039e-17 2.750101e-18
9.227770e+01 1.463245e-17 3.032158e-18
9.237770e+01 1.492316e-17 3.322874e-18
9.247770e+01 1.552591e-17 3.925617e-18
9.257770e+01 1.612865e-17 4.528361e-18
9.267770e+01 1.646772e-17 4.867431e-18
9.277770e+01 1.617056e-17 4.570267e-18
9.287770e+01 1.587339e-17 4.273104e-18
9.297770e+01 1.621163e-17 4.611335e-18
9.307770e+01 1.708462e-17 5.484329e-18
9.317770e+01 1.795761e-17 6.357322e-18
9.327770e+01 1.943631e-17 7.836018e-18
9.337770e+01 2.108884e-17 9.488552e-18
9.347770e+01 2.274137e-17 1.114108e-17
9.357770e+01 2.171734e-17 1.011705e-17
9.367770e+01 2.067715e-17 9.076855e-18
9.377770e+01 1.951468e-17 7.914395e-18
9.387770e+01 1.784748e-17 6.247190e-18
9.397770e+01 1.618027e-17 4.579984e-18
9.407770e+01 1.543168e-17 3.831388e-18
9.417770e+01 1.618824e-17 4.587954e-18
9.427770e+01 1.694481e-17 5.344519e-18
9.437770e+01 1.715639e-17 5.556098e-18
9.447770e+01 1.691481e-17 5.314519e-18
9.457770e+01 1.667323e-17 5.072940e-18
9.467770e+01 2.309967e-17 1.149938e-17
9.477770e+01 3.243858e-17 2.083829e-17
9.487770e+01 4.177750e-17 3.017721e-17
9.497770e+01 3.732791e-17 2.572762e-17
9.507770e+01 3.001405e-17 1.841376e-17
9.517770e+01 2.270018e-17 1.109989e-17
9.527770e+01 1.985593e-17 8.255636e-18
9.537770e+01 1.728184e-17 5.681549e-18
9.547770e+01 1.492004e-17 3.319746e-18
9.557770e+01 1.752360e-17 5.923306e-18
9.567770e+01 2.012716e-17 8.526867e-18
9.577770e+01 2.235910e-17 1.075882e-17
9.587770e+01 2.186589e-17 1.026562e-17
9.597770e+01 2.137267e-17 9.772432e-18
9.607770e+01 2.099662e-17 9.396429e-18
9.617770e+01 2.114722e-17 9.547140e-18
9.627770e+01 2.129782e-17 9.697850e-18
9.637770e+01 2.613493e-17 1.453509e-17
9.647770e+01 4.702229e-17 3.542265e-17
9.657770e+01 6.790965e-17 5.631022e-17
9.667770e+01 7.838672e-17 6.678828e-17
9.677770e+01 5.779881e-17 4.620375e-17
9.687770e+01 3.721090e-17 2.561922e-17
9.697770e+01 2.413825e-17 1.255067e-17
9.707770e+01 3.267923e-17 2.109783e-17
9.717770e+01 4.122022e-17 2.964499e-17
9.727770e+01 4.542858e-17 3.385873e-17
9.737770e+01 3.642858e-17 2.486170e-17
9.747770e+01 2.742857e-17 1.586467e-17
9.757770e+01 2.089729e-17 9.336371e-18
9.767770e+01 2.332657e-17 1.176864e-17
9.777770e+01 2.575584e-17 1.420092e-17
9.787770e+01 3.498257e-17 2.343435e-17
9.797770e+01 7.811515e-17 6.659210e-17
9.807770e+01 1.212477e-16 1.097499e-16
9.817770e+01 1.569232e-16 1.454510e-16
9.827770e+01 1.247310e-16 1.132894e-16
9.837770e+01 9.253886e-17 8.112782e-17
9.847770e+01 6.064426e-17 4.926351e-17
9.857770e+01 5.550146e-17 4.412768e-17
9.867770e+01 5.035867e-17 3.899186e-17
9.877770e+01 4.521587e-17 3.385604e-17
9.887770e+01 4.735406e-17 3.600779e-17
9.897770e+01 5.026545e-17 3.893343e-17
9.907770e+01 5.317685e-17 4.185908e-17
9.917770e+01 4.615815e-17 3.487186e-17
9.927770e+01 3.628951e-17 2.503964e-17
9.937770e+01 2.642086e-17 1.520742e-17
9.947770e+01 2.251841e-17 1.133318e-17
9.957770e+01 2.211992e-17 1.095806e-17
9.967770e+01 2.172142e-17 1.058294e-17
9.977770e+01 5.390015e-17 4.277675e-17
9.987770e+01 1.238628e-16 1.127449e-16
9.997770e+01 1.938255e-16 1.827131e-16
1.000777e+02 2.261591e-16 2.150711e-16
1.001777e+02 1.597844e-16 1.487708e-16
1.002777e+02 9.340969e-17 8.247056e-17
1.003777e+02 3.340559e-17 2.254375e-17
1.004777e+02 5.935865e-17 4.861252e-17
1.005777e+02 8.531170e-17 7.468129e-17
1.006777e+02 1.112648e-16 1.007501e-16
1.007777e+02 9.423597e-17 8.377448e-17
1.008777e+02 6.908100e-17 5.866091e-17
1.009777e+02 4.392603e-17 3.354734e-17
1.010777e+02 4.308571e-17 3.275290e-17
1.011777e+02 5.900278e-17 4.871896e-17
1.012777e+02 7.491985e-17 6.468501e-17
1.013777e+02 7.981236e-17 6.968230e-17
1.014777e+02 6.149168e-17 5.158385e-17
1.015777e+02 4.317100e-17 3.348540e-17
1.016777e+02 2.556253e-17 1.609807e-17
1.017777e+02 3.021653e-17 2.093900e-17
1.018777e+02 3.487053e-17 2.577993e-17
1.019777e+02 3.952452e-17 3.062086e-17
1.020777e+02 6.334432e-17 5.450997e-17
1.021777e+02 9.469163e-17 8.588039e-17
1.022777e+02 1.260389e-16 1.172508e-16
1.023777e+02 1.813621e-16 1.725922e-16
1.024777e+02 2.751463e-16 2.663869e-16
1.025777e+02 3.689306e-16 3.601816e-16
1.026777e+02 4.564196e-16 4.476810e-16
1.027777e+02 3.253726e-16 3.166455e-16
1.028777e+02 1.943255e-16 1.856100e-16
1.029777e+02 6.327841e-17 5.457443e-17
1.030777e+02 1.878955e-17 1.009151e-17
1.031777e+02 2.090896e-17 1.221382e-17
1.032777e+02 2.302838e-17 1.433614e-17
1.033777e+02 2.446832e-17 1.580888e-17
1.034777e+02 2.385896e-17 1.532247e-17
1.035777e+02 2.324960e-17 1.483605e-17
1.036777e+02 2.264024e-17 1.434964e-17
1.037777e+02 2.365512e-17 1.622597e-17
1.038777e+02 2.501216e-17 1.860003e-17
1.039777e+02 2.636919e-17 2.097408e-17
1.040777e+02 2.799468e-17 2.375327e-17
1.041777e+02 3.005817e-17 2.719345e-17
1.042777e+02 3.212166e-17 3.063364e-17
1.043777e+02 3.418515e-17 3.407382e-17
1.044777e+02 2.657445e-17 2.658273e-171
1.045777e+02 1.801864e-17 1.802371e-171
1.046777e+02 9.462827e-18 9.464691e-181
1.047777e+02 4.369383e-18 4.369383e-18
1.048777e+02 4.076979e-18 4.076979e-18
1.049777e+02 3.784575e-18 3.784575e-18
1.050777e+02 3.492171e-18 3.492171e-18
1.051777e+02 3.917224e-18 3.917224e-18
1.052777e+02 4.418467e-18 4.418467e-18
1.053777e+02 4.919711e-18 4.919711e-18
1.054777e+02 1.126588e-17 1.126588e-17
1.055777e+02 2.778061e-17 2.778061e-17
1.056777e+02 4.429535e-17 4.429535e-17
1.057777e+02 6.081008e-17 6.081008e-17
1.058777e+02 5.255072e-17 5.255072e-17
1.059777e+02 3.817506e-17 3.817506e-17
1.060777e+02 2.379939e-17 2.379939e-17
1.061777e+02 1.191603e-17 1.191603e-17
1.062777e+02 9.132430e-18 9.132430e-18
1.063777e+02 6.348834e-18 6.348834e-18
1.064777e+02 3.565238e-18 3.565238e-18
1.065777e+02 2.473509e-18 2.473509e-18
1.066777e+02 2.495662e-18 2.495662e-18
1.067777e+02 2.517815e-18 2.517815e-18
1.068777e+02 2.539969e-18 2.539969e-18
1.069777e+02 6.763117e-18 6.763117e-18
1.070777e+02 1.112963e-17 1.112963e-17
1.071777e+02 1.549614e-17 1.549614e-17
1.072777e+02 2.015746e-17 2.015746e-17
1.073777e+02 2.548741e-17 2.548741e-17
1.074777e+02 3.081735e-17 3.081735e-17
1.075777e+02 3.614729e-17 3.614729e-17
1.076777e+02 3.208352e-17 3.208352e-17
1.077777e+02 2.223783e-17 2.223783e-17
1.078777e+02 1.239214e-17 1.239214e-17
1.079777e+02 2.546449e-18 2.546449e-18
1.080777e+02 1.595632e-18 1.595632e-18
1.081777e+02 1.556857e-18 1.556857e-18
1.082777e+02 1.518083e-18 1.518083e-18
1.083777e+02 1.574740e-18 1.574740e-18
1.084777e+02 2.097328e-18 2.097328e-18
1.085777e+02 2.619917e-18 2.619917e-18
1.086777e+02 3.142505e-18 3.142505e-18
1.087777e+02 3.265287e-18 3.265287e-18
1.088777e+02 2.805551e-18 2.805551e-18
1.089777e+02 2.345815e-18 2.345815e-18
1.090777e+02 1.886079e-18 1.886079e-18
1.091777e+02 1.880766e-18 1.880766e-18
1.092777e+02 2.157535e-18 2.157535e-18
1.093777e+02 2.434304e-18 2.434304e-18
1.094777e+02 2.711073e-18 2.711073e-18
1.095777e+02 2.611578e-18 2.611578e-18
1.096777e+02 2.418603e-18 2.418603e-18
1.097777e+02 2.225629e-18 2.225629e-18
1.098777e+02 2.032655e-18 2.032655e-18
1.099777e+02 1.833841e-18 1.833841e-18
1.100777e+02 1.634771e-18 1.634771e-18
1.101777e+02 1.435702e-18 1.435702e-18
1.102777e+02 1.250818e-18 1.250818e-18
1.103777e+02 1.212952e-18 1.212952e-18
1.104777e+02 1.175087e-18 1.175087e-18
1.105777e+02 1.137221e-18 1.137221e-18
1.106777e+02 1.188434e-18 1.188434e-18
1.107777e+02 1.619402e-18 1.619402e-18
1.108777e+02 2.050370e-18 2.050370e-18
1.109777e+02 2.481338e-18 2.481338e-18
1.110777e+02 2.780086e-18 2.780086e-18
1.111777e+02 2.712108e-18 2.712108e-18
1.112777e+02 2.644129e-18 2.644129e-18
1.113777e+02 2.576151e-18 2.576151e-18
1.114777e+02 2.428146e-18 2.428146e-18
1.115777e+02 2.104489e-18 2.104489e-18
1.116777e+02 1.780833e-18 1.780833e-18
1.117777e+02 1.457176e-18 1.457176e-18
1.118777e+02 2.139290e-18 2.139290e-18
1.119777e+02 4.854215e-18 4.854215e-18
1.120777e+02 7.569141e-18 7.569141e-18
1.121777e+02 1.028407e-17 1.028407e-17
1.122777e+02 1.145086e-17 1.145086e-17
1.123777e+02 9.342948e-18 9.342948e-18
1.124777e+02 7.235035e-18 7.235035e-18
1.125777e+02 5.127123e-18 5.127123e-18
1.126777e+02 3.567070e-18 3.567070e-18
1.127777e+02 3.395057e-18 3.395057e-18
1.128777e+02 3.223044e-18 3.223044e-18
1.129777e+02 3.051030e-18 3.051030e-18
1.130777e+02 2.858309e-18 2.858309e-18
1.131777e+02 2.589978e-18 2.589978e-18
1.132777e+02 2.321648e-18 2.321648e-18
1.133777e+02 2.053317e-18 2.053317e-18
1.134777e+02 1.990515e-18 1.990515e-18
1.135777e+02 3.463946e-18 3.463946e-18
1.136777e+02 4.937377e-18 4.937377e-18
1.137777e+02 6.410808e-18 6.410808e-18
1.138777e+02 7.884239e-18 7.884239e-18
1.139777e+02 6.692673e-18 6.692673e-18
1.140777e+02 5.476905e-18 5.476905e-18
1.141777e+02 4.261136e-18 4.261136e-18
1.142777e+02 3.045368e-18 3.045368e-18
1.143777e+02 2.581700e-18 2.581700e-18
1.144777e+02 2.267732e-18 2.267732e-18
1.145777e+02 1.953763e-18 1.953763e-18
1.146777e+02 1.639795e-18 1.639795e-18
1.147777e+02 1.770762e-18 1.770762e-18
1.148777e+02 2.145549e-18 2.145549e-18
1.149777e+02 2.520335e-18 2.520335e-18
1.150777e+02 2.895122e-18 2.895122e-18
1.151777e+02 3.261314e-18 3.261314e-18
1.152777e+02 3.616020e-18 3.616020e-18
1.153777e+02 3.970726e-18 3.970726e-18
1.154777e+02 4.325432e-18 4.325432e-18
1.155777e+02 4.681926e-18 4.681926e-18
1.156777e+02 5.046677e-18 5.046677e-18
1.157777e+02 5.411428e-18 5.411428e-18
1.158777e+02 5.776179e-18 5.776179e-18
1.159777e+02 6.140931e-18 6.140931e-18
1.160777e+02 1.516025e-17 1.516025e-17
1.161777e+02 2.517335e-17 2.517335e-17
1.162777e+02 3.518645e-17 3.518645e-17
1.163777e+02 4.519955e-17 4.519955e-17
1.164777e+02 4.321850e-17 4.321850e-17
1.165777e+02 3.269368e-17 3.269368e-17
1.166777e+02 2.216886e-17 2.216886e-17
1.167777e+02 1.164404e-17 1.164404e-17
1.168777e+02 4.075929e-18 4.075929e-18
1.169777e+02 5.922286e-18 5.922286e-18
1.170777e+02 7.768643e-18 7.768643e-18
1.171777e+02 9.615000e-18 9.615000e-18
1.172777e+02 1.146136e-17 1.146136e-17
1.173777e+02 1.045110e-17 1.045110e-17
1.174777e+02 8.979671e-18 8.979671e-18
1.175777e+02 7.508243e-18 7.508243e-18
1.176777e+02 6.036814e-18 6.036814e-18
1.177777e+02 5.040847e-18 5.040847e-18
1.178777e+02 4.623655e-18 4.623655e-18
1.179777e+02 4.206463e-18 4.206463e-18
1.180777e+02 3.789271e-18 3.789271e-18
1.181777e+02 3.389252e-18 3.389252e-18
1.182777e+02 5.425205e-18 5.425205e-18
1.183777e+02 7.461159e-18 7.461159e-18
1.184777e+02 9.497112e-18 9.497112e-18
1.185777e+02 1.153307e-17 1.153307e-17
1.186777e+02 1.164205e-17 1.164205e-17
1.187777e+02 1.003533e-17 1.003533e-17
1.188777e+02 8.428617e-18 8.428617e-18
1.189777e+02 6.821901e-18 6.821901e-18
1.190777e+02 5.258722e-18 5.258722e-18
1.191777e+02 6.212968e-18 6.212968e-18
1.192777e+02 7.167213e-18 7.167213e-18
1.193777e+02 8.121459e-18 8.121459e-18
1.194777e+02 9.075704e-18 9.075704e-18
1.195777e+02 1.046374e-17 1.046374e-17
1.196777e+02 1.233899e-17 1.233899e-17
1.197777e+02 1.421423e-17 1.421423e-17
1.198777e+02 1.608948e-17 1.608948e-17
1.199777e+02 1.796472e-17 1.796472e-17
1.200777e+02 1.679927e-17 1.679927e-17
1.201777e+02 1.525800e-17 1.525800e-17
1.202777e+02 1.371673e-17 1.371673e-17
1.203777e+02 1.217546e-17 1.217546e-17
1.204777e+02 1.652257e-17 1.652257e-17
1.205777e+02 3.647173e-17 3.647173e-17
1.206777e+02 5.642089e-17 5.642089e-17
1.207777e+02 7.637006e-17 7.637006e-17
1.208777e+02 9.631922e-17 9.631922e-17
1.209777e+02 1.415283e-16 1.415283e-16
1.210777e+02 2.020882e-16 2.020882e-16
1.211777e+02 2.626482e-16 2.626482e-16
1.212777e+02 3.232081e-16 3.232081e-16
1.213777e+02 3.837680e-16 3.837680e-16
1.214777e+02 3.158033e-16 3.158033e-16
1.215777e+02 2.387565e-16 2.387565e-16
1.216777e+02 1.617097e-16 1.617097e-16
1.217777e+02 8.466296e-17 8.466296e-17
1.218777e+02 2.450659e-17 2.450659e-17
1.219777e+02 2.789033e-17 2.789033e-17
1.220777e+02 3.127407e-17 3.127407e-17
1.221777e+02 3.465781e-17 3.465781e-17
1.222777e+02 3.804156e-17 3.804156e-17
1.223777e+02 3.686157e-17 3.686157e-17
1.224777e+02 3.008109e-17 3.008109e-17
1.225777e+02 2.330062e-17 2.330062e-17
1.226777e+02 1.652014e-17 1.652014e-17
1.227777e+02 9.739666e-18 9.739666e-18
1.228777e+02 2.120098e-17 2.120098e-17
1.229777e+02 4.248478e-17 4.248478e-17
1.230777e+02 6.376859e-17 6.376859e-17
1.231777e+02 8.505240e-17 8.505240e-17
1.232777e+02 1.063362e-16 1.063362e-16
1.233777e+02 9.703982e-17 9.703982e-17
1.234777e+02 8.075582e-17 8.075582e-17
1.235777e+02 6.447182e-17 6.447182e-17
1.236777e+02 4.818782e-17 4.818782e-17
1.237777e+02 3.190382e-17 3.190382e-17
1.238777e+02 3.540950e-17 3.540950e-17
1.239777e+02 4.020077e-17 4.020077e-17
1.240777e+02 4.499204e-17 4.499204e-17
1.241777e+02 4.978330e-17 4.978330e-17
1.242777e+02 5.422415e-17 5.422415e-17
1.243777e+02 4.553760e-17 4.553760e-17
1.244777e+02 3.685104e-17 3.685104e-17
1.245777e+02 2.816449e-17 2.816449e-17
1.246777e+02 1.947794e-17 1.947794e-17
1.247777e+02 1.155790e-17 1.155790e-17
1.248777e+02 1.337160e-17 1.337160e-17
1.249777e+02 1.518530e-17 1.518530e-17
1.250777e+02 1.699901e-17 1.699901e-17
1.251777e+02 1.881271e-17 1.881271e-17
1.252777e+02 2.848727e-17 2.848727e-17
1.253777e+02 1.273487e-16 1.273487e-16
1.254777e+02 2.262100e-16 2.262100e-16
1.255777e+02 3.250714e-16 3.250714e-16
1.256777e+02 4.239328e-16 4.239328e-16
1.257777e+02 5.132699e-16 5.132699e-16
1.258777e+02 4.177578e-16 4.177578e-16
1.259777e+02 3.222457e-16 3.222457e-16
1.260777e+02 2.267335e-16 2.267335e-16
1.261777e+02 1.312214e-16 1.312214e-16
1.262777e+02 3.570929e-17 3.570929e-17
1.263777e+02 2.857240e-17 2.857240e-17
1.264777e+02 2.360868e-17 2.360868e-17
1.265777e+02 1.864495e-17 1.864495e-17
1.266777e+02 1.368122e-17 1.368122e-17
1.267777e+02 8.717494e-18 8.717494e-18
1.268777e+02 1.022328e-17 1.022328e-17
1.269777e+02 1.276478e-17 1.276478e-17
1.270777e+02 1.530629e-17 1.530629e-17
1.271777e+02 1.784779e-17 1.784779e-17
1.272777e+02 2.038930e-17 2.038930e-17
1.273777e+02 2.248174e-17 2.248174e-17
1.274777e+02 2.438719e-17 2.438719e-17
1.275777e+02 2.629263e-17 2.629263e-17
1.276777e+02 2.819808e-17 2.819808e-17
1.277777e+02 3.010352e-17 3.010352e-17
1.278777e+02 2.865422e-17 2.865422e-17
1.279777e+02 2.395585e-17 2.395585e-17
1.280777e+02 1.925747e-17 1.925747e-17
1.281777e+02 1.455909e-17 1.455909e-17
1.282777e+02 9.860713e-18 9.860713e-18
1.283777e+02 6.631974e-18 6.631974e-18
1.284777e+02 7.417323e-18 7.417323e-18
1.285777e+02 8.202672e-18 8.202672e-18
1.286777e+02 8.988021e-18 8.988021e-18
1.287777e+02 9.773371e-18 9.773371e-18
1.288777e+02 1.055872e-17 1.055872e-17
1.289777e+02 9.702639e-18 9.702639e-18
1.290777e+02 8.821561e-18 8.821561e-18
1.291777e+02 7.940484e-18 7.940484e-18
1.292777e+02 7.059406e-18 7.059406e-18
1.293777e+02 6.178329e-18 6.178329e-18
1.294777e+02 6.931980e-18 6.931980e-18
1.295777e+02 8.535294e-18 8.535294e-18
1.296777e+02 1.013861e-17 1.013861e-17
1.297777e+02 1.174192e-17 1.174192e-17
1.298777e+02 1.334523e-17 1.334523e-17
1.299777e+02 1.464137e-17 1.464137e-17
1.300777e+02 1.517063e-17 1.517063e-17
1.301777e+02 1.569990e-17 1.569990e-17
1.302777e+02 1.622917e-17 1.622917e-17
1.303777e+02 1.675843e-17 1.675843e-17
1.304777e+02 1.728770e-17 1.728770e-17
1.305777e+02 1.659157e-17 1.659157e-17
1.306777e+02 1.571233e-17 1.571233e-17
1.307777e+02 1.483310e-17 1.483310e-17
1.308777e+02 1.395386e-17 1.395386e-17
1.309777e+02 1.307463e-17 1.307463e-17
1.310777e+02 1.237556e-17 1.237556e-17
1.311777e+02 1.193684e-17 1.193684e-17
1.312777e+02 1.149811e-17 1.149811e-17
1.313777e+02 1.105938e-17 1.105938e-17
1.314777e+02 1.062066e-17 1.062066e-17
1.315777e+02 1.018193e-17 1.018193e-17
1.316777e+02 9.843521e-18 9.843521e-18
1.317777e+02 9.516130e-18 9.516130e-18
1.318777e+02 9.188740e-18 9.188740e-18
1.319777e+02 8.861349e-18 8.861349e-18
1.320777e+02 8.533959e-18 8.533959e-18
1.321777e+02 8.936443e-18 8.936443e-18
1.322777e+02 1.070640e-17 1.070640e-17
1.323777e+02 1.247635e-17 1.247635e-17
1.324777e+02 1.424630e-17 1.424630e-17
1.325777e+02 1.601625e-17 1.601625e-17
1.326777e+02 1.778620e-17 1.778620e-17
1.327777e+02 1.869458e-17 1.869458e-17
1.328777e+02 1.931115e-17 1.931115e-17
1.329777e+02 1.992772e-17 1.992772e-17
1.330777e+02 2.054429e-17 2.054429e-17
1.331777e+02 2.116085e-17 2.116085e-17
1.332777e+02 2.166792e-17 2.166792e-17
1.333777e+02 2.116713e-17 2.116713e-17
1.334777e+02 2.066634e-17 2.066634e-17
1.335777e+02 2.016555e-17 2.016555e-17
1.336777e+02 1.966476e-17 1.966476e-17
1.337777e+02 1.916397e-17 1.916397e-17
1.338777e+02 1.923237e-17 1.923237e-17
1.339777e+02 2.015101e-17 2.015101e-17
1.340777e+02 2.106965e-17 2.106965e-17
1.341777e+02 2.198829e-17 2.198829e-17
1.342777e+02 2.290693e-17 2.290693e-17
1.343777e+02 2.382557e-17 2.382557e-17
1.344777e+02 2.359979e-17 2.359979e-17
1.345777e+02 2.277123e-17 2.277123e-17
1.346777e+02 2.194268e-17 2.194268e-17
1.347777e+02 2.111412e-17 2.111412e-17
1.348777e+02 2.028556e-17 2.028556e-17
1.349777e+02 1.945700e-17 1.945700e-17
1.350777e+02 1.895241e-17 1.895241e-17
1.351777e+02 1.850056e-17 1.850056e-17
1.352777e+02 1.804872e-17 1.804872e-17
1.353777e+02 1.759687e-17 1.759687e-17
1.354777e+02 1.714502e-17 1.714502e-17
1.355777e+02 1.670112e-17 1.670112e-17
1.356777e+02 1.681714e-17 1.681714e-17
1.357777e+02 1.693315e-17 1.693315e-17
1.358777e+02 1.704916e-17 1.704916e-17
1.359777e+02 1.716517e-17 1.716517e-17
1.360777e+02 1.728118e-17 1.728118e-17
1.361777e+02 1.795191e-17 1.795191e-17
1.362777e+02 2.276890e-17 2.276890e-17
1.363777e+02 2.758590e-17 2.758590e-17
1.364777e+02 3.240290e-17 3.240290e-17
1.365777e+02 3.721989e-17 3.721989e-17
1.366777e+02 4.203689e-17 4.203689e-17
1.367777e+02 4.595009e-17 4.595009e-17
1.368777e+02 4.545059e-17 4.545059e-17
1.369777e+02 4.495109e-17 4.495109e-17
1.370777e+02 4.445159e-17 4.445159e-17
1.371777e+02 4.395209e-17 4.395209e-17
1.372777e+02 4.345259e-17 4.345259e-17
1.373777e+02 4.262700e-17 4.262700e-17
1.374777e+02 4.020936e-17 4.020936e-17
1.375777e+02 3.779171e-17 3.779171e-17
1.376777e+02 3.537407e-17 3.537407e-17
1.377777e+02 3.295642e-17 3.295642e-17
1.378777e+02 3.053878e-17 3.053878e-17
1.379777e+02 2.835528e-17 2.835528e-17
1.380777e+02 2.793889e-17 2.793889e-17
1.381777e+02 2.752249e-17 2.752249e-17
1.382777e+02 2.710610e-17 2.710610e-17
1.383777e+02 2.668971e-17 2.668971e-17
1.384777e+02 2.627331e-17 2.627331e-17
1.385777e+02 2.594918e-17 2.594918e-17
1.386777e+02 3.392004e-17 3.392004e-17
1.387777e+02 4.189091e-17 4.189091e-17
1.388777e+02 4.986177e-17 4.986177e-17
1.389777e+02 5.783264e-17 5.783264e-17
1.390777e+02 6.580351e-17 6.580351e-17
1.391777e+02 7.377437e-17 7.377437e-17
1.392777e+02 6.839132e-17 6.839132e-17
1.393777e+02 6.065170e-17 6.065170e-17
1.394777e+02 5.291207e-17 5.291207e-17
1.395777e+02 4.517245e-17 4.517245e-17
1.396777e+02 3.743283e-17 3.743283e-17
1.397777e+02 2.969320e-17 2.969320e-17
1.398777e+02 2.873051e-17 2.873051e-17
1.399777e+02 3.168004e-17 3.168004e-17
1.400777e+02 3.462958e-17 3.462958e-17
1.401777e+02 3.757912e-17 3.757912e-17
1.402777e+02 4.052866e-17 4.052866e-17
1.403777e+02 4.347819e-17 4.347819e-17
1.404777e+02 4.406385e-17 4.406385e-17
1.405777e+02 4.048334e-17 4.048334e-17
1.406777e+02 3.690282e-17 3.690282e-17
1.407777e+02 3.332231e-17 3.332231e-17
1.408777e+02 2.974179e-17 2.974179e-17
1.409777e+02 2.616128e-17 2.616128e-17
1.410777e+02 2.281162e-17 2.281162e-17
1.411777e+02 2.602118e-17 2.602118e-17
1.412777e+02 2.923073e-17 2.923073e-17
1.413777e+02 3.244029e-17 3.244029e-17
1.414777e+02 3.564984e-17 3.564984e-17
1.415777e+02 3.885939e-17 3.885939e-17
1.416777e+02 4.206895e-17 4.206895e-17
1.417777e+02 4.461451e-17 4.461451e-17
1.418777e+02 4.680096e-17 4.680096e-17
1.419777e+02 4.898741e-17 4.898741e-17
1.420777e+02 5.117387e-17 5.117387e-17
1.421777e+02 5.336032e-17 5.336032e-17
1.422777e+02 5.554677e-17 5.554677e-17
1.423777e+02 6.194290e-17 6.194290e-17
1.424777e+02 8.466437e-17 8.466437e-17
1.425777e+02 1.073858e-16 1.073858e-16
1.426777e+02 1.301073e-16 1.301073e-16
1.427777e+02 1.528288e-16 1.528288e-16
1.428777e+02 1.755503e-16 1.755503e-16
1.429777e+02 1.982717e-16 1.982717e-16
1.430777e+02 1.884408e-16 1.884408e-16
1.431777e+02 1.648573e-16 1.648573e-16
1.432777e+02 1.412738e-16 1.412738e-16
1.433777e+02 1.176903e-16 1.176903e-16
1.434777e+02 9.410675e-17 9.410675e-17
1.435777e+02 7.052324e-17 7.052324e-17
1.436777e+02 4.988466e-17 4.988466e-17
1.437777e+02 4.718725e-17 4.718725e-17
1.438777e+02 4.448983e-17 4.448983e-17
1.439777e+02 4.179241e-17 4.179241e-17
1.440777e+02 3.909499e-17 3.909499e-17
1.441777e+02 3.639757e-17 3.639757e-17
1.442777e+02 3.370016e-17 3.370016e-17
1.443777e+02 3.247079e-17 3.247079e-17
1.444777e+02 3.260746e-17 3.260746e-17
1.445777e+02 3.274413e-17 3.274413e-17
1.446777e+02 3.288080e-17 3.288080e-17
1.447777e+02 3.301747e-17 3.301747e-17
1.448777e+02 3.315414e-17 3.315414e-17
1.449777e+02 3.329081e-17 3.329081e-17
1.450777e+02 3.312045e-17 3.312045e-17
1.451777e+02 3.288898e-17 3.288898e-17
1.452777e+02 3.265751e-17 3.265751e-17
1.453777e+02 3.242604e-17 3.242604e-17
1.454777e+02 3.219457e-17 3.219457e-17
1.455777e+02 3.196310e-17 3.196310e-17
1.456777e+02 3.170419e-17 3.170419e-17
1.457777e+02 3.116094e-17 3.116094e-17
1.458777e+02 3.061769e-17 3.061769e-17
1.459777e+02 3.007444e-17 3.007444e-17
1.460777e+02 2.953119e-17 2.953119e-17
1.461777e+02 2.898794e-17 2.898794e-17
1.462777e+02 2.844468e-17 2.844468e-17
1.463777e+02 2.808095e-17 2.808095e-17
1.464777e+02 2.818112e-17 2.818112e-17
1.465777e+02 2.828130e-17 2.828130e-17
1.466777e+02 2.838147e-17 2.838147e-17
1.467777e+02 2.848165e-17 2.848165e-17
1.468777e+02 2.858182e-17 2.858182e-17
1.469777e+02 2.868200e-17 2.868200e-17
1.470777e+02 2.831806e-17 2.831806e-17
1.471777e+02 2.727511e-17 2.727511e-17
1.472777e+02 2.623216e-17 2.623216e-17
1.473777e+02 2.518921e-17 2.518921e-17
1.474777e+02 2.414625e-17 2.414625e-17
1.475777e+02 2.310330e-17 2.310330e-17
1.476777e+02 2.206035e-17 2.206035e-17
1.477777e+02 2.130735e-17 2.130735e-17
1.478777e+02 2.088395e-17 2.088395e-17
1.479777e+02 2.046055e-17 2.046055e-17
1.480777e+02 2.003715e-17 2.003715e-17
1.481777e+02 1.961374e-17 1.961374e-17
1.482777e+02 1.919034e-17 1.919034e-17
1.483777e+02 1.876694e-17 1.876694e-17
1.484777e+02 1.975470e-17 1.975470e-17
1.485777e+02 2.237259e-17 2.237259e-17
1.486777e+02 2.499049e-17 2.499049e-17
1.487777e+02 2.760838e-17 2.760838e-17
1.488777e+02 3.022627e-17 3.022627e-17
1.489777e+02 3.284416e-17 3.284416e-17
1.490777e+02 3.546206e-17 3.546206e-17
1.491777e+02 3.610288e-17 3.610288e-17
1.492777e+02 3.370284e-17 3.370284e-17
1.493777e+02 3.130280e-17 3.130280e-17
1.494777e+02 2.890276e-17 2.890276e-17
1.495777e+02 2.650272e-17 2.650272e-17
1.496777e+02 2.410267e-17 2.410267e-17
1.497777e+02 2.170263e-17 2.170263e-17
1.498777e+02 1.958468e-17 1.958468e-17
1.499777e+02 1.828657e-17 1.828657e-17
1.500777e+02 1.698846e-17 1.698846e-17
1.501777e+02 1.569034e-17 1.569034e-17
1.502777e+02 1.439223e-17 1.439223e-17
1.503777e+02 1.309412e-17 1.309412e-17
1.504777e+02 1.179601e-17 1.179601e-17
1.505777e+02 1.073034e-17 1.073034e-17
1.506777e+02 1.417599e-17 1.417599e-17
1.507777e+02 1.762164e-17 1.762164e-17
1.508777e+02 2.106729e-17 2.106729e-17
1.509777e+02 2.451294e-17 2.451294e-17
1.510777e+02 2.795859e-17 2.795859e-17
1.511777e+02 3.140424e-17 3.140424e-17
1.512777e+02 3.484989e-17 3.484989e-17
1.513777e+02 3.375972e-17 3.375972e-17
1.514777e+02 3.132995e-17 3.132995e-17
1.515777e+02 2.890019e-17 2.890019e-17
1.516777e+02 2.647042e-17 2.647042e-17
1.517777e+02 2.404065e-17 2.404065e-17
1.518777e+02 2.161088e-17 2.161088e-17
1.519777e+02 1.918112e-17 1.918112e-17
1.520777e+02 1.738315e-17 1.738315e-17
1.521777e+02 1.643996e-17 1.643996e-17
1.522777e+02 1.549677e-17 1.549677e-17
1.523777e+02 1.455359e-17 1.455359e-17
1.524777e+02 1.361040e-17 1.361040e-17
1.525777e+02 1.266721e-17 1.266721e-17
1.526777e+02 1.172403e-17 1.172403e-17
1.527777e+02 1.080282e-17 1.080282e-17
1.528777e+02 1.352349e-17 1.352349e-17
1.529777e+02 1.624415e-17 1.624415e-17
1.530777e+02 1.896482e-17 1.896482e-17
1.531777e+02 2.168548e-17 2.168548e-17
1.532777e+02 2.440615e-17 2.440615e-17
1.533777e+02 2.712681e-17 2.712681e-17
1.534777e+02 2.984748e-17 2.984748e-17
1.535777e+02 3.000549e-17 3.000549e-17
1.536777e+02 2.775014e-17 2.775014e-17
1.537777e+02 2.549479e-17 2.549479e-17
1.538777e+02 2.323943e-17 2.323943e-17
1.539777e+02 2.098408e-17 2.098408e-17
1.540777e+02 1.872873e-17 1.872873e-17
1.541777e+02 1.647338e-17 1.647338e-17
1.542777e+02 1.421802e-17 1.421802e-17
1.543777e+02 1.412927e-17 1.412927e-17
1.544777e+02 1.415695e-17 1.415695e-17
1.545777e+02 1.418464e-17 1.418464e-17
1.546777e+02 1.421232e-17 1.421232e-17
1.547777e+02 1.424000e-17 1.424000e-17
1.548777e+02 1.426769e-17 1.426769e-17
1.549777e+02 1.429537e-17 1.429537e-17
1.550777e+02 1.440063e-17 1.440063e-17
1.551777e+02 1.467936e-17 1.467936e-17
1.552777e+02 1.495810e-17 1.495810e-17
1.553777e+02 1.523683e-17 1.523683e-17
1.554777e+02 1.551557e-17 1.551557e-17
1.555777e+02 1.579431e-17 1.579431e-17
1.556777e+02 1.607304e-17 1.607304e-17
1.557777e+02 1.635178e-17 1.635178e-17
1.558777e+02 1.673419e-17 1.673419e-17
1.559777e+02 1.718806e-17 1.718806e-17
1.560777e+02 1.764193e-17 1.764193e-17
1.561777e+02 1.809580e-17 1.809580e-17
1.562777e+02 1.854967e-17 1.854967e-17
1.563777e+02 1.900353e-17 1.900353e-17
1.564777e+02 1.945740e-17 1.945740e-17
1.565777e+02 1.991127e-17 1.991127e-17
1.566777e+02 1.932560e-17 1.932560e-17
1.567777e+02 1.847842e-17 1.847842e-17
1.568777e+02 1.763124e-17 1.763124e-17
1.569777e+02 1.678406e-17 1.678406e-17
1.570777e+02 1.593688e-17 1.593688e-17
1.571777e+02 1.508970e-17 1.508970e-17
1.572777e+02 1.424252e-17 1.424252e-17
1.573777e+02 1.339534e-17 1.339534e-17
1.574777e+02 1.322334e-17 1.322334e-17
1.575777e+02 1.310450e-17 1.310450e-17
1.576777e+02 1.298566e-17 1.298566e-17
1.577777e+02 1.286682e-17 1.286682e-17
1.578777e+02 1.274799e-17 1.274799e-17
1.579777e+02 1.262915e-17 1.262915e-17
1.580777e+02 1.251031e-17 1.251031e-17
1.581777e+02 1.239147e-17 1.239147e-17
1.582777e+02 1.301396e-17 1.301396e-17
1.583777e+02 1.365546e-17 1.365546e-17
1.584777e+02 1.429695e-17 1.429695e-17
1.585777e+02 1.493845e-17 1.493845e-17
1.586777e+02 1.557995e-17 1.557995e-17
1.587777e+02 1.622144e-17 1.622144e-17
1.588777e+02 1.686294e-17 1.686294e-17
1.589777e+02 1.750443e-17 1.750443e-17
1.590777e+02 1.686792e-17 1.686792e-17
1.591777e+02 1.615415e-17 1.615415e-17
1.592777e+02 1.544039e-17 1.544039e-17
1.593777e+02 1.472662e-17 1.472662e-17
1.594777e+02 1.401285e-17 1.401285e-17
1.595777e+02 1.329909e-17 1.329909e-17
1.596777e+02 1.258532e-17 1.258532e-17
1.597777e+02 1.187155e-17 1.187155e-17
1.598777e+02 1.164029e-17 1.164029e-17
1.599777e+02 1.150855e-17 1.150855e-17
1.600777e+02 1.137681e-17 1.137681e-17
1.601777e+02 1.124507e-17 1.124507e-17
1.602777e+02 1.111333e-17 1.111333e-17
1.603777e+02 1.098159e-17 1.098159e-17
1.604777e+02 1.084985e-17 1.084985e-17
1.605777e+02 1.071811e-17 1.071811e-17
1.606777e+02 1.080664e-17 1.080664e-17
1.607777e+02 1.102398e-17 1.102398e-17
1.608777e+02 1.124132e-17 1.124132e-17
1.609777e+02 1.145866e-17 1.145866e-17
1.610777e+02 1.167600e-17 1.167600e-17
1.611777e+02 1.189333e-17 1.189333e-17
1.612777e+02 1.211067e-17 1.211067e-17
1.613777e+02 1.232801e-17 1.232801e-17
1.614777e+02 1.237078e-17 1.237078e-17
1.615777e+02 1.208792e-17 1.208792e-17
1.616777e+02 1.180505e-17 1.180505e-17
1.617777e+02 1.152219e-17 1.152219e-17
1.618777e+02 1.123933e-17 1.123933e-17
1.619777e+02 1.095646e-17 1.095646e-17
1.620777e+02 1.067360e-17 1.067360e-17
1.621777e+02 1.039074e-17 1.039074e-17
1.622777e+02 1.010787e-17 1.010787e-17
1.623777e+02 9.947431e-18 9.947431e-18
1.624777e+02 9.789359e-18 9.789359e-18
1.625777e+02 9.631287e-18 9.631287e-18
1.626777e+02 9.473215e-18 9.473215e-18
1.627777e+02 9.315143e-18 9.315143e-18
1.628777e+02 9.157070e-18 9.157070e-18
1.629777e+02 8.998998e-18 8.998998e-18
1.630777e+02 8.840926e-18 8.840926e-18
1.631777e+02 8.695633e-18 8.695633e-18
1.632777e+02 8.561855e-18 8.561855e-18
1.633777e+02 8.428077e-18 8.428077e-18
1.634777e+02 8.294298e-18 8.294298e-18
1.635777e+02 8.160520e-18 8.160520e-18
1.636777e+02 8.026742e-18 8.026742e-18
1.637777e+02 7.892964e-18 7.892964e-18
1.638777e+02 7.759186e-18 7.759186e-18
1.639777e+02 7.625408e-18 7.625408e-18
1.640777e+02 7.671628e-18 7.671628e-18
1.641777e+02 7.721147e-18 7.721147e-18
1.642777e+02 7.770667e-18 7.770667e-18
1.643777e+02 7.820186e-18 7.820186e-18
1.644777e+02 7.869705e-18 7.869705e-18
1.645777e+02 7.919224e-18 7.919224e-18
1.646777e+02 7.968744e-18 7.968744e-18
1.647777e+02 8.018263e-18 8.018263e-18
1.648777e+02 7.969140e-18 7.969140e-18
1.649777e+02 7.736017e-18 7.736017e-18
1.650777e+02 7.502894e-18 7.502894e-18
1.651777e+02 7.269770e-18 7.269770e-18
1.652777e+02 7.036647e-18 7.036647e-18
1.653777e+02 6.803524e-18 6.803524e-18
1.654777e+02 6.570401e-18 6.570401e-18
1.655777e+02 6.337278e-18 6.337278e-18
1.656777e+02 6.104154e-18 6.104154e-18
1.657777e+02 5.959818e-18 5.959818e-18
1.658777e+02 5.868981e-18 5.868981e-18
1.659777e+02 5.778144e-18 5.778144e-18
1.660777e+02 5.687307e-18 5.687307e-18
1.661777e+02 5.596470e-18 5.596470e-18
1.662777e+02 5.505633e-18 5.505633e-18
1.663777e+02 5.414796e-18 5.414796e-18
1.664777e+02 5.323959e-18 5.323959e-18
1.665777e+02 5.233122e-18 5.233122e-18
1.666777e+02 5.179279e-18 5.179279e-18
1.667777e+02 5.134339e-18 5.134339e-18
1.668777e+02 5.089400e-18 5.089400e-18
1.669777e+02 5.044461e-18 5.044461e-18
1.670777e+02 4.999521e-18 4.999521e-18
1.671777e+02 4.954582e-18 4.954582e-18
1.672777e+02 4.909642e-18 4.909642e-18
1.673777e+02 4.864703e-18 4.864703e-18
1.674777e+02 4.819764e-18 4.819764e-18
1.675777e+02 4.720097e-18 4.720097e-18
1.676777e+02 4.613941e-18 4.613941e-18
1.677777e+02 4.507786e-18 4.507786e-18
1.678777e+02 4.401630e-18 4.401630e-18
1.679777e+02 4.295474e-18 4.295474e-18
1.680777e+02 4.189319e-18 4.189319e-18
1.681777e+02 4.083163e-18 4.083163e-18
1.682777e+02 3.977007e-18 3.977007e-18
1.683777e+02 3.870852e-18 3.870852e-18
1.684777e+02 3.802443e-18 3.802443e-18
1.685777e+02 3.738892e-18 3.738892e-18
1.686777e+02 3.675340e-18 3.675340e-18
1.687777e+02 3.611789e-18 3.611789e-18
1.688777e+02 3.548237e-18 3.548237e-18
1.689777e+02 3.484686e-18 3.484686e-18
1.690777e+02 3.421134e-18 3.421134e-18
1.691777e+02 3.357583e-18 3.357583e-18
1.692777e+02 3.294031e-18 3.294031e-18
1.693777e+02 3.247292e-18 3.247292e-18
1.694777e+02 3.205293e-18 3.205293e-18
1.695777e+02 3.163295e-18 3.163295e-18
1.696777e+02 3.121297e-18 3.121297e-18
1.697777e+02 3.079299e-18 3.079299e-18
1.698777e+02 3.037301e-18 3.037301e-18
1.699777e+02 2.995303e-18 2.995303e-18
1.700777e+02 2.953305e-18 2.953305e-18
1.701777e+02 2.911307e-18 2.911307e-18
1.702777e+02 2.856901e-18 2.856901e-18
1.703777e+02 2.793362e-18 2.793362e-18
1.704777e+02 2.729822e-18 2.729822e-18
1.705777e+02 2.666282e-18 2.666282e-18
1.706777e+02 2.602743e-18 2.602743e-18
1.707777e+02 2.539203e-18 2.539203e-18
1.708777e+02 2.475663e-18 2.475663e-18
1.709777e+02 2.412124e-18 2.412124e-18
1.710777e+02 2.348584e-18 2.348584e-18
1.711777e+02 2.293159e-18 2.293159e-18
1.712777e+02 2.259673e-18 2.259673e-18
1.713777e+02 2.226187e-18 2.226187e-18
1.714777e+02 2.192702e-18 2.192702e-18
1.715777e+02 2.159216e-18 2.159216e-18
1.716777e+02 2.125730e-18 2.125730e-18
1.717777e+02 2.092245e-18 2.092245e-18
1.718777e+02 2.058759e-18 2.058759e-18
1.719777e+02 2.025273e-18 2.025273e-18
1.720777e+02 1.991788e-18 1.991788e-18
1.721777e+02 1.958702e-18 1.958702e-18
1.722777e+02 1.925681e-18 1.925681e-18
1.723777e+02 1.892660e-18 1.892660e-18
1.724777e+02 1.859638e-18 1.859638e-18
1.725777e+02 1.826617e-18 1.826617e-18
1.726777e+02 1.793595e-18 1.793595e-18
1.727777e+02 1.760574e-18 1.760574e-18
1.728777e+02 1.727552e-18 1.727552e-18
1.729777e+02 1.694531e-18 1.694531e-18
1.730777e+02 1.659255e-18 1.659255e-18
1.731777e+02 1.619809e-18 1.619809e-18
1.732777e+02 1.580363e-18 1.580363e-18
1.733777e+02 1.540917e-18 1.540917e-18
1.734777e+02 1.501471e-18 1.501471e-18
1.735777e+02 1.462026e-18 1.462026e-18
1.736777e+02 1.422580e-18 1.422580e-18
1.737777e+02 1.383134e-18 1.383134e-18
1.738777e+02 1.343688e-18 1.343688e-18
1.739777e+02 1.304243e-18 1.304243e-18
1.740777e+02 1.281250e-18 1.281250e-18
1.741777e+02 1.264220e-18 1.264220e-18
1.742777e+02 1.247190e-18 1.247190e-18
1.743777e+02 1.230160e-18 1.230160e-18
1.744777e+02 1.213130e-18 1.213130e-18
1.745777e+02 1.196100e-18 1.196100e-18
1.746777e+02 1.179070e-18 1.179070e-18
1.747777e+02 1.162040e-18 1.162040e-18
1.748777e+02 1.145010e-18 1.145010e-18
1.749777e+02 1.127924e-18 1.127924e-18
1.750777e+02 1.105365e-18 1.105365e-18
1.751777e+02 1.082805e-18 1.082805e-18
1.752777e+02 1.060246e-18 1.060246e-18
1.753777e+02 1.037686e-18 1.037686e-18
1.754777e+02 1.015127e-18 1.015127e-18
1.755777e+02 9.925675e-19 9.925675e-19
1.756777e+02 9.700080e-19 9.700080e-19
1.757777e+02 9.474485e-19 9.474485e-19
1.758777e+02 9.248890e-19 9.248890e-19
