# Cross sections for l-C3H2
# From the Leiden database for photodissociation and photoionization of astrophysically relevant molecules, http://home.strw.leidenuniv.nl/~ewine/photo/
# Converted from earlier Leiden database cross sections by Alan Heays 2016-02-24
# Photodissociation source: l-C3H2 van Hemert & van Dishoeck 2007
# Lines represented with gaussian of width 1.0 nm FWHM
# wavelength: (nm)
# photoabsorption:    cross section (cm2)
# photodissociation:  cross section (cm2)
# This version has been resampled to a uniform 0.1nm grid while maintaining a constant integrated cross section (using trapezoidal integration).
# wavelength photoabsorption photodissociation
9.120000e+01 5.000000e-20 5.000000e-20
9.130000e+01 5.000000e-20 5.000000e-20
9.140000e+01 5.000000e-20 5.000000e-20
9.150000e+01 5.000000e-20 5.000000e-20
9.160000e+01 5.000000e-20 5.000000e-20
9.170000e+01 5.000000e-20 5.000000e-20
9.180000e+01 5.000000e-20 5.000000e-20
9.190000e+01 5.000000e-20 5.000000e-20
9.200000e+01 5.000000e-20 5.000000e-20
9.210000e+01 5.000000e-20 5.000000e-20
9.220000e+01 5.000000e-20 5.000000e-20
9.230000e+01 5.000000e-20 5.000000e-20
9.240000e+01 5.000000e-20 5.000000e-20
9.250000e+01 5.000000e-20 5.000000e-20
9.260000e+01 5.000000e-20 5.000000e-20
9.270000e+01 5.000000e-20 5.000000e-20
9.280000e+01 5.000000e-20 5.000000e-20
9.290000e+01 5.000000e-20 5.000000e-20
9.300000e+01 5.000000e-20 5.000000e-20
9.310000e+01 5.000000e-20 5.000000e-20
9.320000e+01 5.000000e-20 5.000000e-20
9.330000e+01 5.000000e-20 5.000000e-20
9.340000e+01 5.000000e-20 5.000000e-20
9.350000e+01 5.000000e-20 5.000000e-20
9.360000e+01 5.000000e-20 5.000000e-20
9.370000e+01 5.000000e-20 5.000000e-20
9.380000e+01 5.000000e-20 5.000000e-20
9.390000e+01 5.000000e-20 5.000000e-20
9.400000e+01 5.000000e-20 5.000000e-20
9.410000e+01 5.000000e-20 5.000000e-20
9.420000e+01 5.000000e-20 5.000000e-20
9.430000e+01 5.000000e-20 5.000000e-20
9.440000e+01 5.000000e-20 5.000000e-20
9.450000e+01 5.000000e-20 5.000000e-20
9.460000e+01 5.000000e-20 5.000000e-20
9.470000e+01 5.000000e-20 5.000000e-20
9.480000e+01 5.000000e-20 5.000000e-20
9.490000e+01 5.000000e-20 5.000000e-20
9.500000e+01 5.000000e-20 5.000000e-20
9.510000e+01 5.000000e-20 5.000000e-20
9.520000e+01 5.000000e-20 5.000000e-20
9.530000e+01 5.000000e-20 5.000000e-20
9.540000e+01 5.000000e-20 5.000000e-20
9.550000e+01 5.000000e-20 5.000000e-20
9.560000e+01 5.000000e-20 5.000000e-20
9.570000e+01 5.000000e-20 5.000000e-20
9.580000e+01 5.000000e-20 5.000000e-20
9.590000e+01 5.000000e-20 5.000000e-20
9.600000e+01 5.000000e-20 5.000000e-20
9.610000e+01 5.000000e-20 5.000000e-20
9.620000e+01 5.000000e-20 5.000000e-20
9.630000e+01 5.000000e-20 5.000000e-20
9.640000e+01 5.000000e-20 5.000000e-20
9.650000e+01 5.000000e-20 5.000000e-20
9.660000e+01 5.000000e-20 5.000000e-20
9.670000e+01 5.000000e-20 5.000000e-20
9.680000e+01 5.000000e-20 5.000000e-20
9.690000e+01 5.000000e-20 5.000000e-20
9.700000e+01 5.000000e-20 5.000000e-20
9.710000e+01 5.000000e-20 5.000000e-20
9.720000e+01 5.000000e-20 5.000000e-20
9.730000e+01 5.000000e-20 5.000000e-20
9.740000e+01 5.000000e-20 5.000000e-20
9.750000e+01 5.000000e-20 5.000000e-20
9.760000e+01 5.000000e-20 5.000000e-20
9.770000e+01 5.000000e-20 5.000000e-20
9.780000e+01 5.000000e-20 5.000000e-20
9.790000e+01 5.000000e-20 5.000000e-20
9.800000e+01 5.000000e-20 5.000000e-20
9.810000e+01 5.000000e-20 5.000000e-20
9.820000e+01 5.000000e-20 5.000000e-20
9.830000e+01 5.000000e-20 5.000000e-20
9.840000e+01 5.000000e-20 5.000000e-20
9.850000e+01 5.000000e-20 5.000000e-20
9.860000e+01 5.000000e-20 5.000000e-20
9.870000e+01 5.000000e-20 5.000000e-20
9.880000e+01 5.000000e-20 5.000000e-20
9.890000e+01 5.000000e-20 5.000000e-20
9.900000e+01 5.000000e-20 5.000000e-20
9.910000e+01 5.000000e-20 5.000000e-20
9.920000e+01 5.000000e-20 5.000000e-20
9.930000e+01 5.000000e-20 5.000000e-20
9.940000e+01 5.000000e-20 5.000000e-20
9.950000e+01 5.000000e-20 5.000000e-20
9.960000e+01 5.000000e-20 5.000000e-20
9.970000e+01 5.000000e-20 5.000000e-20
9.980000e+01 5.000000e-20 5.000000e-20
9.990000e+01 5.000000e-20 5.000000e-20
1.000000e+02 5.000000e-20 5.000000e-20
1.001000e+02 5.000000e-20 5.000000e-20
1.002000e+02 5.000000e-20 5.000000e-20
1.003000e+02 5.000000e-20 5.000000e-20
1.004000e+02 5.000000e-20 5.000000e-20
1.005000e+02 5.000000e-20 5.000000e-20
1.006000e+02 5.000000e-20 5.000000e-20
1.007000e+02 5.000000e-20 5.000000e-20
1.008000e+02 5.000000e-20 5.000000e-20
1.009000e+02 5.000000e-20 5.000000e-20
1.010000e+02 5.000000e-20 5.000000e-20
1.011000e+02 5.000000e-20 5.000000e-20
1.012000e+02 5.000000e-20 5.000000e-20
1.013000e+02 5.000000e-20 5.000000e-20
1.014000e+02 5.000000e-20 5.000000e-20
1.015000e+02 5.000000e-20 5.000000e-20
1.016000e+02 5.000000e-20 5.000000e-20
1.017000e+02 5.000000e-20 5.000000e-20
1.018000e+02 5.000000e-20 5.000000e-20
1.019000e+02 5.000000e-20 5.000000e-20
1.020000e+02 5.000000e-20 5.000000e-20
1.021000e+02 5.000000e-20 5.000000e-20
1.022000e+02 5.000000e-20 5.000000e-20
1.023000e+02 5.000000e-20 5.000000e-20
1.024000e+02 5.000000e-20 5.000000e-20
1.025000e+02 5.000000e-20 5.000000e-20
1.026000e+02 5.000000e-20 5.000000e-20
1.027000e+02 5.000000e-20 5.000000e-20
1.028000e+02 5.000000e-20 5.000000e-20
1.029000e+02 5.000000e-20 5.000000e-20
1.030000e+02 5.000000e-20 5.000000e-20
1.031000e+02 5.000000e-20 5.000000e-20
1.032000e+02 5.000000e-20 5.000000e-20
1.033000e+02 5.000000e-20 5.000000e-20
1.034000e+02 5.000000e-20 5.000000e-20
1.035000e+02 5.000000e-20 5.000000e-20
1.036000e+02 5.000000e-20 5.000000e-20
1.037000e+02 5.000000e-20 5.000000e-20
1.038000e+02 5.000000e-20 5.000000e-20
1.039000e+02 5.000000e-20 5.000000e-20
1.040000e+02 5.000000e-20 5.000000e-20
1.041000e+02 5.000000e-20 5.000000e-20
1.042000e+02 5.000000e-20 5.000000e-20
1.043000e+02 5.000000e-20 5.000000e-20
1.044000e+02 5.000000e-20 5.000000e-20
1.045000e+02 5.000000e-20 5.000000e-20
1.046000e+02 5.000000e-20 5.000000e-20
1.047000e+02 5.000000e-20 5.000000e-20
1.048000e+02 5.000000e-20 5.000000e-20
1.049000e+02 5.000000e-20 5.000000e-20
1.050000e+02 5.000000e-20 5.000000e-20
1.051000e+02 5.000000e-20 5.000000e-20
1.052000e+02 5.000000e-20 5.000000e-20
1.053000e+02 5.000000e-20 5.000000e-20
1.054000e+02 5.000000e-20 5.000000e-20
1.055000e+02 5.000000e-20 5.000000e-20
1.056000e+02 5.000000e-20 5.000000e-20
1.057000e+02 5.000000e-20 5.000000e-20
1.058000e+02 5.000000e-20 5.000000e-20
1.059000e+02 5.000000e-20 5.000000e-20
1.060000e+02 5.000000e-20 5.000000e-20
1.061000e+02 5.000000e-20 5.000000e-20
1.062000e+02 5.000000e-20 5.000000e-20
1.063000e+02 5.000000e-20 5.000000e-20
1.064000e+02 5.000000e-20 5.000000e-20
1.065000e+02 5.000000e-20 5.000000e-20
1.066000e+02 5.000000e-20 5.000000e-20
1.067000e+02 5.000000e-20 5.000000e-20
1.068000e+02 5.000000e-20 5.000000e-20
1.069000e+02 5.000000e-20 5.000000e-20
1.070000e+02 5.000000e-20 5.000000e-20
1.071000e+02 5.000000e-20 5.000000e-20
1.072000e+02 5.000000e-20 5.000000e-20
1.073000e+02 5.000000e-20 5.000000e-20
1.074000e+02 5.000000e-20 5.000000e-20
1.075000e+02 5.000000e-20 5.000000e-20
1.076000e+02 5.000000e-20 5.000000e-20
1.077000e+02 5.000000e-20 5.000000e-20
1.078000e+02 5.000000e-20 5.000000e-20
1.079000e+02 5.000000e-20 5.000000e-20
1.080000e+02 5.000000e-20 5.000000e-20
1.081000e+02 5.000000e-20 5.000000e-20
1.082000e+02 5.000000e-20 5.000000e-20
1.083000e+02 5.000000e-20 5.000000e-20
1.084000e+02 5.000000e-20 5.000000e-20
1.085000e+02 5.000000e-20 5.000000e-20
1.086000e+02 5.000000e-20 5.000000e-20
1.087000e+02 5.000000e-20 5.000000e-20
1.088000e+02 5.000000e-20 5.000000e-20
1.089000e+02 5.000000e-20 5.000000e-20
1.090000e+02 5.000000e-20 5.000000e-20
1.091000e+02 5.000000e-20 5.000000e-20
1.092000e+02 5.000000e-20 5.000000e-20
1.093000e+02 5.000000e-20 5.000000e-20
1.094000e+02 5.000000e-20 5.000000e-20
1.095000e+02 5.000000e-20 5.000000e-20
1.096000e+02 5.000000e-20 5.000000e-20
1.097000e+02 5.000000e-20 5.000000e-20
1.098000e+02 5.000000e-20 5.000000e-20
1.099000e+02 5.000000e-20 5.000000e-20
1.100000e+02 5.000000e-20 5.000000e-20
1.101000e+02 5.000000e-20 5.000000e-20
1.102000e+02 5.000000e-20 5.000000e-20
1.103000e+02 5.000000e-20 5.000000e-20
1.104000e+02 5.000000e-20 5.000000e-20
1.105000e+02 5.000000e-20 5.000000e-20
1.106000e+02 5.000000e-20 5.000000e-20
1.107000e+02 5.000000e-20 5.000000e-20
1.108000e+02 5.000000e-20 5.000000e-20
1.109000e+02 5.000000e-20 5.000000e-20
1.110000e+02 5.000000e-20 5.000000e-20
1.111000e+02 5.000000e-20 5.000000e-20
1.112000e+02 5.000000e-20 5.000000e-20
1.113000e+02 5.000000e-20 5.000000e-20
1.114000e+02 5.000000e-20 5.000000e-20
1.115000e+02 5.000000e-20 5.000000e-20
1.116000e+02 5.000000e-20 5.000000e-20
1.117000e+02 5.000000e-20 5.000000e-20
1.118000e+02 5.000000e-20 5.000000e-20
1.119000e+02 5.000000e-20 5.000000e-20
1.120000e+02 5.000000e-20 5.000000e-20
1.121000e+02 5.000000e-20 5.000000e-20
1.122000e+02 5.000000e-20 5.000000e-20
1.123000e+02 5.000000e-20 5.000000e-20
1.124000e+02 5.000000e-20 5.000000e-20
1.125000e+02 5.000000e-20 5.000000e-20
1.126000e+02 5.000000e-20 5.000000e-20
1.127000e+02 5.000000e-20 5.000000e-20
1.128000e+02 5.000000e-20 5.000000e-20
1.129000e+02 5.000000e-20 5.000000e-20
1.130000e+02 5.000000e-20 5.000000e-20
1.131000e+02 5.000000e-20 5.000000e-20
1.132000e+02 5.000000e-20 5.000000e-20
1.133000e+02 5.000000e-20 5.000000e-20
1.134000e+02 5.000000e-20 5.000000e-20
1.135000e+02 5.000000e-20 5.000000e-20
1.136000e+02 5.000000e-20 5.000000e-20
1.137000e+02 5.000000e-20 5.000000e-20
1.138000e+02 5.000000e-20 5.000000e-20
1.139000e+02 5.000000e-20 5.000000e-20
1.140000e+02 5.000000e-20 5.000000e-20
1.141000e+02 5.000000e-20 5.000000e-20
1.142000e+02 5.000000e-20 5.000000e-20
1.143000e+02 5.000000e-20 5.000000e-20
1.144000e+02 5.000000e-20 5.000000e-20
1.145000e+02 5.000000e-20 5.000000e-20
1.146000e+02 5.000000e-20 5.000000e-20
1.147000e+02 5.000000e-20 5.000000e-20
1.148000e+02 5.000000e-20 5.000000e-20
1.149000e+02 5.000000e-20 5.000000e-20
1.150000e+02 5.000000e-20 5.000000e-20
1.151000e+02 5.000000e-20 5.000000e-20
1.152000e+02 5.000000e-20 5.000000e-20
1.153000e+02 5.000000e-20 5.000000e-20
1.154000e+02 5.000000e-20 5.000000e-20
1.155000e+02 5.000000e-20 5.000000e-20
1.156000e+02 5.000000e-20 5.000000e-20
1.157000e+02 5.000000e-20 5.000000e-20
1.158000e+02 5.000000e-20 5.000000e-20
1.159000e+02 5.000000e-20 5.000000e-20
1.160000e+02 5.000000e-20 5.000000e-20
1.161000e+02 5.000000e-20 5.000000e-20
1.162000e+02 5.000000e-20 5.000000e-20
1.163000e+02 5.000000e-20 5.000000e-20
1.164000e+02 5.000000e-20 5.000000e-20
1.165000e+02 5.000000e-20 5.000000e-20
1.166000e+02 5.000000e-20 5.000000e-20
1.167000e+02 5.000000e-20 5.000000e-20
1.168000e+02 5.000000e-20 5.000000e-20
1.169000e+02 5.000000e-20 5.000000e-20
1.170000e+02 5.000000e-20 5.000000e-20
1.171000e+02 5.000000e-20 5.000000e-20
1.172000e+02 5.000000e-20 5.000000e-20
1.173000e+02 5.000000e-20 5.000000e-20
1.174000e+02 5.000000e-20 5.000000e-20
1.175000e+02 5.000000e-20 5.000000e-20
1.176000e+02 5.000000e-20 5.000000e-20
1.177000e+02 5.000000e-20 5.000000e-20
1.178000e+02 5.000000e-20 5.000000e-20
1.179000e+02 5.000000e-20 5.000000e-20
1.180000e+02 5.000000e-20 5.000000e-20
1.181000e+02 5.000000e-20 5.000000e-20
1.182000e+02 5.000000e-20 5.000000e-20
1.183000e+02 5.000000e-20 5.000000e-20
1.184000e+02 5.000000e-20 5.000000e-20
1.185000e+02 5.000000e-20 5.000000e-20
1.186000e+02 5.000000e-20 5.000000e-20
1.187000e+02 5.000000e-20 5.000000e-20
1.188000e+02 5.000000e-20 5.000000e-20
1.189000e+02 5.000000e-20 5.000000e-20
1.190000e+02 5.000000e-20 5.000000e-20
1.191000e+02 5.000000e-20 5.000000e-20
1.192000e+02 5.000000e-20 5.000000e-20
1.193000e+02 5.000000e-20 5.000000e-20
1.194000e+02 5.000000e-20 5.000000e-20
1.195000e+02 5.000000e-20 5.000000e-20
1.196000e+02 5.000000e-20 5.000000e-20
1.197000e+02 5.000000e-20 5.000000e-20
1.198000e+02 5.000000e-20 5.000000e-20
1.199000e+02 5.000000e-20 5.000000e-20
1.200000e+02 5.000000e-20 5.000000e-20
1.201000e+02 5.000000e-20 5.000000e-20
1.202000e+02 5.000000e-20 5.000000e-20
1.203000e+02 5.000000e-20 5.000000e-20
1.204000e+02 5.000000e-20 5.000000e-20
1.205000e+02 5.000000e-20 5.000000e-20
1.206000e+02 5.000000e-20 5.000000e-20
1.207000e+02 6.468276e-20 6.468276e-20
1.208000e+02 1.363434e-19 1.363434e-19
1.209000e+02 3.000523e-19 3.000523e-19
1.210000e+02 6.255845e-19 6.255845e-19
1.211000e+02 1.235697e-18 1.235697e-18
1.212000e+02 2.312519e-18 2.312519e-18
1.213000e+02 4.100302e-18 4.100302e-18
1.214000e+02 6.888318e-18 6.888318e-18
1.215000e+02 1.096445e-17 1.096445e-17
1.216000e+02 1.653660e-17 1.653660e-17
1.217000e+02 2.363209e-17 2.363209e-17
1.218000e+02 3.200127e-17 3.200127e-17
1.219000e+02 4.106396e-17 4.106396e-17
1.220000e+02 4.993629e-17 4.993629e-17
1.221000e+02 5.755708e-17 5.755708e-17
1.222000e+02 6.289892e-17 6.289892e-17
1.223000e+02 6.521344e-17 6.521344e-17
1.224000e+02 6.423872e-17 6.423872e-17
1.225000e+02 6.030286e-17 6.030286e-17
1.226000e+02 5.428976e-17 5.428976e-17
1.227000e+02 4.747728e-17 4.747728e-17
1.228000e+02 4.129444e-17 4.129444e-17
1.229000e+02 3.705822e-17 3.705822e-17
1.230000e+02 3.574127e-17 3.574127e-17
1.231000e+02 3.780212e-17 3.780212e-17
1.232000e+02 4.309367e-17 4.309367e-17
1.233000e+02 5.086052e-17 5.086052e-17
1.234000e+02 5.983652e-17 5.983652e-17
1.235000e+02 6.844642e-17 6.844642e-17
1.236000e+02 7.509274e-17 7.509274e-17
1.237000e+02 7.847492e-17 7.847492e-17
1.238000e+02 7.786064e-17 7.786064e-17
1.239000e+02 7.322915e-17 7.322915e-17
1.240000e+02 6.524019e-17 6.524019e-17
1.241000e+02 5.504006e-17 5.504006e-17
1.242000e+02 4.397091e-17 4.397091e-17
1.243000e+02 3.327809e-17 3.327809e-17
1.244000e+02 2.389963e-17 2.389963e-17
1.245000e+02 1.638338e-17 1.638338e-17
1.246000e+02 1.092870e-17 1.092870e-17
1.247000e+02 7.513250e-18 7.513250e-18
1.248000e+02 6.050544e-18 6.050544e-18
1.249000e+02 6.527190e-18 6.527190e-18
1.250000e+02 9.082410e-18 9.082410e-18
1.251000e+02 1.400707e-17 1.400707e-17
1.252000e+02 2.165417e-17 2.165417e-17
1.253000e+02 3.227069e-17 3.227069e-17
1.254000e+02 4.578484e-17 4.578484e-17
1.255000e+02 6.160995e-17 6.160995e-17
1.256000e+02 7.854329e-17 7.854329e-17
1.257000e+02 9.483013e-17 9.483013e-17
1.258000e+02 1.084203e-16 1.084203e-16
1.259000e+02 1.173759e-16 1.173759e-16
1.260000e+02 1.203194e-16 1.203194e-16
1.261000e+02 1.167802e-16 1.167802e-16
1.262000e+02 1.073167e-16 1.073167e-16
1.263000e+02 9.337239e-17 9.337239e-17
1.264000e+02 7.691518e-17 7.691518e-17
1.265000e+02 5.998422e-17 5.998422e-17
1.266000e+02 4.428772e-17 4.428772e-17
1.267000e+02 3.095583e-17 3.095583e-17
1.268000e+02 2.048384e-17 2.048384e-17
1.269000e+02 1.283225e-17 1.283225e-17
1.270000e+02 7.611647e-18 7.611647e-18
1.271000e+02 4.277157e-18 4.277157e-18
1.272000e+02 2.280489e-18 2.280489e-18
1.273000e+02 1.159499e-18 1.159499e-18
1.274000e+02 5.707599e-19 5.707599e-19
1.275000e+02 2.837248e-19 2.837248e-19
1.276000e+02 1.565081e-19 1.565081e-19
1.277000e+02 1.081243e-19 1.081243e-19
1.278000e+02 9.517908e-20 9.517908e-20
1.279000e+02 9.553719e-20 9.553719e-20
1.280000e+02 9.834616e-20 9.834616e-20
1.281000e+02 9.860959e-20 9.860959e-20
1.282000e+02 9.448670e-20 9.448670e-20
1.283000e+02 8.596702e-20 8.596702e-20
1.284000e+02 7.411359e-20 7.411359e-20
1.285000e+02 6.050263e-20 6.050263e-20
1.286000e+02 5.048600e-20 5.048600e-20
1.287000e+02 5.000000e-20 5.000000e-20
1.288000e+02 5.000000e-20 5.000000e-20
1.289000e+02 5.000000e-20 5.000000e-20
1.290000e+02 5.000000e-20 5.000000e-20
1.291000e+02 5.000000e-20 5.000000e-20
1.292000e+02 5.000000e-20 5.000000e-20
1.293000e+02 5.000000e-20 5.000000e-20
1.294000e+02 5.000000e-20 5.000000e-20
1.295000e+02 5.000000e-20 5.000000e-20
1.296000e+02 5.000000e-20 5.000000e-20
1.297000e+02 5.000000e-20 5.000000e-20
1.298000e+02 5.000000e-20 5.000000e-20
1.299000e+02 5.000000e-20 5.000000e-20
1.300000e+02 5.000000e-20 5.000000e-20
1.301000e+02 5.000000e-20 5.000000e-20
1.302000e+02 5.000000e-20 5.000000e-20
1.303000e+02 5.000000e-20 5.000000e-20
1.304000e+02 7.454566e-20 7.454566e-20
1.305000e+02 1.916141e-19 1.916141e-19
1.306000e+02 4.679075e-19 4.679075e-19
1.307000e+02 1.081907e-18 1.081907e-18
1.308000e+02 2.368782e-18 2.368782e-18
1.309000e+02 4.911035e-18 4.911035e-18
1.310000e+02 9.641468e-18 9.641468e-18
1.311000e+02 1.792444e-17 1.792444e-17
1.312000e+02 3.155673e-17 3.155673e-17
1.313000e+02 5.261330e-17 5.261330e-17
1.314000e+02 8.307526e-17 8.307526e-17
1.315000e+02 1.242334e-16 1.242334e-16
1.316000e+02 1.759608e-16 1.759608e-16
1.317000e+02 2.360634e-16 2.360634e-16
1.318000e+02 2.999885e-16 2.999885e-16
1.319000e+02 3.611404e-16 3.611404e-16
1.320000e+02 4.118897e-16 4.118897e-16
1.321000e+02 4.451052e-16 4.451052e-16
1.322000e+02 4.557970e-16 4.557970e-16
1.323000e+02 4.423487e-16 4.423487e-16
1.324000e+02 4.069192e-16 4.069192e-16
1.325000e+02 3.548756e-16 3.548756e-16
1.326000e+02 2.934624e-16 2.934624e-16
1.327000e+02 2.301605e-16 2.301605e-16
1.328000e+02 1.712438e-16 1.712438e-16
1.329000e+02 1.208978e-16 1.208978e-16
1.330000e+02 8.101485e-17 8.101485e-17
1.331000e+02 5.154493e-17 5.154493e-17
1.332000e+02 3.114736e-17 3.114736e-17
1.333000e+02 1.788195e-17 1.788195e-17
1.334000e+02 9.756929e-18 9.756929e-18
1.335000e+02 5.061284e-18 5.061284e-18
1.336000e+02 2.496876e-18 2.496876e-18
1.337000e+02 1.171797e-18 1.171797e-18
1.338000e+02 5.232994e-19 5.232994e-19
1.339000e+02 2.224639e-19 2.224639e-19
1.340000e+02 9.223581e-20 9.223581e-20
1.341000e+02 5.000000e-20 5.000000e-20
1.342000e+02 5.000000e-20 5.000000e-20
1.343000e+02 5.000000e-20 5.000000e-20
1.344000e+02 5.000000e-20 5.000000e-20
1.345000e+02 5.000000e-20 5.000000e-20
1.346000e+02 6.845358e-20 6.845358e-20
1.347000e+02 1.499379e-19 1.499379e-19
1.348000e+02 3.138819e-19 3.138819e-19
1.349000e+02 6.222419e-19 6.222419e-19
1.350000e+02 1.167917e-18 1.167917e-18
1.351000e+02 2.075452e-18 2.075452e-18
1.352000e+02 3.491867e-18 3.491867e-18
1.353000e+02 5.562173e-18 5.562173e-18
1.354000e+02 8.388240e-18 8.388240e-18
1.355000e+02 1.197667e-17 1.197667e-17
1.356000e+02 1.618986e-17 1.618986e-17
1.357000e+02 2.072081e-17 2.072081e-17
1.358000e+02 2.511127e-17 2.511127e-17
1.359000e+02 2.882303e-17 2.882303e-17
1.360000e+02 3.135459e-17 3.135459e-17
1.361000e+02 3.237836e-17 3.237836e-17
1.362000e+02 3.186569e-17 3.186569e-17
1.363000e+02 3.017364e-17 3.017364e-17
1.364000e+02 2.808582e-17 2.808582e-17
1.365000e+02 2.681828e-17 2.681828e-17
1.366000e+02 2.800544e-17 2.800544e-17
1.367000e+02 3.366206e-17 3.366206e-17
1.368000e+02 4.608224e-17 4.608224e-17
1.369000e+02 6.760503e-17 6.760503e-17
1.370000e+02 1.001813e-16 1.001813e-16
1.371000e+02 1.447384e-16 1.447384e-16
1.372000e+02 2.004546e-16 2.004546e-16
1.373000e+02 2.641790e-16 2.641790e-16
1.374000e+02 3.302991e-16 3.302991e-16
1.375000e+02 3.912928e-16 3.912928e-16
1.376000e+02 4.389954e-16 4.389954e-16
1.377000e+02 4.663269e-16 4.663269e-16
1.378000e+02 4.689827e-16 4.689827e-16
1.379000e+02 4.465292e-16 4.465292e-16
1.380000e+02 4.025197e-16 4.025197e-16
1.381000e+02 3.435901e-16 3.435901e-16
1.382000e+02 2.778590e-16 2.778590e-16
1.383000e+02 2.131788e-16 2.131788e-16
1.384000e+02 1.557675e-16 1.557675e-16
1.385000e+02 1.095366e-16 1.095366e-16
1.386000e+02 7.613335e-17 7.613335e-17
1.387000e+02 5.547088e-17 5.547088e-17
1.388000e+02 4.641810e-17 4.641810e-17
1.389000e+02 4.736260e-17 4.736260e-17
1.390000e+02 5.649935e-17 5.649935e-17
1.391000e+02 7.185542e-17 7.185542e-17
1.392000e+02 9.117951e-17 9.117951e-17
1.393000e+02 1.118681e-16 1.118681e-16
1.394000e+02 1.310644e-16 1.310644e-16
1.395000e+02 1.459731e-16 1.459731e-16
1.396000e+02 1.543188e-16 1.543188e-16
1.397000e+02 1.547982e-16 1.547982e-16
1.398000e+02 1.473533e-16 1.473533e-16
1.399000e+02 1.331552e-16 1.331552e-16
1.400000e+02 1.142924e-16 1.142924e-16
1.401000e+02 9.326623e-17 9.326623e-17
1.402000e+02 7.245228e-17 7.245228e-17
1.403000e+02 5.368495e-17 5.368495e-17
1.404000e+02 3.805255e-17 3.805255e-17
1.405000e+02 2.590982e-17 2.590982e-17
1.406000e+02 1.704602e-17 1.704602e-17
1.407000e+02 1.091824e-17 1.091824e-17
1.408000e+02 6.869384e-18 6.869384e-18
1.409000e+02 4.283187e-18 4.283187e-18
1.410000e+02 2.664231e-18 2.664231e-18
1.411000e+02 1.656813e-18 1.656813e-18
1.412000e+02 1.026856e-18 1.026856e-18
1.413000e+02 6.296348e-19 6.296348e-19
1.414000e+02 3.784251e-19 3.784251e-19
1.415000e+02 2.209257e-19 2.209257e-19
1.416000e+02 1.243324e-19 1.243324e-19
1.417000e+02 6.985273e-20 6.985273e-20
1.418000e+02 5.000000e-20 5.000000e-20
1.419000e+02 5.000000e-20 5.000000e-20
1.420000e+02 5.000000e-20 5.000000e-20
1.421000e+02 5.000000e-20 5.000000e-20
1.422000e+02 5.000000e-20 5.000000e-20
1.423000e+02 5.000000e-20 5.000000e-20
1.424000e+02 5.000000e-20 5.000000e-20
1.425000e+02 5.000000e-20 5.000000e-20
1.426000e+02 5.000000e-20 5.000000e-20
1.427000e+02 5.000000e-20 5.000000e-20
1.428000e+02 5.000000e-20 5.000000e-20
1.429000e+02 5.000000e-20 5.000000e-20
1.430000e+02 5.000000e-20 5.000000e-20
1.431000e+02 5.000000e-20 5.000000e-20
1.432000e+02 5.000000e-20 5.000000e-20
1.433000e+02 5.000000e-20 5.000000e-20
1.434000e+02 5.000000e-20 5.000000e-20
1.435000e+02 5.000000e-20 5.000000e-20
1.436000e+02 5.000000e-20 5.000000e-20
1.437000e+02 5.000000e-20 5.000000e-20
1.438000e+02 5.000000e-20 5.000000e-20
1.439000e+02 5.000000e-20 5.000000e-20
1.440000e+02 5.000000e-20 5.000000e-20
1.441000e+02 5.000000e-20 5.000000e-20
1.442000e+02 5.000000e-20 5.000000e-20
1.443000e+02 5.000000e-20 5.000000e-20
1.444000e+02 5.000000e-20 5.000000e-20
1.445000e+02 5.000000e-20 5.000000e-20
1.446000e+02 5.000000e-20 5.000000e-20
1.447000e+02 5.000000e-20 5.000000e-20
1.448000e+02 5.000000e-20 5.000000e-20
1.449000e+02 5.000000e-20 5.000000e-20
1.450000e+02 5.000000e-20 5.000000e-20
1.451000e+02 5.000000e-20 5.000000e-20
1.452000e+02 5.000000e-20 5.000000e-20
1.453000e+02 5.000000e-20 5.000000e-20
1.454000e+02 5.000000e-20 5.000000e-20
1.455000e+02 5.000000e-20 5.000000e-20
1.456000e+02 5.000000e-20 5.000000e-20
1.457000e+02 5.000000e-20 5.000000e-20
1.458000e+02 5.000000e-20 5.000000e-20
1.459000e+02 5.000000e-20 5.000000e-20
1.460000e+02 5.000000e-20 5.000000e-20
1.461000e+02 5.000000e-20 5.000000e-20
1.462000e+02 5.000000e-20 5.000000e-20
1.463000e+02 5.000000e-20 5.000000e-20
1.464000e+02 5.000000e-20 5.000000e-20
1.465000e+02 5.000000e-20 5.000000e-20
1.466000e+02 5.000000e-20 5.000000e-20
1.467000e+02 5.000000e-20 5.000000e-20
1.468000e+02 5.000000e-20 5.000000e-20
1.469000e+02 5.000000e-20 5.000000e-20
1.470000e+02 5.000000e-20 5.000000e-20
1.471000e+02 5.000000e-20 5.000000e-20
1.472000e+02 5.000000e-20 5.000000e-20
1.473000e+02 5.000000e-20 5.000000e-20
1.474000e+02 5.000000e-20 5.000000e-20
1.475000e+02 5.000000e-20 5.000000e-20
1.476000e+02 5.000000e-20 5.000000e-20
1.477000e+02 5.000000e-20 5.000000e-20
1.478000e+02 5.000000e-20 5.000000e-20
1.479000e+02 5.000000e-20 5.000000e-20
1.480000e+02 5.000000e-20 5.000000e-20
1.481000e+02 5.000000e-20 5.000000e-20
1.482000e+02 5.000000e-20 5.000000e-20
1.483000e+02 5.000000e-20 5.000000e-20
1.484000e+02 5.000000e-20 5.000000e-20
1.485000e+02 5.000000e-20 5.000000e-20
1.486000e+02 5.000000e-20 5.000000e-20
1.487000e+02 5.000000e-20 5.000000e-20
1.488000e+02 5.000000e-20 5.000000e-20
1.489000e+02 5.000000e-20 5.000000e-20
1.490000e+02 5.000000e-20 5.000000e-20
1.491000e+02 5.000000e-20 5.000000e-20
1.492000e+02 5.000000e-20 5.000000e-20
1.493000e+02 5.000000e-20 5.000000e-20
1.494000e+02 5.000000e-20 5.000000e-20
1.495000e+02 5.000000e-20 5.000000e-20
1.496000e+02 5.000000e-20 5.000000e-20
1.497000e+02 5.000000e-20 5.000000e-20
1.498000e+02 5.000000e-20 5.000000e-20
1.499000e+02 5.000000e-20 5.000000e-20
1.500000e+02 5.000000e-20 5.000000e-20
1.501000e+02 5.000000e-20 5.000000e-20
1.502000e+02 5.000000e-20 5.000000e-20
1.503000e+02 5.000000e-20 5.000000e-20
1.504000e+02 5.000000e-20 5.000000e-20
1.505000e+02 5.000000e-20 5.000000e-20
1.506000e+02 5.000000e-20 5.000000e-20
1.507000e+02 5.000000e-20 5.000000e-20
1.508000e+02 5.000000e-20 5.000000e-20
1.509000e+02 5.000000e-20 5.000000e-20
1.510000e+02 5.000000e-20 5.000000e-20
1.511000e+02 5.000000e-20 5.000000e-20
1.512000e+02 5.000000e-20 5.000000e-20
1.513000e+02 5.000000e-20 5.000000e-20
1.514000e+02 5.000000e-20 5.000000e-20
1.515000e+02 5.000000e-20 5.000000e-20
1.516000e+02 5.000000e-20 5.000000e-20
1.517000e+02 5.000000e-20 5.000000e-20
1.518000e+02 5.000000e-20 5.000000e-20
1.519000e+02 5.000000e-20 5.000000e-20
1.520000e+02 5.896533e-20 5.896533e-20
1.521000e+02 1.180125e-19 1.180125e-19
1.522000e+02 2.670175e-19 2.670175e-19
1.523000e+02 5.718812e-19 5.718812e-19
1.524000e+02 1.159400e-18 1.159400e-18
1.525000e+02 2.224998e-18 2.224998e-18
1.526000e+02 4.042056e-18 4.042056e-18
1.527000e+02 6.951197e-18 6.951197e-18
1.528000e+02 1.131646e-17 1.131646e-17
1.529000e+02 1.744081e-17 1.744081e-17
1.530000e+02 2.544738e-17 2.544738e-17
1.531000e+02 3.515302e-17 3.515302e-17
1.532000e+02 4.597940e-17 4.597940e-17
1.533000e+02 5.695217e-17 5.695217e-17
1.534000e+02 6.682225e-17 6.682225e-17
1.535000e+02 7.430369e-17 7.430369e-17
1.536000e+02 7.837431e-17 7.837431e-17
1.537000e+02 7.854867e-17 7.854867e-17
1.538000e+02 7.502950e-17 7.502950e-17
1.539000e+02 6.867832e-17 6.867832e-17
1.540000e+02 6.080699e-17 6.080699e-17
1.541000e+02 5.285324e-17 5.285324e-17
1.542000e+02 4.603927e-17 4.603927e-17
1.543000e+02 4.111199e-17 4.111199e-17
1.544000e+02 3.822963e-17 3.822963e-17
1.545000e+02 3.701028e-17 3.701028e-17
1.546000e+02 3.671039e-17 3.671039e-17
1.547000e+02 3.647015e-17 3.647015e-17
1.548000e+02 3.555253e-17 3.555253e-17
1.549000e+02 3.351357e-17 3.351357e-17
1.550000e+02 3.026862e-17 3.026862e-17
1.551000e+02 2.605301e-17 2.605301e-17
1.552000e+02 2.130662e-17 2.130662e-17
1.553000e+02 1.652918e-17 1.652918e-17
1.554000e+02 1.215299e-17 1.215299e-17
1.555000e+02 8.464557e-18 8.464557e-18
1.556000e+02 5.583464e-18 5.583464e-18
1.557000e+02 3.487565e-18 3.487565e-18
1.558000e+02 2.062660e-18 2.062660e-18
1.559000e+02 1.155053e-18 1.155053e-18
1.560000e+02 6.123990e-19 6.123990e-19
1.561000e+02 3.074102e-19 3.074102e-19
1.562000e+02 1.460994e-19 1.460994e-19
1.563000e+02 6.977137e-20 6.977137e-20
1.564000e+02 5.000000e-20 5.000000e-20
1.565000e+02 5.000000e-20 5.000000e-20
1.566000e+02 5.000000e-20 5.000000e-20
1.567000e+02 5.000000e-20 5.000000e-20
1.568000e+02 5.000000e-20 5.000000e-20
1.569000e+02 5.000000e-20 5.000000e-20
1.570000e+02 5.000000e-20 5.000000e-20
1.571000e+02 5.000000e-20 5.000000e-20
1.572000e+02 5.000000e-20 5.000000e-20
1.573000e+02 5.000000e-20 5.000000e-20
1.574000e+02 5.397614e-20 5.397614e-20
1.575000e+02 1.084235e-19 1.084235e-19
1.576000e+02 2.620351e-19 2.620351e-19
1.577000e+02 5.994337e-19 5.994337e-19
1.578000e+02 1.298002e-18 1.298002e-18
1.579000e+02 2.660536e-18 2.660536e-18
1.580000e+02 5.162137e-18 5.162137e-18
1.581000e+02 9.481203e-18 9.481203e-18
1.582000e+02 1.648457e-17 1.648457e-17
1.583000e+02 2.713181e-17 2.713181e-17
1.584000e+02 4.227399e-17 4.227399e-17
1.585000e+02 6.235445e-17 6.235445e-17
1.586000e+02 8.706977e-17 8.706977e-17
1.587000e+02 1.151009e-16 1.151009e-16
1.588000e+02 1.440480e-16 1.440480e-16
1.589000e+02 1.706702e-16 1.706702e-16
1.590000e+02 1.914411e-16 1.914411e-16
1.591000e+02 2.033031e-16 2.033031e-16
1.592000e+02 2.044035e-16 2.044035e-16
1.593000e+02 1.945682e-16 1.945682e-16
1.594000e+02 1.753467e-16 1.753467e-16
1.595000e+02 1.496127e-16 1.496127e-16
1.596000e+02 1.208611e-16 1.208611e-16
1.597000e+02 9.243871e-17 9.243871e-17
1.598000e+02 6.693781e-17 6.693781e-17
1.599000e+02 4.589235e-17 4.589235e-17
1.600000e+02 2.978931e-17 2.978931e-17
1.601000e+02 1.830762e-17 1.830762e-17
1.602000e+02 1.065255e-17 1.065255e-17
1.603000e+02 5.868463e-18 5.868463e-18
1.604000e+02 3.060854e-18 3.060854e-18
1.605000e+02 1.511492e-18 1.511492e-18
1.606000e+02 7.066619e-19 7.066619e-19
1.607000e+02 3.127927e-19 3.127927e-19
1.608000e+02 1.310802e-19 1.310802e-19
1.609000e+02 6.302495e-20 6.302495e-20
1.610000e+02 5.000000e-20 5.000000e-20
1.611000e+02 5.000000e-20 5.000000e-20
1.612000e+02 5.000000e-20 5.000000e-20
1.613000e+02 5.000000e-20 5.000000e-20
1.614000e+02 5.000000e-20 5.000000e-20
1.615000e+02 5.000000e-20 5.000000e-20
1.616000e+02 5.000000e-20 5.000000e-20
1.617000e+02 5.000000e-20 5.000000e-20
1.618000e+02 5.000000e-20 5.000000e-20
1.619000e+02 5.000000e-20 5.000000e-20
1.620000e+02 5.000000e-20 5.000000e-20
1.621000e+02 5.000000e-20 5.000000e-20
1.622000e+02 5.000000e-20 5.000000e-20
1.623000e+02 5.000000e-20 5.000000e-20
1.624000e+02 5.000000e-20 5.000000e-20
1.625000e+02 5.000000e-20 5.000000e-20
1.626000e+02 5.000000e-20 5.000000e-20
1.627000e+02 5.000000e-20 5.000000e-20
1.628000e+02 5.000000e-20 5.000000e-20
1.629000e+02 5.000000e-20 5.000000e-20
1.630000e+02 5.000000e-20 5.000000e-20
1.631000e+02 5.000000e-20 5.000000e-20
1.632000e+02 5.000000e-20 5.000000e-20
1.633000e+02 5.000000e-20 5.000000e-20
1.634000e+02 5.000000e-20 5.000000e-20
1.635000e+02 5.000000e-20 5.000000e-20
1.636000e+02 5.000000e-20 5.000000e-20
1.637000e+02 5.000000e-20 5.000000e-20
1.638000e+02 5.000000e-20 5.000000e-20
1.639000e+02 5.000000e-20 5.000000e-20
1.640000e+02 5.000000e-20 5.000000e-20
1.641000e+02 5.000000e-20 5.000000e-20
1.642000e+02 5.000000e-20 5.000000e-20
1.643000e+02 5.000000e-20 5.000000e-20
1.644000e+02 5.000000e-20 5.000000e-20
1.645000e+02 5.000000e-20 5.000000e-20
1.646000e+02 5.000000e-20 5.000000e-20
1.647000e+02 5.000000e-20 5.000000e-20
1.648000e+02 5.000000e-20 5.000000e-20
1.649000e+02 5.000000e-20 5.000000e-20
1.650000e+02 5.000000e-20 5.000000e-20
1.651000e+02 5.000000e-20 5.000000e-20
1.652000e+02 5.000000e-20 5.000000e-20
1.653000e+02 5.000000e-20 5.000000e-20
1.654000e+02 5.000000e-20 5.000000e-20
1.655000e+02 5.000000e-20 5.000000e-20
1.656000e+02 5.000000e-20 5.000000e-20
1.657000e+02 5.000000e-20 5.000000e-20
1.658000e+02 5.000000e-20 5.000000e-20
1.659000e+02 5.000000e-20 5.000000e-20
1.660000e+02 5.000000e-20 5.000000e-20
1.661000e+02 5.000000e-20 5.000000e-20
1.662000e+02 5.000000e-20 5.000000e-20
1.663000e+02 5.000000e-20 5.000000e-20
1.664000e+02 5.000000e-20 5.000000e-20
1.665000e+02 5.000000e-20 5.000000e-20
1.666000e+02 5.000000e-20 5.000000e-20
1.667000e+02 5.000000e-20 5.000000e-20
1.668000e+02 5.000000e-20 5.000000e-20
1.669000e+02 5.000000e-20 5.000000e-20
1.670000e+02 5.000000e-20 5.000000e-20
1.671000e+02 5.000000e-20 5.000000e-20
1.672000e+02 5.000000e-20 5.000000e-20
1.673000e+02 5.000000e-20 5.000000e-20
1.674000e+02 5.000000e-20 5.000000e-20
1.675000e+02 5.000000e-20 5.000000e-20
1.676000e+02 5.000000e-20 5.000000e-20
1.677000e+02 5.000000e-20 5.000000e-20
1.678000e+02 5.000000e-20 5.000000e-20
1.679000e+02 5.000000e-20 5.000000e-20
1.680000e+02 5.000000e-20 5.000000e-20
1.681000e+02 5.000000e-20 5.000000e-20
1.682000e+02 5.000000e-20 5.000000e-20
1.683000e+02 5.000000e-20 5.000000e-20
1.684000e+02 5.000000e-20 5.000000e-20
1.685000e+02 5.000000e-20 5.000000e-20
1.686000e+02 5.000000e-20 5.000000e-20
1.687000e+02 5.000000e-20 5.000000e-20
1.688000e+02 5.000000e-20 5.000000e-20
1.689000e+02 5.000000e-20 5.000000e-20
1.690000e+02 5.000000e-20 5.000000e-20
1.691000e+02 5.000000e-20 5.000000e-20
1.692000e+02 5.000000e-20 5.000000e-20
1.693000e+02 5.000000e-20 5.000000e-20
1.694000e+02 5.000000e-20 5.000000e-20
1.695000e+02 5.000000e-20 5.000000e-20
1.696000e+02 5.000000e-20 5.000000e-20
1.697000e+02 5.000000e-20 5.000000e-20
1.698000e+02 5.000000e-20 5.000000e-20
1.699000e+02 5.000000e-20 5.000000e-20
1.700000e+02 5.000000e-20 5.000000e-20
1.701000e+02 5.000000e-20 5.000000e-20
1.702000e+02 5.000000e-20 5.000000e-20
1.703000e+02 5.000000e-20 5.000000e-20
1.704000e+02 5.000000e-20 5.000000e-20
1.705000e+02 5.000000e-20 5.000000e-20
1.706000e+02 5.000000e-20 5.000000e-20
1.707000e+02 5.000000e-20 5.000000e-20
1.708000e+02 5.000000e-20 5.000000e-20
1.709000e+02 5.000000e-20 5.000000e-20
1.710000e+02 5.000000e-20 5.000000e-20
1.711000e+02 5.000000e-20 5.000000e-20
1.712000e+02 5.000000e-20 5.000000e-20
1.713000e+02 5.000000e-20 5.000000e-20
1.714000e+02 5.000000e-20 5.000000e-20
1.715000e+02 5.000000e-20 5.000000e-20
1.716000e+02 5.000000e-20 5.000000e-20
1.717000e+02 5.000000e-20 5.000000e-20
1.718000e+02 5.000000e-20 5.000000e-20
1.719000e+02 5.000000e-20 5.000000e-20
1.720000e+02 5.000000e-20 5.000000e-20
1.721000e+02 5.000000e-20 5.000000e-20
1.722000e+02 5.000000e-20 5.000000e-20
1.723000e+02 5.000000e-20 5.000000e-20
1.724000e+02 5.000000e-20 5.000000e-20
1.725000e+02 5.000000e-20 5.000000e-20
1.726000e+02 5.000000e-20 5.000000e-20
1.727000e+02 5.000000e-20 5.000000e-20
1.728000e+02 5.000000e-20 5.000000e-20
1.729000e+02 5.000000e-20 5.000000e-20
1.730000e+02 5.000000e-20 5.000000e-20
1.731000e+02 5.000000e-20 5.000000e-20
1.732000e+02 5.000000e-20 5.000000e-20
1.733000e+02 5.000000e-20 5.000000e-20
1.734000e+02 5.000000e-20 5.000000e-20
1.735000e+02 5.000000e-20 5.000000e-20
1.736000e+02 5.000000e-20 5.000000e-20
1.737000e+02 5.000000e-20 5.000000e-20
1.738000e+02 5.000000e-20 5.000000e-20
1.739000e+02 5.000000e-20 5.000000e-20
1.740000e+02 5.000000e-20 5.000000e-20
1.741000e+02 5.000000e-20 5.000000e-20
1.742000e+02 5.000000e-20 5.000000e-20
1.743000e+02 5.000000e-20 5.000000e-20
1.744000e+02 5.000000e-20 5.000000e-20
1.745000e+02 5.000000e-20 5.000000e-20
1.746000e+02 5.000000e-20 5.000000e-20
1.747000e+02 5.000000e-20 5.000000e-20
1.748000e+02 5.000000e-20 5.000000e-20
1.749000e+02 5.000000e-20 5.000000e-20
1.750000e+02 5.000000e-20 5.000000e-20
1.751000e+02 5.000000e-20 5.000000e-20
1.752000e+02 5.000000e-20 5.000000e-20
1.753000e+02 5.000000e-20 5.000000e-20
1.754000e+02 5.000000e-20 5.000000e-20
1.755000e+02 5.000000e-20 5.000000e-20
1.756000e+02 5.000000e-20 5.000000e-20
1.757000e+02 5.000000e-20 5.000000e-20
1.758000e+02 5.000000e-20 5.000000e-20
1.759000e+02 5.000000e-20 5.000000e-20
1.760000e+02 5.000000e-20 5.000000e-20
1.761000e+02 5.000000e-20 5.000000e-20
1.762000e+02 5.000000e-20 5.000000e-20
1.763000e+02 5.000000e-20 5.000000e-20
1.764000e+02 5.000000e-20 5.000000e-20
1.765000e+02 5.000000e-20 5.000000e-20
1.766000e+02 5.000000e-20 5.000000e-20
1.767000e+02 5.000000e-20 5.000000e-20
1.768000e+02 5.000000e-20 5.000000e-20
1.769000e+02 5.000000e-20 5.000000e-20
1.770000e+02 5.000000e-20 5.000000e-20
1.771000e+02 5.000000e-20 5.000000e-20
1.772000e+02 5.000000e-20 5.000000e-20
1.773000e+02 5.000000e-20 5.000000e-20
1.774000e+02 5.000000e-20 5.000000e-20
1.775000e+02 5.000000e-20 5.000000e-20
1.776000e+02 5.531166e-20 5.531166e-20
1.777000e+02 9.278179e-20 9.278179e-20
1.778000e+02 2.018568e-19 2.018568e-19
1.779000e+02 4.157907e-19 4.157907e-19
1.780000e+02 8.108779e-19 8.108779e-19
1.781000e+02 1.497214e-18 1.497214e-18
1.782000e+02 2.617328e-18 2.617328e-18
1.783000e+02 4.331868e-18 4.331868e-18
1.784000e+02 6.787849e-18 6.787849e-18
1.785000e+02 1.006991e-17 1.006991e-17
1.786000e+02 1.414332e-17 1.414332e-17
1.787000e+02 1.880637e-17 1.880637e-17
1.788000e+02 2.367457e-17 2.367457e-17
1.789000e+02 2.821482e-17 2.821482e-17
1.790000e+02 3.183357e-17 3.183357e-17
1.791000e+02 3.400169e-17 3.400169e-17
1.792000e+02 3.438086e-17 3.438086e-17
1.793000e+02 3.291000e-17 3.291000e-17
1.794000e+02 2.982136e-17 2.982136e-17
1.795000e+02 2.558049e-17 2.558049e-17
1.796000e+02 2.077138e-17 2.077138e-17
1.797000e+02 1.596577e-17 1.596577e-17
1.798000e+02 1.161652e-17 1.161652e-17
1.799000e+02 8.000479e-18 8.000479e-18
1.800000e+02 5.215587e-18 5.215587e-18
1.801000e+02 3.218328e-18 3.218328e-18
1.802000e+02 1.879707e-18 1.879707e-18
1.803000e+02 1.039144e-18 1.039144e-18
1.804000e+02 5.437263e-19 5.437263e-19
1.805000e+02 2.692752e-19 2.692752e-19
1.806000e+02 1.262168e-19 1.262168e-19
1.807000e+02 6.239388e-20 6.239388e-20
1.808000e+02 5.000000e-20 5.000000e-20
1.809000e+02 5.000000e-20 5.000000e-20
1.810000e+02 5.000000e-20 5.000000e-20
1.811000e+02 5.000000e-20 5.000000e-20
1.812000e+02 5.000000e-20 5.000000e-20
1.813000e+02 5.000000e-20 5.000000e-20
1.814000e+02 5.000000e-20 5.000000e-20
1.815000e+02 5.000000e-20 5.000000e-20
1.816000e+02 5.000000e-20 5.000000e-20
1.817000e+02 5.000000e-20 5.000000e-20
1.818000e+02 5.000000e-20 5.000000e-20
1.819000e+02 5.000000e-20 5.000000e-20
1.820000e+02 5.000000e-20 5.000000e-20
1.821000e+02 5.000000e-20 5.000000e-20
1.822000e+02 5.000000e-20 5.000000e-20
1.823000e+02 5.000000e-20 5.000000e-20
1.824000e+02 5.000000e-20 5.000000e-20
1.825000e+02 5.000000e-20 5.000000e-20
1.826000e+02 5.000000e-20 5.000000e-20
1.827000e+02 5.000000e-20 5.000000e-20
1.828000e+02 5.000000e-20 5.000000e-20
1.829000e+02 5.000000e-20 5.000000e-20
1.830000e+02 5.000000e-20 5.000000e-20
1.831000e+02 5.000000e-20 5.000000e-20
1.832000e+02 5.000000e-20 5.000000e-20
1.833000e+02 5.000000e-20 5.000000e-20
1.834000e+02 5.000000e-20 5.000000e-20
1.835000e+02 5.000000e-20 5.000000e-20
1.836000e+02 5.000000e-20 5.000000e-20
1.837000e+02 5.000000e-20 5.000000e-20
1.838000e+02 5.000000e-20 5.000000e-20
1.839000e+02 5.000000e-20 5.000000e-20
1.840000e+02 5.000000e-20 5.000000e-20
1.841000e+02 5.000000e-20 5.000000e-20
1.842000e+02 5.000000e-20 5.000000e-20
1.843000e+02 5.000000e-20 5.000000e-20
1.844000e+02 5.000000e-20 5.000000e-20
1.845000e+02 5.000000e-20 5.000000e-20
1.846000e+02 5.000000e-20 5.000000e-20
1.847000e+02 5.000000e-20 5.000000e-20
1.848000e+02 5.000000e-20 5.000000e-20
1.849000e+02 5.000000e-20 5.000000e-20
1.850000e+02 5.000000e-20 5.000000e-20
1.851000e+02 5.000000e-20 5.000000e-20
1.852000e+02 5.000000e-20 5.000000e-20
1.853000e+02 5.000000e-20 5.000000e-20
1.854000e+02 5.000000e-20 5.000000e-20
1.855000e+02 5.000000e-20 5.000000e-20
1.856000e+02 5.000000e-20 5.000000e-20
1.857000e+02 5.000000e-20 5.000000e-20
1.858000e+02 5.000000e-20 5.000000e-20
1.859000e+02 5.000000e-20 5.000000e-20
1.860000e+02 5.000000e-20 5.000000e-20
1.861000e+02 5.000000e-20 5.000000e-20
1.862000e+02 5.000000e-20 5.000000e-20
1.863000e+02 5.000000e-20 5.000000e-20
1.864000e+02 5.000000e-20 5.000000e-20
1.865000e+02 5.000000e-20 5.000000e-20
1.866000e+02 5.000000e-20 5.000000e-20
1.867000e+02 5.000000e-20 5.000000e-20
1.868000e+02 5.000000e-20 5.000000e-20
1.869000e+02 5.000000e-20 5.000000e-20
1.870000e+02 5.000000e-20 5.000000e-20
1.871000e+02 5.000000e-20 5.000000e-20
1.872000e+02 5.000000e-20 5.000000e-20
1.873000e+02 5.000000e-20 5.000000e-20
1.874000e+02 5.000000e-20 5.000000e-20
1.875000e+02 5.000000e-20 5.000000e-20
1.876000e+02 5.000000e-20 5.000000e-20
1.877000e+02 5.000000e-20 5.000000e-20
1.878000e+02 5.000000e-20 5.000000e-20
1.879000e+02 5.000000e-20 5.000000e-20
1.880000e+02 5.000000e-20 5.000000e-20
1.881000e+02 5.000000e-20 5.000000e-20
1.882000e+02 5.000000e-20 5.000000e-20
1.883000e+02 5.000000e-20 5.000000e-20
1.884000e+02 5.000000e-20 5.000000e-20
1.885000e+02 5.000000e-20 5.000000e-20
1.886000e+02 5.000000e-20 5.000000e-20
1.887000e+02 5.000000e-20 5.000000e-20
1.888000e+02 5.000000e-20 5.000000e-20
1.889000e+02 5.000000e-20 5.000000e-20
1.890000e+02 5.000000e-20 5.000000e-20
1.891000e+02 5.000000e-20 5.000000e-20
1.892000e+02 5.000000e-20 5.000000e-20
1.893000e+02 5.000000e-20 5.000000e-20
1.894000e+02 5.000000e-20 5.000000e-20
1.895000e+02 5.000000e-20 5.000000e-20
1.896000e+02 5.000000e-20 5.000000e-20
1.897000e+02 5.000000e-20 5.000000e-20
1.898000e+02 5.000000e-20 5.000000e-20
1.899000e+02 5.000000e-20 5.000000e-20
1.900000e+02 5.000000e-20 5.000000e-20
1.901000e+02 5.000000e-20 5.000000e-20
1.902000e+02 5.000000e-20 5.000000e-20
1.903000e+02 5.000000e-20 5.000000e-20
1.904000e+02 5.000000e-20 5.000000e-20
1.905000e+02 5.000000e-20 5.000000e-20
1.906000e+02 5.000000e-20 5.000000e-20
1.907000e+02 5.000000e-20 5.000000e-20
1.908000e+02 5.000000e-20 5.000000e-20
1.909000e+02 5.000000e-20 5.000000e-20
1.910000e+02 5.000000e-20 5.000000e-20
1.911000e+02 5.000000e-20 5.000000e-20
1.912000e+02 5.000000e-20 5.000000e-20
1.913000e+02 5.000000e-20 5.000000e-20
1.914000e+02 5.000000e-20 5.000000e-20
1.915000e+02 5.000000e-20 5.000000e-20
1.916000e+02 5.000000e-20 5.000000e-20
1.917000e+02 5.000000e-20 5.000000e-20
1.918000e+02 5.000000e-20 5.000000e-20
1.919000e+02 5.000000e-20 5.000000e-20
1.920000e+02 5.000000e-20 5.000000e-20
1.921000e+02 5.000000e-20 5.000000e-20
1.922000e+02 5.000000e-20 5.000000e-20
1.923000e+02 5.000000e-20 5.000000e-20
1.924000e+02 5.000000e-20 5.000000e-20
1.925000e+02 5.000000e-20 5.000000e-20
1.926000e+02 5.000000e-20 5.000000e-20
1.927000e+02 5.000000e-20 5.000000e-20
1.928000e+02 5.000000e-20 5.000000e-20
1.929000e+02 5.000000e-20 5.000000e-20
1.930000e+02 5.000000e-20 5.000000e-20
1.931000e+02 5.000000e-20 5.000000e-20
1.932000e+02 5.000000e-20 5.000000e-20
1.933000e+02 5.000000e-20 5.000000e-20
1.934000e+02 6.810946e-20 6.810946e-20
1.935000e+02 1.395771e-19 1.395771e-19
1.936000e+02 2.989371e-19 2.989371e-19
1.937000e+02 6.060472e-19 6.060472e-19
1.938000e+02 1.163057e-18 1.163057e-18
1.939000e+02 2.112858e-18 2.112858e-18
1.940000e+02 3.633469e-18 3.633469e-18
1.941000e+02 5.915082e-18 5.915082e-18
1.942000e+02 9.115798e-18 9.115798e-18
1.943000e+02 1.329932e-17 1.329932e-17
1.944000e+02 1.836840e-17 1.836840e-17
1.945000e+02 2.401738e-17 2.401738e-17
1.946000e+02 2.973022e-17 2.973022e-17
1.947000e+02 3.484124e-17 3.484124e-17
1.948000e+02 3.865601e-17 3.865601e-17
1.949000e+02 4.060437e-17 4.060437e-17
1.950000e+02 4.037984e-17 4.037984e-17
1.951000e+02 3.801862e-17 3.801862e-17
1.952000e+02 3.388995e-17 3.388995e-17
1.953000e+02 2.860165e-17 2.860165e-17
1.954000e+02 2.285382e-17 2.285382e-17
1.955000e+02 1.728925e-17 1.728925e-17
1.956000e+02 1.238351e-17 1.238351e-17
1.957000e+02 8.397750e-18 8.397750e-18
1.958000e+02 5.391795e-18 5.391795e-18
1.959000e+02 3.277592e-18 3.277592e-18
1.960000e+02 1.886369e-18 1.886369e-18
1.961000e+02 1.027891e-18 1.027891e-18
1.962000e+02 5.302913e-19 5.302913e-19
1.963000e+02 2.590160e-19 2.590160e-19
1.964000e+02 1.197789e-19 1.197789e-19
1.965000e+02 6.207298e-20 6.207298e-20
1.966000e+02 5.000000e-20 5.000000e-20
1.967000e+02 5.000000e-20 5.000000e-20
1.968000e+02 5.000000e-20 5.000000e-20
1.969000e+02 5.000000e-20 5.000000e-20
1.970000e+02 5.000000e-20 5.000000e-20
1.971000e+02 5.000000e-20 5.000000e-20
1.972000e+02 5.000000e-20 5.000000e-20
1.973000e+02 5.000000e-20 5.000000e-20
1.974000e+02 5.000000e-20 5.000000e-20
1.975000e+02 5.000000e-20 5.000000e-20
1.976000e+02 5.000000e-20 5.000000e-20
1.977000e+02 5.000000e-20 5.000000e-20
1.978000e+02 5.000000e-20 5.000000e-20
1.979000e+02 5.000000e-20 5.000000e-20
1.980000e+02 5.000000e-20 5.000000e-20
1.981000e+02 5.000000e-20 5.000000e-20
1.982000e+02 5.000000e-20 5.000000e-20
1.983000e+02 5.000000e-20 5.000000e-20
1.984000e+02 5.000000e-20 5.000000e-20
1.985000e+02 5.000000e-20 5.000000e-20
1.986000e+02 5.000000e-20 5.000000e-20
1.987000e+02 5.000000e-20 5.000000e-20
1.988000e+02 5.000000e-20 5.000000e-20
1.989000e+02 5.000000e-20 5.000000e-20
1.990000e+02 5.000000e-20 5.000000e-20
1.991000e+02 5.000000e-20 5.000000e-20
1.992000e+02 5.000000e-20 5.000000e-20
1.993000e+02 5.000000e-20 5.000000e-20
1.994000e+02 5.000000e-20 5.000000e-20
1.995000e+02 5.000000e-20 5.000000e-20
1.996000e+02 5.000000e-20 5.000000e-20
1.997000e+02 5.000000e-20 5.000000e-20
1.998000e+02 5.000000e-20 5.000000e-20
1.999000e+02 5.000000e-20 5.000000e-20
2.000000e+02 5.000000e-20 5.000000e-20
2.001000e+02 5.000000e-20 5.000000e-20
2.002000e+02 5.000000e-20 5.000000e-20
2.003000e+02 5.000000e-20 5.000000e-20
2.004000e+02 5.000000e-20 5.000000e-20
2.005000e+02 5.000000e-20 5.000000e-20
2.006000e+02 5.000000e-20 5.000000e-20
2.007000e+02 5.000000e-20 5.000000e-20
2.008000e+02 5.000000e-20 5.000000e-20
2.009000e+02 5.000000e-20 5.000000e-20
2.010000e+02 5.000000e-20 5.000000e-20
2.011000e+02 5.000000e-20 5.000000e-20
2.012000e+02 5.000000e-20 5.000000e-20
2.013000e+02 5.000000e-20 5.000000e-20
2.014000e+02 5.000000e-20 5.000000e-20
2.015000e+02 5.000000e-20 5.000000e-20
2.016000e+02 5.000000e-20 5.000000e-20
2.017000e+02 5.000000e-20 5.000000e-20
2.018000e+02 5.000000e-20 5.000000e-20
2.019000e+02 5.000000e-20 5.000000e-20
2.020000e+02 5.000000e-20 5.000000e-20
2.021000e+02 5.000000e-20 5.000000e-20
2.022000e+02 5.000000e-20 5.000000e-20
2.023000e+02 5.000000e-20 5.000000e-20
2.024000e+02 5.000000e-20 5.000000e-20
2.025000e+02 5.000000e-20 5.000000e-20
2.026000e+02 5.000000e-20 5.000000e-20
2.027000e+02 5.000000e-20 5.000000e-20
2.028000e+02 5.000000e-20 5.000000e-20
2.029000e+02 5.000000e-20 5.000000e-20
2.030000e+02 5.000000e-20 5.000000e-20
2.031000e+02 5.000000e-20 5.000000e-20
2.032000e+02 5.000000e-20 5.000000e-20
2.033000e+02 5.000000e-20 5.000000e-20
2.034000e+02 5.000000e-20 5.000000e-20
2.035000e+02 5.000000e-20 5.000000e-20
2.036000e+02 5.219748e-20 5.219748e-20
2.037000e+02 8.839595e-20 8.839595e-20
2.038000e+02 1.416227e-19 1.416227e-19
2.039000e+02 2.146598e-19 2.146598e-19
2.040000e+02 3.078126e-19 3.078126e-19
2.041000e+02 4.175799e-19 4.175799e-19
2.042000e+02 5.359328e-19 5.359328e-19
2.043000e+02 6.507269e-19 6.507269e-19
2.044000e+02 7.474889e-19 7.474889e-19
2.045000e+02 8.123223e-19 8.123223e-19
2.046000e+02 8.351599e-19 8.351599e-19
2.047000e+02 8.123230e-19 8.123230e-19
2.048000e+02 7.474922e-19 7.474922e-19
2.049000e+02 6.507399e-19 6.507399e-19
2.050000e+02 5.359816e-19 5.359816e-19
2.051000e+02 4.177528e-19 4.177528e-19
2.052000e+02 3.083917e-19 3.083917e-19
2.053000e+02 2.164949e-19 2.164949e-19
2.054000e+02 1.471243e-19 1.471243e-19
2.055000e+02 1.040002e-19 1.040002e-19
2.056000e+02 9.406817e-20 9.406817e-20
2.057000e+02 1.354503e-19 1.354503e-19
2.058000e+02 2.706792e-19 2.706792e-19
2.059000e+02 5.876894e-19 5.876894e-19
2.060000e+02 1.250319e-18 1.250319e-18
2.061000e+02 2.536805e-18 2.536805e-18
2.062000e+02 4.877997e-18 4.877997e-18
2.063000e+02 8.877352e-18 8.877352e-18
2.064000e+02 1.528553e-17 1.528553e-17
2.065000e+02 2.490022e-17 2.490022e-17
2.066000e+02 3.837474e-17 3.837474e-17
2.067000e+02 5.595071e-17 5.595071e-17
2.068000e+02 7.717622e-17 7.717622e-17
2.069000e+02 1.007115e-16 1.007115e-16
2.070000e+02 1.243346e-16 1.243346e-16
2.071000e+02 1.452188e-16 1.452188e-16
2.072000e+02 1.604616e-16 1.604616e-16
2.073000e+02 1.677402e-16 1.677402e-16
2.074000e+02 1.658902e-16 1.658902e-16
2.075000e+02 1.552107e-16 1.552107e-16
2.076000e+02 1.373854e-16 1.373854e-16
2.077000e+02 1.150474e-16 1.150474e-16
2.078000e+02 9.114455e-17 9.114455e-17
2.079000e+02 6.831282e-17 6.831282e-17
2.080000e+02 4.843858e-17 4.843858e-17
2.081000e+02 3.249362e-17 3.249362e-17
2.082000e+02 2.062160e-17 2.062160e-17
2.083000e+02 1.238125e-17 1.238125e-17
2.084000e+02 7.032729e-18 7.032729e-18
2.085000e+02 3.779210e-18 3.779210e-18
2.086000e+02 1.921302e-18 1.921302e-18
2.087000e+02 9.240767e-19 9.240767e-19
2.088000e+02 4.204728e-19 4.204728e-19
2.089000e+02 1.810029e-19 1.810029e-19
2.090000e+02 7.371411e-20 7.371411e-20
2.091000e+02 5.000000e-20 5.000000e-20
2.092000e+02 5.000000e-20 5.000000e-20
2.093000e+02 5.000000e-20 5.000000e-20
2.094000e+02 5.000000e-20 5.000000e-20
2.095000e+02 5.000000e-20 5.000000e-20
2.096000e+02 5.000000e-20 5.000000e-20
2.097000e+02 5.000000e-20 5.000000e-20
2.098000e+02 5.000000e-20 5.000000e-20
2.099000e+02 5.000000e-20 5.000000e-20
2.100000e+02 5.000000e-20 5.000000e-20
2.101000e+02 5.000000e-20 5.000000e-20
2.102000e+02 5.000000e-20 5.000000e-20
2.103000e+02 5.000000e-20 5.000000e-20
2.104000e+02 5.000000e-20 5.000000e-20
