# Mg photoionisation cross section
# From the Leiden database for photodissociation and photoionization of astrophysically relevant molecules, http://home.strw.leidenuniv.nl/~ewine/photo/
# File last modified by Alan Heays 2017-03-01
# references: yih1998, mendoza1996 http://stacks.iop.org/1402-4896/1996/i=T65/a=030, TOPbase_database,
# no info on lines
# wavelength: (nm)
# photoabsorption -- Photoabsorption cross section (cm2)
# photoionisation -- Photoionisation cross section (cm2)
# Mg+: Mg + hnu -> Mg+ + e- cross section (cm2)
# wavelength   photoabsorption   photoionisation
   8.0881000       3.05065e-21       3.05065e-21
   8.2515000       3.23861e-21       3.23861e-21
   8.4182000       3.43910e-21       3.43910e-21
   8.5883000       3.65212e-21       3.65212e-21
   8.7618000       3.87767e-21       3.87767e-21
   8.9388000       4.11689e-21       4.11689e-21
   9.1194000       4.37206e-21       4.37206e-21
   9.3036000       4.64204e-21       4.64204e-21
   9.4915000       4.92911e-21       4.92911e-21
   9.6833000       5.23440e-21       5.23440e-21
   9.8789000       5.55792e-21       5.55792e-21
  10.0785000       5.90194e-21       5.90194e-21
  10.2820000       6.26647e-21       6.26647e-21
  10.4898000       6.65378e-21       6.65378e-21
  10.7017000       7.06501e-21       7.06501e-21
  10.9179000       7.50245e-21       7.50245e-21
  11.1384000       7.96608e-21       7.96608e-21
  11.3634000       8.45933e-21       8.45933e-21
  11.5930000       8.98220e-21       8.98220e-21
  11.8272000       9.53697e-21       9.53697e-21
  12.0661000       1.01271e-20       1.01271e-20
  12.3098000       1.07536e-20       1.07536e-20
  12.5585000       1.14143e-20       1.14143e-20
  12.8122000       1.21206e-20       1.21206e-20
  13.0710000       1.28724e-20       1.28724e-20
  13.3351000       1.36698e-20       1.36698e-20
  13.6045000       1.45128e-20       1.45128e-20
  13.8793000       1.54127e-20       1.54127e-20
  14.1597000       1.63696e-20       1.63696e-20
  14.4457000       1.73834e-20       1.73834e-20
  14.7376000       1.84542e-20       1.84542e-20
  15.0353000       1.95934e-20       1.95934e-20
  15.3390000       2.08009e-20       2.08009e-20
  15.6489000       2.20881e-20       2.20881e-20
  15.9650000       2.34551e-20       2.34551e-20
  16.2875000       2.49132e-20       2.49132e-20
  16.6165000       2.64511e-20       2.64511e-20
  16.9522000       2.80801e-20       2.80801e-20
  17.2947000       2.98230e-20       2.98230e-20
  17.6441000       3.16684e-20       3.16684e-20
  18.0005000       3.36277e-20       3.36277e-20
  18.3641000       3.57010e-20       3.57010e-20
  18.7351000       3.79109e-20       3.79109e-20
  19.1136000       4.02576e-20       4.02576e-20
  19.4997000       4.27409e-20       4.27409e-20
  19.8936000       4.53838e-20       4.53838e-20
  20.2955000       4.81975e-20       4.81975e-20
  20.7055000       5.11707e-20       5.11707e-20
  21.1238000       5.43375e-20       5.43375e-20
  21.5505000       5.76980e-20       5.76980e-20
  21.9858000       6.12635e-20       6.12635e-20
  22.4300000       6.50569e-20       6.50569e-20
  22.8831000       6.90781e-20       6.90781e-20
  23.3454000       7.33499e-20       7.33499e-20
  23.8170000       7.78837e-20       7.78837e-20
  24.2981000       8.27024e-20       8.27024e-20
  24.7890000       8.78171e-20       8.78171e-20
  25.2897000       9.32509e-20       9.32509e-20
  25.8006000       9.90150e-20       9.90150e-20
  26.3219000       1.05132e-19       1.05132e-19
  26.8536000       1.11637e-19       1.11637e-19
  27.3961000       1.18586e-19       1.18586e-19
  27.9495000       1.25876e-19       1.25876e-19
  28.5141000       1.33622e-19       1.33622e-19
  29.0901000       1.41938e-19       1.41938e-19
  29.6778000       1.50710e-19       1.50710e-19
  30.2773000       1.60051e-19       1.60051e-19
  30.8890000       1.69847e-19       1.69847e-19
  31.5130000       1.80441e-19       1.80441e-19
  32.1496000       1.91605e-19       1.91605e-19
  32.7990000       2.03452e-19       2.03452e-19
  33.4616000       2.15983e-19       2.15983e-19
  34.1376000       2.29311e-19       2.29311e-19
  34.8272000       2.43550e-19       2.43550e-19
  35.5308000       2.58587e-19       2.58587e-19
  38.3876000       2.75447e-19       2.75447e-19
  43.6524000       2.82623e-19       2.82623e-19
  50.5908000       3.09735e-19       3.09735e-19
  64.4000000       2.73624e-19       2.73624e-19
  64.4035000       2.76244e-19       2.76244e-19
  64.4105000       2.65878e-19       2.65878e-19
  64.4174000       2.66561e-19       2.66561e-19
  64.4314000       2.75902e-19       2.75902e-19
  64.4362000       2.71232e-19       2.71232e-19
  64.4521000       2.66561e-19       2.66561e-19
  64.4699000       2.76130e-19       2.76130e-19
  64.4755000       2.71460e-19       2.71460e-19
  64.4950000       2.66903e-19       2.66903e-19
  64.5181000       2.75333e-19       2.75333e-19
  64.5254000       2.71801e-19       2.71801e-19
  64.5509000       2.66447e-19       2.66447e-19
  64.5811000       2.75219e-19       2.75219e-19
  64.5913000       2.69865e-19       2.69865e-19
  64.6144000       2.70093e-19       2.70093e-19
  64.6180000       2.90711e-19       2.90711e-19
  64.6198000       2.69523e-19       2.69523e-19
  64.6288000       2.61435e-19       2.61435e-19
  64.6473000       2.69979e-19       2.69979e-19
  64.6576000       2.69295e-19       2.69295e-19
  64.6664000       2.77497e-19       2.77497e-19
  64.6736000       2.67814e-19       2.67814e-19
  64.6902000       2.71346e-19       2.71346e-19
  64.6940000       2.94015e-19       2.94015e-19
  64.6954000       2.70434e-19       2.70434e-19
  64.7173000       2.63827e-19       2.63827e-19
  64.7478000       2.76472e-19       2.76472e-19
  64.7710000       2.62916e-19       2.62916e-19
  64.7786000       2.77497e-19       2.77497e-19
  64.7893000       2.68726e-19       2.68726e-19
  64.8145000       2.72257e-19       2.72257e-19
  64.8193000       2.92648e-19       2.92648e-19
  64.8226000       2.68840e-19       2.68840e-19
  64.8728000       2.61435e-19       2.61435e-19
  64.9490000       2.75447e-19       2.75447e-19
  64.9678000       2.60752e-19       2.60752e-19
  65.0392000       2.72827e-19       2.72827e-19
  65.0500000       2.98230e-19       2.98230e-19
  65.0548000       2.65194e-19       2.65194e-19
  65.0759000       2.58587e-19       2.58587e-19
  65.0997000       2.72371e-19       2.72371e-19
  65.1078000       2.57334e-19       2.57334e-19
  65.1258000       2.56765e-19       2.56765e-19
  65.1482000       2.77041e-19       2.77041e-19
  65.1599000       2.68612e-19       2.68612e-19
  65.2138000       2.67359e-19       2.67359e-19
  65.2365000       2.86724e-19       2.86724e-19
  65.2453000       3.25341e-19       3.25341e-19
  65.2483000       3.26936e-19       3.26936e-19
  65.2513000       2.76814e-19       2.76814e-19
  65.2635000       2.56879e-19       2.56879e-19
  65.3162000       2.56879e-19       2.56879e-19
  65.4103000       2.62233e-19       2.62233e-19
  65.4543000       2.83535e-19       2.83535e-19
  65.4729000       2.70548e-19       2.70548e-19
  65.5274000       2.62005e-19       2.62005e-19
  65.6076000       2.77497e-19       2.77497e-19
  65.6439000       2.58359e-19       2.58359e-19
  65.7125000       2.54828e-19       2.54828e-19
  65.7695000       2.66789e-19       2.66789e-19
  65.7844000       3.06659e-19       3.06659e-19
  65.7958000       2.75675e-19       2.75675e-19
  65.8113000       2.61891e-19       2.61891e-19
  66.0234000       2.66903e-19       2.66903e-19
  66.0906000       2.79320e-19       2.79320e-19
  66.1288000       2.53347e-19       2.53347e-19
  66.2593000       2.52664e-19       2.52664e-19
  66.4292000       2.76016e-19       2.76016e-19
  66.5126000       2.59043e-19       2.59043e-19
  67.0199000       2.68270e-19       2.68270e-19
  67.2356000       2.49702e-19       2.49702e-19
  67.3275000       2.56879e-19       2.56879e-19
  67.4821000       2.53917e-19       2.53917e-19
  68.6948000       2.62802e-19       2.62802e-19
  69.0140000       2.53347e-19       2.53347e-19
  70.6635000       2.33526e-19       2.33526e-19
  70.6868000       2.36829e-19       2.36829e-19
  70.7047000       2.23957e-19       2.23957e-19
  70.7325000       2.27716e-19       2.27716e-19
  70.7695000       2.63144e-19       2.63144e-19
  70.7915000       2.33412e-19       2.33412e-19
  70.8242000       2.36488e-19       2.36488e-19
  70.8474000       2.23501e-19       2.23501e-19
  70.8881000       2.27375e-19       2.27375e-19
  70.9403000       2.63030e-19       2.63030e-19
  70.9738000       2.31703e-19       2.31703e-19
  71.0211000       2.36602e-19       2.36602e-19
  71.0498000       2.22590e-19       2.22590e-19
  71.1144000       2.27375e-19       2.27375e-19
  71.1830000       2.60524e-19       2.60524e-19
  71.2074000       2.54714e-19       2.54714e-19
  71.2456000       2.28741e-19       2.28741e-19
  71.3141000       2.37057e-19       2.37057e-19
  71.3507000       2.21109e-19       2.21109e-19
  71.4542000       2.26235e-19       2.26235e-19
  71.5763000       2.62460e-19       2.62460e-19
  71.6208000       2.42070e-19       2.42070e-19
  71.6780000       2.24868e-19       2.24868e-19
  71.7730000       2.37741e-19       2.37741e-19
  71.8269000       2.18489e-19       2.18489e-19
  71.9985000       2.23501e-19       2.23501e-19
  72.2226000       2.60068e-19       2.60068e-19
  72.3274000       2.30450e-19       2.30450e-19
  72.4403000       2.19970e-19       2.19970e-19
  72.5728000       2.39563e-19       2.39563e-19
  72.6378000       2.16325e-19       2.16325e-19
  72.8873000       2.16097e-19       2.16097e-19
  73.4625000       2.48221e-19       2.48221e-19
  73.6394000       2.31931e-19       2.31931e-19
  73.8510000       2.17008e-19       2.17008e-19
  74.0173000       2.33640e-19       2.33640e-19
  74.0826000       2.21337e-19       2.21337e-19
  74.1952000       2.04705e-19       2.04705e-19
  75.5140000       2.13705e-19       2.13705e-19
  75.5507000       2.01060e-19       2.01060e-19
  75.5713000       2.08009e-19       2.08009e-19
  75.5794000       1.88302e-19       1.88302e-19
  75.5807000       1.96390e-19       1.96390e-19
  75.5834000       2.26691e-19       2.26691e-19
  75.5861000       2.34893e-19       2.34893e-19
  75.6369000       2.33526e-19       2.33526e-19
  75.6572000       2.03111e-19       2.03111e-19
  75.6718000       1.84315e-19       1.84315e-19
  75.7006000       2.04819e-19       2.04819e-19
  75.7274000       2.13021e-19       2.13021e-19
  75.7385000       1.88302e-19       1.88302e-19
  75.7404000       1.95137e-19       1.95137e-19
  75.7442000       2.24185e-19       2.24185e-19
  75.7480000       2.36374e-19       2.36374e-19
  75.7713000       2.45259e-19       2.45259e-19
  75.8190000       2.38766e-19       2.38766e-19
  75.8523000       1.97187e-19       1.97187e-19
  75.8708000       1.84087e-19       1.84087e-19
  75.9201000       2.17806e-19       2.17806e-19
  75.9486000       2.22248e-19       2.22248e-19
  75.9647000       1.88302e-19       1.88302e-19
  75.9674000       1.96048e-19       1.96048e-19
  75.9729000       2.24641e-19       2.24641e-19
  75.9812000       2.46512e-19       2.46512e-19
  76.0066000       2.59840e-19       2.59840e-19
  76.0665000       2.52891e-19       2.52891e-19
  76.1383000       1.90922e-19       1.90922e-19
  76.1661000       1.85909e-19       1.85909e-19
  76.2060000       2.17008e-19       2.17008e-19
  76.2518000       2.47537e-19       2.47537e-19
  76.2756000       2.33868e-19       2.33868e-19
  76.2918000       1.95364e-19       1.95364e-19
  76.3001000       1.86479e-19       1.86479e-19
  76.3042000       1.94453e-19       1.94453e-19
  76.3168000       2.41842e-19       2.41842e-19
  76.3338000       2.77383e-19       2.77383e-19
  76.3731000       2.85129e-19       2.85129e-19
  76.5172000       2.10173e-19       2.10173e-19
  76.5223000       1.91036e-19       1.91036e-19
  76.5378000       1.85568e-19       1.85568e-19
  76.5991000       1.85568e-19       1.85568e-19
  76.6068000       1.98554e-19       1.98554e-19
  76.6114000       1.90124e-19       1.90124e-19
  76.6388000       2.07325e-19       2.07325e-19
  76.6730000       2.63713e-19       2.63713e-19
  76.6928000       2.79092e-19       2.79092e-19
  76.7407000       2.10287e-19       2.10287e-19
  76.7716000       1.87276e-19       1.87276e-19
  76.7822000       1.94339e-19       1.94339e-19
  76.7865000       2.12110e-19       2.12110e-19
  76.7887000       2.33868e-19       2.33868e-19
  76.7909000       2.76472e-19       2.76472e-19
  76.7931000       3.36163e-19       3.36163e-19
  76.7953000       3.18848e-19       3.18848e-19
  76.7975000       2.43892e-19       2.43892e-19
  76.7997000       2.01971e-19       2.01971e-19
  76.8019000       1.83289e-19       1.83289e-19
  76.8041000       1.74404e-19       1.74404e-19
  76.8086000       1.67455e-19       1.67455e-19
  76.8222000       1.68480e-19       1.68480e-19
  76.8385000       1.91036e-19       1.91036e-19
  76.8674000       2.77041e-19       2.77041e-19
  76.8824000       2.95268e-19       2.95268e-19
  76.9430000       2.42525e-19       2.42525e-19
  77.0277000       2.00491e-19       2.00491e-19
  77.0339000       2.09262e-19       2.09262e-19
  77.0370000       2.32387e-19       2.32387e-19
  77.0402000       2.81029e-19       2.81029e-19
  77.0433000       2.96635e-19       2.96635e-19
  77.0465000       2.70548e-19       2.70548e-19
  77.0528000       2.35576e-19       2.35576e-19
  77.0690000       2.11768e-19       2.11768e-19
  77.1407000       1.91833e-19       1.91833e-19
  77.3138000       1.76796e-19       1.76796e-19
  77.3765000       1.95592e-19       1.95592e-19
  77.4047000       1.97643e-19       1.97643e-19
  77.4094000       1.84884e-19       1.84884e-19
  77.4142000       1.20408e-19       1.20408e-19
  77.4190000       1.99807e-19       1.99807e-19
  77.4239000       2.09490e-19       2.09490e-19
  77.7048000       1.65177e-19       1.65177e-19
  77.7494000       1.71784e-19       1.71784e-19
  77.7889000       2.08920e-19       2.08920e-19
  77.8228000       2.30792e-19       2.30792e-19
  77.9301000       2.10173e-19       2.10173e-19
  77.9756000       2.08806e-19       2.08806e-19
  77.9833000       2.30564e-19       2.30564e-19
  77.9911000       3.05634e-19       3.05634e-19
  77.9989000       2.48677e-19       2.48677e-19
  78.0067000       2.22590e-19       2.22590e-19
  78.0147000       2.13363e-19       2.13363e-19
  78.0630000       2.00149e-19       2.00149e-19
  78.6542000       1.73493e-19       1.73493e-19
  79.0314000       1.70075e-19       1.70075e-19
  79.0457000       1.81239e-19       1.81239e-19
  79.0602000       2.28741e-19       2.28741e-19
  79.0748000       2.60410e-19       2.60410e-19
  79.0894000       2.17692e-19       2.17692e-19
  79.1042000       1.96504e-19       1.96504e-19
  79.1341000       1.81695e-19       1.81695e-19
  79.2739000       1.68139e-19       1.68139e-19
  79.5103000       1.63810e-19       1.63810e-19
  79.6757000       1.98440e-19       1.98440e-19
  79.8734000       1.95023e-19       1.95023e-19
  80.4175000       1.84315e-19       1.84315e-19
  80.7056000       1.96504e-19       1.96504e-19
  80.8173000       2.23615e-19       2.23615e-19
  80.9038000       2.75219e-19       2.75219e-19
  80.9331000       2.81940e-19       2.81940e-19
  80.9627000       2.66333e-19       2.66333e-19
  81.0227000       2.13363e-19       2.13363e-19
  81.0838000       1.85568e-19       1.85568e-19
  81.2093000       1.69506e-19       1.69506e-19
  82.4496000       1.57545e-19       1.57545e-19
  83.1662000       1.59937e-19       1.59937e-19
  84.8018000       1.62899e-19       1.62899e-19
  85.7186000       1.75657e-19       1.75657e-19
  86.1447000       1.99465e-19       1.99465e-19
  86.4143000       2.35804e-19       2.35804e-19
  86.6002000       2.82282e-19       2.82282e-19
  86.8888000       3.87311e-19       3.87311e-19
  86.9877000       4.06449e-19       4.06449e-19
  87.0881000       3.99045e-19       3.99045e-19
  87.5039000       2.55625e-19       2.55625e-19
  87.7209000       2.12110e-19       2.12110e-19
  87.9444000       1.87162e-19       1.87162e-19
  88.2923000       1.67113e-19       1.67113e-19
  89.1680000       1.48659e-19       1.48659e-19
  91.5785000       1.37268e-19       1.37268e-19
  96.2341000       1.40116e-19       1.40116e-19
 103.1177000       1.71214e-19       1.71214e-19
 103.5139000       2.57220e-21       2.57220e-21
 103.5159000       1.85226e-21       1.85226e-21
 103.5182000       1.17333e-21       1.17333e-21
 103.5206000       6.71985e-22       6.71985e-22
 103.5230000       3.20785e-22       3.20785e-22
 103.5254000       1.02797e-22       1.02797e-22
 103.5277000       6.48291e-24       6.48291e-24
 103.5301000       2.41728e-23       2.41728e-23
 103.5325000       1.50937e-22       1.50937e-22
 103.5350000       3.84236e-22       3.84236e-22
 103.5374000       7.22791e-22       7.22791e-22
 103.5398000       1.16763e-21       1.16763e-21
 103.5422000       1.71898e-21       1.71898e-21
 103.5447000       2.38196e-21       2.38196e-21
 103.5471000       3.16000e-21       3.16000e-21
 103.5496000       4.05652e-21       4.05652e-21
 103.5545000       6.24027e-21       6.24027e-21
 103.5595000       9.00385e-21       9.00385e-21
 103.5670000       1.44558e-20       1.44558e-20
 103.5746000       2.19287e-20       2.19287e-20
 103.5822000       3.21696e-20       3.21696e-20
 103.5900000       4.64090e-20       4.64090e-20
 103.5978000       6.66289e-20       6.66289e-20
 103.6056000       9.62355e-20       9.62355e-20
 103.6136000       1.41255e-19       1.41255e-19
 103.6189000       1.84884e-19       1.84884e-19
 103.6243000       2.45373e-19       2.45373e-19
 103.6297000       3.30012e-19       3.30012e-19
 103.6351000       4.47686e-19       4.47686e-19
 103.6489000       8.52882e-19       8.52882e-19
 103.6545000       9.19864e-19       9.19864e-19
 103.6601000       8.39554e-19       8.39554e-19
 103.6657000       6.70504e-19       6.70504e-19
 103.6742000       4.26954e-19       4.26954e-19
 103.6800000       3.11102e-19       3.11102e-19
 103.6857000       2.28514e-19       2.28514e-19
 103.6915000       1.69847e-19       1.69847e-19
 103.6974000       1.27699e-19       1.27699e-19
 103.7062000       8.45364e-20       8.45364e-20
 103.7092000       7.38170e-20       7.38170e-20
 103.7122000       6.44532e-20       6.44532e-20
 103.7212000       4.26042e-20       4.26042e-20
 103.7302000       2.72827e-20       2.72827e-20
 103.7394000       1.60506e-20       1.60506e-20
 103.7456000       9.98352e-21       9.98352e-21
 103.7518000       4.55091e-21       4.55091e-21
 103.7549000       2.01288e-21       2.01288e-21
 103.7580000       9.58482e-23       9.58482e-23
 103.7612000       4.78671e-21       4.78671e-21
 103.7643000       5.88371e-19       5.88371e-19
 103.7675000       9.84568e-20       9.84568e-20
 103.7706000       2.95724e-20       2.95724e-20
 103.7738000       1.59937e-20       1.59937e-20
 103.7770000       1.02489e-20       1.02489e-20
 103.7802000       7.00350e-21       7.00350e-21
 103.7834000       4.88240e-21       4.88240e-21
 103.7867000       3.38442e-21       3.38442e-21
 103.7899000       2.28400e-21       2.28400e-21
 103.7931000       1.46723e-21       1.46723e-21
 103.7964000       8.65413e-22       8.65413e-22
 103.7997000       4.40396e-22       4.40396e-22
 103.8029000       1.65974e-22       1.65974e-22
 103.8062000       2.52436e-23       2.52436e-23
 103.8095000       7.02628e-24       7.02628e-24
 103.8128000       1.03879e-22       1.03879e-22
 103.8162000       3.11216e-22       3.11216e-22
 103.8195000       6.26419e-22       6.26419e-22
 103.8228000       1.04870e-21       1.04870e-21
 103.8262000       1.57886e-21       1.57886e-21
 103.8296000       2.21907e-21       2.21907e-21
 103.8330000       2.97091e-21       2.97091e-21
 103.8398000       4.83456e-21       4.83456e-21
 103.8466000       7.21766e-21       7.21766e-21
 103.8570000       1.19383e-20       1.19383e-20
 103.8674000       1.83631e-20       1.83631e-20
 103.8780000       2.70662e-20       2.70662e-20
 103.8887000       3.89590e-20       3.89590e-20
 103.8995000       5.54766e-20       5.54766e-20
 103.9104000       7.90115e-20       7.90115e-20
 103.9215000       1.13664e-19       1.13664e-19
 103.9289000       1.46381e-19       1.46381e-19
 103.9364000       1.90580e-19       1.90580e-19
 103.9439000       2.51525e-19       2.51525e-19
 103.9515000       3.36391e-19       3.36391e-19
 103.9591000       4.53838e-19       4.53838e-19
 103.9784000       8.56414e-19       8.56414e-19
 103.9863000       9.24193e-19       9.24193e-19
 103.9942000       8.45250e-19       8.45250e-19
 104.0021000       6.75858e-19       6.75858e-19
 104.0141000       4.29232e-19       4.29232e-19
 104.0222000       3.11558e-19       3.11558e-19
 104.0304000       2.27830e-19       2.27830e-19
 104.0386000       1.68366e-19       1.68366e-19
 104.0469000       1.25876e-19       1.25876e-19
 104.0594000       8.23834e-20       8.23834e-20
 104.0678000       6.22774e-20       6.22774e-20
 104.0806000       4.05310e-20       4.05310e-20
 104.0935000       2.53917e-20       2.53917e-20
 104.1065000       1.44103e-20       1.44103e-20
 104.1153000       8.57211e-21       8.57211e-21
 104.1242000       3.47327e-21       3.47327e-21
 104.1286000       1.23712e-21       1.23712e-21
 104.1331000       5.64335e-24       5.64335e-24
 104.1376000       8.12215e-21       8.12215e-21
 104.1421000       1.16763e-18       1.16763e-18
 104.1466000       8.96512e-20       8.96512e-20
 104.1511000       2.75333e-20       2.75333e-20
 104.1557000       1.46039e-20       1.46039e-20
 104.1602000       9.12004e-21       9.12004e-21
 104.1648000       6.04206e-21       6.04206e-21
 104.1694000       4.05879e-21       4.05879e-21
 104.1741000       2.68498e-21       2.68498e-21
 104.1787000       1.70189e-21       1.70189e-21
 104.1834000       9.98466e-22       9.98466e-22
 104.1880000       5.09428e-22       5.09428e-22
 104.1927000       1.95934e-22       1.95934e-22
 104.1974000       3.31949e-23       3.31949e-23
 104.2022000       4.93480e-24       4.93480e-24
 104.2069000       1.00325e-22       1.00325e-22
 104.2117000       3.12355e-22       3.12355e-22
 104.2165000       6.36671e-22       6.36671e-22
 104.2213000       1.07103e-21       1.07103e-21
 104.2261000       1.61532e-21       1.61532e-21
 104.2309000       2.26919e-21       2.26919e-21
 104.2358000       3.03698e-21       3.03698e-21
 104.2456000       4.92455e-21       4.92455e-21
 104.2554000       7.32132e-21       7.32132e-21
 104.2703000       1.20180e-20       1.20180e-20
 104.2855000       1.83289e-20       1.83289e-20
 104.3007000       2.67814e-20       2.67814e-20
 104.3162000       3.81388e-20       3.81388e-20
 104.3319000       5.36768e-20       5.36768e-20
 104.3477000       7.54004e-20       7.54004e-20
 104.3637000       1.06727e-19       1.06727e-19
 104.3745000       1.35787e-19       1.35787e-19
 104.3909000       1.98554e-19       1.98554e-19
 104.4019000       2.60068e-19       2.60068e-19
 104.4130000       3.45163e-19       3.45163e-19
 104.4242000       4.62040e-19       4.62040e-19
 104.4526000       8.60515e-19       8.60515e-19
 104.4641000       9.30344e-19       9.30344e-19
 104.4758000       8.54591e-19       8.54591e-19
 104.4993000       5.09314e-19       5.09314e-19
 104.5112000       3.68743e-19       3.68743e-19
 104.5232000       2.66675e-19       2.66675e-19
 104.5354000       1.94567e-19       1.94567e-19
 104.5476000       1.43419e-19       1.43419e-19
 104.5599000       1.06568e-19       1.06568e-19
 104.5723000       7.95469e-20       7.95469e-20
 104.5849000       5.93498e-20       5.93498e-20
 104.5975000       4.39940e-20       4.39940e-20
 104.6103000       3.21241e-20       3.21241e-20
 104.6231000       2.28058e-20       2.28058e-20
 104.6361000       1.53785e-20       1.53785e-20
 104.6492000       9.33078e-21       9.33078e-21
 104.6624000       4.30941e-21       4.30941e-21
 104.6690000       2.14844e-21       2.14844e-21
 104.6757000       4.28549e-22       4.28549e-22
 104.6824000       4.40168e-22       4.40168e-22
 104.6891000       1.54811e-20       1.54811e-20
 104.6959000       3.92551e-18       3.92551e-18
 104.7026000       7.81571e-20       7.81571e-20
 104.7095000       2.46398e-20       2.46398e-20
 104.7163000       1.26787e-20       1.26787e-20
 104.7232000       7.57877e-21       7.57877e-21
 104.7301000       4.75823e-21       4.75823e-21
 104.7370000       2.98571e-21       2.98571e-21
 104.7440000       1.80328e-21       1.80328e-21
 104.7510000       1.00143e-21       1.00143e-21
 104.7580000       4.72748e-22       4.72748e-22
 104.7651000       1.55836e-22       1.55836e-22
 104.7722000       1.36698e-23       1.36698e-23
 104.7793000       2.24868e-23       2.24868e-23
 104.7865000       1.66886e-22       1.66886e-22
 104.7937000       4.36864e-22       4.36864e-22
 104.8009000       8.25770e-22       8.25770e-22
 104.8081000       1.33053e-21       1.33053e-21
 104.8154000       1.94795e-21       1.94795e-21
 104.8227000       2.67928e-21       2.67928e-21
 104.8375000       4.48825e-21       4.48825e-21
 104.8598000       8.13012e-21       8.13012e-21
 104.8825000       1.30433e-20       1.30433e-20
 104.9054000       1.95364e-20       1.95364e-20
 104.9287000       2.80459e-20       2.80459e-20
 104.9523000       3.92893e-20       3.92893e-20
 104.9763000       5.43489e-20       5.43489e-20
 105.0005000       7.49561e-20       7.49561e-20
 105.0251000       1.03993e-19       1.03993e-19
 105.0501000       1.46381e-19       1.46381e-19
 105.0754000       2.10515e-19       2.10515e-19
 105.0925000       2.72599e-19       2.72599e-19
 105.1097000       3.57466e-19       3.57466e-19
 105.1271000       4.72862e-19       4.72862e-19
 105.1714000       8.64843e-19       8.64843e-19
 105.1893000       9.39572e-19       9.39572e-19
 105.2075000       8.71678e-19       8.71678e-19
 105.2444000       5.23554e-19       5.23554e-19
 105.2631000       3.77173e-19       3.77173e-19
 105.2820000       2.70320e-19       2.70320e-19
 105.3010000       1.95023e-19       1.95023e-19
 105.3203000       1.41710e-19       1.41710e-19
 105.3398000       1.03686e-19       1.03686e-19
 105.3594000       7.60041e-20       7.60041e-20
 105.3793000       5.55108e-20       5.55108e-20
 105.3993000       4.00981e-20       4.00981e-20
 105.4196000       2.83421e-20       2.83421e-20
 105.4400000       1.92516e-20       1.92516e-20
 105.4607000       1.21661e-20       1.21661e-20
 105.4815000       6.59454e-21       6.59454e-21
 105.4920000       4.27865e-21       4.27865e-21
 105.5026000       2.27716e-21       2.27716e-21
 105.5132000       6.92945e-22       6.92945e-22
 105.5239000       8.80791e-24       8.80791e-24
 105.5346000       2.81598e-21       2.81598e-21
 105.5454000       3.72616e-20       3.72616e-20
 105.5563000       3.42657e-18       3.42657e-18
 105.5672000       6.29837e-20       6.29837e-20
 105.5781000       2.05275e-20       2.05275e-20
 105.5891000       1.00131e-20       1.00131e-20
 105.6002000       5.51805e-21       5.51805e-21
 105.6113000       3.10646e-21       3.10646e-21
 105.6225000       1.67227e-21       1.67227e-21
 105.6337000       7.97633e-22       7.97633e-22
 105.6450000       2.88205e-22       2.88205e-22
 105.6564000       4.43244e-23       4.43244e-23
 105.6678000       8.94233e-24       8.94233e-24
 105.6793000       1.47520e-22       1.47520e-22
 105.6908000       4.38459e-22       4.38459e-22
 105.7024000       8.67463e-22       8.67463e-22
 105.7141000       1.42508e-21       1.42508e-21
 105.7258000       2.10743e-21       2.10743e-21
 105.7494000       3.83210e-21       3.83210e-21
 105.7733000       6.03864e-21       6.03864e-21
 105.8096000       1.03070e-20       1.03070e-20
 105.8465000       1.58798e-20       1.58798e-20
 105.8966000       2.58132e-20       2.58132e-20
 105.9478000       3.96424e-20       3.96424e-20
 106.0001000       5.92586e-20       5.92586e-20
 106.0537000       8.80564e-20       8.80564e-20
 106.0946000       1.19269e-19       1.19269e-19
 106.1362000       1.63924e-19       1.63924e-19
 106.1785000       2.29995e-19       2.29995e-19
 106.2215000       3.31265e-19       3.31265e-19
 106.2653000       4.88240e-19       4.88240e-19
 106.3399000       8.68261e-19       8.68261e-19
 106.3704000       9.54494e-19       9.54494e-19
 106.4012000       9.06081e-19       9.06081e-19
 106.4799000       4.75709e-19       4.75709e-19
 106.5120000       3.38328e-19       3.38328e-19
 106.5445000       2.39450e-19       2.39450e-19
 106.5773000       1.69961e-19       1.69961e-19
 106.6106000       1.21092e-19       1.21092e-19
 106.6443000       8.62223e-20       8.62223e-20
 106.6783000       6.10015e-20       6.10015e-20
 106.7128000       4.25131e-20       4.25131e-20
 106.7477000       2.88091e-20       2.88091e-20
 106.7831000       1.85682e-20       1.85682e-20
 106.8188000       1.09085e-20       1.09085e-20
 106.8369000       7.85672e-21       7.85672e-21
 106.8551000       5.25718e-21       5.25718e-21
 106.8733000       3.09052e-21       3.09052e-21
 106.8917000       1.37951e-21       1.37951e-21
 106.9102000       2.50158e-22       2.50158e-22
 106.9288000       1.26104e-22       1.26104e-22
 106.9476000       2.61663e-21       2.61663e-21
 106.9664000       1.67569e-20       1.67569e-20
 107.0044000       3.83210e-19       3.83210e-19
 107.0236000       4.29118e-20       4.29118e-20
 107.0430000       1.49001e-20       1.49001e-20
 107.0624000       6.62644e-21       6.62644e-21
 107.0820000       3.06659e-21       3.06659e-21
 107.1017000       1.29635e-21       1.29635e-21
 107.1215000       4.09753e-22       4.09753e-22
 107.1414000       4.44269e-23       4.44269e-23
 107.1615000       3.00166e-23       3.00166e-23
 107.1817000       2.76586e-22       2.76586e-22
 107.2020000       7.32702e-22       7.32702e-22
 107.2225000       1.36698e-21       1.36698e-21
 107.2431000       2.16097e-21       2.16097e-21
 107.2638000       3.10191e-21       3.10191e-21
 107.3056000       5.39730e-21       5.39730e-21
 107.3480000       8.22923e-21       8.22923e-21
 107.4127000       1.34989e-20       1.34989e-20
 107.5009000       2.26805e-20       2.26805e-20
 107.5914000       3.48694e-20       3.48694e-20
 107.6844000       5.11365e-20       5.11365e-20
 107.7799000       7.32474e-20       7.32474e-20
 107.8781000       1.04266e-19       1.04266e-19
 107.9790000       1.49571e-19       1.49571e-19
 108.0566000       1.98782e-19       1.98782e-19
 108.1357000       2.68840e-19       2.68840e-19
 108.2166000       3.71477e-19       3.71477e-19
 108.2992000       5.23212e-19       5.23212e-19
 108.4699000       9.44698e-19       9.44698e-19
 108.5284000       9.97213e-19       9.97213e-19
 108.5878000       9.21573e-19       9.21573e-19
 108.7093000       5.59779e-19       5.59779e-19
 108.7714000       3.98703e-19       3.98703e-19
 108.8344000       2.78295e-19       2.78295e-19
 108.8984000       1.92744e-19       1.92744e-19
 108.9633000       1.32597e-19       1.32597e-19
 109.0293000       9.02094e-20       9.02094e-20
 109.0962000       6.01699e-20       6.01699e-20
 109.1642000       3.87311e-20       3.87311e-20
 109.1986000       3.04039e-20       3.04039e-20
 109.2332000       2.33868e-20       2.33868e-20
 109.2682000       1.74632e-20       1.74632e-20
 109.3033000       1.25079e-20       1.25079e-20
 109.3388000       8.41263e-21       8.41263e-21
 109.3746000       5.10112e-21       5.10112e-21
 109.4106000       2.54714e-21       2.54714e-21
 109.4469000       7.91368e-22       7.91368e-22
 109.4835000       1.04802e-23       1.04802e-23
 109.5204000       6.96705e-22       6.96705e-22
 109.5576000       4.27523e-21       4.27523e-21
 109.5951000       1.58114e-20       1.58114e-20
 109.6328000       6.33026e-20       6.33026e-20
 109.6709000       6.69365e-19       6.69365e-19
 109.7093000       4.92341e-19       4.92341e-19
 109.7480000       6.85769e-20       6.85769e-20
 109.7870000       2.24868e-20       2.24868e-20
 109.8263000       9.03005e-21       9.03005e-21
 109.8660000       3.59744e-21       3.59744e-21
 109.9060000       1.17105e-21       1.17105e-21
 109.9463000       1.83859e-22       1.83859e-22
 109.9869000       1.57886e-23       1.57886e-23
 110.0279000       3.78084e-22       3.78084e-22
 110.0692000       1.12115e-21       1.12115e-21
 110.1108000       2.16097e-21       2.16097e-21
 110.1528000       3.44707e-21       3.44707e-21
 110.2378000       6.64808e-21       6.64808e-21
 110.3681000       1.28268e-20       1.28268e-20
 110.5469000       2.35576e-20       2.35576e-20
 110.7793000       4.14765e-20       4.14765e-20
 111.0219000       6.60252e-20       6.60252e-20
 111.2755000       1.00439e-19       1.00439e-19
 111.5406000       1.50937e-19       1.50937e-19
 111.7616000       2.10743e-19       2.10743e-19
 111.9909000       3.00508e-19       3.00508e-19
 112.1685000       4.00184e-19       4.00184e-19
 112.3513000       5.43489e-19       5.43489e-19
 112.6033000       8.25201e-19       8.25201e-19
 112.8652000       1.11887e-18       1.11887e-18
 113.0001000       1.13858e-18       1.13858e-18
 113.1377000       1.01236e-18       1.01236e-18
 113.4212000       5.69803e-19       5.69803e-19
 113.5673000       3.89476e-19       3.89476e-19
 113.7164000       2.59271e-19       2.59271e-19
 113.7921000       2.10173e-19       2.10173e-19
 113.8686000       1.69506e-19       1.69506e-19
 113.9459000       1.36015e-19       1.36015e-19
 114.0240000       1.08527e-19       1.08527e-19
 114.1030000       8.58920e-20       8.58920e-20
 114.1827000       6.73124e-20       6.73124e-20
 114.2633000       5.20820e-20       5.20820e-20
 114.3447000       3.96311e-20       3.96311e-20
 114.4271000       2.94926e-20       2.94926e-20
 114.5103000       2.13021e-20       2.13021e-20
 114.5944000       1.47634e-20       1.47634e-20
 114.6794000       9.63836e-21       9.63836e-21
 114.7653000       5.73562e-21       5.73562e-21
 114.8522000       2.91167e-21       2.91167e-21
 114.9400000       1.06442e-21       1.06442e-21
 115.0287000       1.30775e-22       1.30775e-22
 115.1185000       9.95048e-23       9.95048e-23
 115.2092000       1.03127e-21       1.03127e-21
 115.3009000       3.11102e-21       3.11102e-21
 115.3937000       6.77795e-21       6.77795e-21
 115.4875000       1.31002e-20       1.31002e-20
 115.5824000       2.51183e-20       2.51183e-20
 115.6783000       5.44970e-20       5.44970e-20
 115.7753000       1.92858e-19       1.92858e-19
 115.8735000       7.01033e-18       7.01033e-18
 115.9727000       5.58753e-20       5.58753e-20
 116.0731000       4.55888e-21       4.55888e-21
 116.1746000       6.12863e-25       6.12863e-25
 116.2773000       1.50140e-21       1.50140e-21
 116.3813000       4.49509e-21       4.49509e-21
 116.5928000       1.18358e-20       1.18358e-20
 117.1438000       3.35138e-20       3.35138e-20
 117.8503000       6.56607e-20       6.56607e-20
 118.7437000       1.14599e-19       1.14599e-19
 119.7205000       1.81922e-19       1.81922e-19
 120.1540000       3.93425e-20       3.93425e-20
 120.2560000       1.20896e-20       1.20896e-20
 120.7170000       9.02746e-21       9.02746e-21
 120.9230000       3.62571e-20       3.62571e-20
 121.2810000       5.43934e-20       5.43934e-20
 121.6400000       7.55570e-20       7.55570e-20
 121.8460000       1.05814e-19       1.05814e-19
 122.2560000       1.17892e-19       1.17892e-19
 122.5630000       1.42087e-19       1.42087e-19
 122.8200000       1.57203e-19       1.57203e-19
 123.0250000       1.87460e-19       1.87460e-19
 123.2300000       2.11663e-19       2.11663e-19
 123.3840000       2.41923e-19       2.41923e-19
 123.5390000       2.69157e-19       2.69157e-19
 123.7440000       2.96387e-19       2.96387e-19
 123.8980000       3.26647e-19       3.26647e-19
 124.1030000       3.53877e-19       3.53877e-19
 124.2580000       3.84138e-19       3.84138e-19
 124.3600000       4.11375e-19       4.11375e-19
 124.6170000       4.38601e-19       4.38601e-19
 124.8220000       4.62804e-19       4.62804e-19
 124.9250000       4.93068e-19       4.93068e-19
 125.0280000       5.23333e-19       5.23333e-19
 125.0800000       5.53601e-19       5.53601e-19
 125.1830000       5.83866e-19       5.83866e-19
 125.2860000       6.11104e-19       6.11104e-19
 125.3890000       6.41368e-19       6.41368e-19
 125.4920000       6.71633e-19       6.71633e-19
 125.5430000       7.01901e-19       7.01901e-19
 125.6460000       7.32166e-19       7.32166e-19
 125.8000000       7.59400e-19       7.59400e-19
 125.9030000       7.89664e-19       7.89664e-19
 126.0060000       8.16902e-19       8.16902e-19
 126.1090000       8.47166e-19       8.47166e-19
 126.1610000       8.77435e-19       8.77435e-19
 126.2640000       9.07700e-19       9.07700e-19
 126.3670000       9.37964e-19       9.37964e-19
 126.4700000       9.68229e-19       9.68229e-19
 126.5210000       9.95470e-19       9.95470e-19
 126.8290000       1.01966e-18       1.01966e-18
 127.0860000       1.03781e-18       1.03781e-18
 127.1370000       1.06808e-18       1.06808e-18
 127.2400000       1.09834e-18       1.09834e-18
 127.4960000       1.08924e-18       1.08924e-18
 127.8030000       1.06500e-18       1.06500e-18
 127.9050000       1.03775e-18       1.03775e-18
 128.0070000       1.00747e-18       1.00747e-18
 128.1090000       9.77187e-19       9.77187e-19
 128.1600000       9.46910e-19       9.46910e-19
 128.2610000       9.16630e-19       9.16630e-19
 128.3120000       8.86354e-19       8.86354e-19
 128.3630000       8.56077e-19       8.56077e-19
 128.4650000       8.25797e-19       8.25797e-19
 128.5160000       7.98548e-19       7.98548e-19
 128.6170000       7.68268e-19       7.68268e-19
 128.6680000       7.37992e-19       7.37992e-19
 128.7190000       7.07716e-19       7.07716e-19
 128.8210000       6.77435e-19       6.77435e-19
 128.8710000       6.47159e-19       6.47159e-19
 128.9730000       6.16879e-19       6.16879e-19
 129.0750000       5.86599e-19       5.86599e-19
 129.1260000       5.56322e-19       5.56322e-19
 129.2280000       5.29070e-19       5.29070e-19
 129.2790000       4.98793e-19       4.98793e-19
 129.3810000       4.68513e-19       4.68513e-19
 129.4310000       4.38237e-19       4.38237e-19
 129.5330000       4.07957e-19       4.07957e-19
 129.6350000       3.77676e-19       3.77676e-19
 129.7370000       3.47396e-19       3.47396e-19
 129.8900000       3.20139e-19       3.20139e-19
 129.9920000       2.89859e-19       2.89859e-19
 130.1450000       2.62603e-19       2.62603e-19
 130.2470000       2.32322e-19       2.32322e-19
 130.4000000       2.02038e-19       2.02038e-19
 130.5020000       1.74785e-19       1.74785e-19
 130.6550000       1.44501e-19       1.44501e-19
 130.7570000       1.14221e-19       1.14221e-19
 131.0130000       8.99839e-20       8.99839e-20
 131.2690000       6.27193e-20       6.27193e-20
 131.6270000       5.36105e-20       5.36105e-20
 131.8820000       1.12097e-20       1.12097e-20
 132.2410000       1.11826e-20       1.11826e-20
 132.7020000       2.06597e-21       2.06597e-21
 133.1630000       2.03108e-21       2.03108e-21
 133.6750000       1.99232e-21       1.99232e-21
 134.1360000       0.00000e+00       0.00000e+00
 134.5970000       7.97703e-21       7.97703e-21
 135.0580000       7.94215e-21       7.94215e-21
 135.4170000       2.60785e-20       2.60785e-20
 135.8260000       2.90747e-20       2.90747e-20
 136.2880000       4.11488e-20       4.11488e-20
 136.5950000       5.92890e-20       5.92890e-20
 136.9030000       8.65109e-20       8.65109e-20
 137.2100000       9.85966e-20       9.85966e-20
 137.6200000       1.10675e-19       1.10675e-19
 138.0300000       1.13671e-19       1.13671e-19
 138.2870000       1.37869e-19       1.37869e-19
 138.5940000       1.46928e-19       1.46928e-19
 138.9020000       1.62041e-19       1.62041e-19
 139.3110000       1.68064e-19       1.68064e-19
 139.6190000       1.86204e-19       1.86204e-19
 140.0290000       1.98282e-19       1.98282e-19
 140.3370000       2.19450e-19       2.19450e-19
 140.7470000       2.28501e-19       2.28501e-19
 140.9010000       2.58761e-19       2.58761e-19
 141.1570000       2.61769e-19       2.61769e-19
 141.4640000       2.79909e-19       2.79909e-19
 141.8740000       2.95015e-19       2.95015e-19
 142.0290000       3.22248e-19       3.22248e-19
 142.4380000       3.25244e-19       3.25244e-19
 142.7460000       3.31276e-19       3.31276e-19
 142.9000000       3.58509e-19       3.58509e-19
 143.2590000       3.70591e-19       3.70591e-19
 143.6170000       3.82673e-19       3.82673e-19
 143.9250000       4.03840e-19       4.03840e-19
 144.2330000       4.25008e-19       4.25008e-19
 144.3870000       4.52241e-19       4.52241e-19
 144.6940000       4.58272e-19       4.58272e-19
 145.0530000       4.76409e-19       4.76409e-19
 145.2070000       5.03642e-19       5.03642e-19
 145.5660000       5.06642e-19       5.06642e-19
 145.9250000       5.27806e-19       5.27806e-19
 146.2320000       5.48973e-19       5.48973e-19
 146.5400000       5.73168e-19       5.73168e-19
 146.8990000       5.82223e-19       5.82223e-19
 147.0010000       6.12487e-19       6.12487e-19
 147.2070000       6.36690e-19       6.36690e-19
 147.4630000       6.54834e-19       6.54834e-19
 147.7710000       6.72974e-19       6.72974e-19
 147.8740000       7.03239e-19       7.03239e-19
 148.0790000       7.30468e-19       7.30468e-19
 148.3860000       7.18336e-19       7.18336e-19
 148.6430000       7.36480e-19       7.36480e-19
 148.7450000       7.63718e-19       7.63718e-19
 148.9000000       7.93978e-19       7.93978e-19
 149.2070000       7.93955e-19       7.93955e-19
 149.4120000       8.21185e-19       8.21185e-19
 149.7200000       8.36298e-19       8.36298e-19
 150.0270000       8.51411e-19       8.51411e-19
 150.2330000       8.78640e-19       8.78640e-19
 150.4380000       9.05870e-19       9.05870e-19
 150.6430000       9.24018e-19       9.24018e-19
 150.8990000       9.23999e-19       9.23999e-19
 151.0020000       9.54263e-19       9.54263e-19
 151.1560000       9.84524e-19       9.84524e-19
 151.2590000       1.01176e-18       1.01176e-18
 151.5670000       1.01779e-18       1.01779e-18
 151.7720000       1.03594e-18       1.03594e-18
 151.9770000       1.06317e-18       1.06317e-18
 152.0800000       1.08738e-18       1.08738e-18
 152.3360000       1.08131e-18       1.08131e-18
 152.4390000       1.11157e-18       1.11157e-18
 152.5420000       1.13881e-18       1.13881e-18
 152.7980000       1.13576e-18       1.13576e-18
 152.9520000       1.16602e-18       1.16602e-18
 153.3110000       1.17508e-18       1.17508e-18
 153.4650000       1.20231e-18       1.20231e-18
 153.6700000       1.22954e-18       1.22954e-18
 153.9780000       1.24768e-18       1.24768e-18
 154.0810000       1.27795e-18       1.27795e-18
 154.1840000       1.30821e-18       1.30821e-18
 154.4400000       1.33241e-18       1.33241e-18
 154.6450000       1.35964e-18       1.35964e-18
 154.9530000       1.34448e-18       1.34448e-18
 155.2090000       1.35657e-18       1.35657e-18
 155.3630000       1.38077e-18       1.38077e-18
 155.5170000       1.41104e-18       1.41104e-18
 155.7730000       1.43221e-18       1.43221e-18
 155.8760000       1.46247e-18       1.46247e-18
 155.9790000       1.49274e-18       1.49274e-18
 156.1850000       1.51694e-18       1.51694e-18
 156.3390000       1.54720e-18       1.54720e-18
 156.4930000       1.57443e-18       1.57443e-18
 156.6980000       1.58955e-18       1.58955e-18
 157.1080000       1.59255e-18       1.59255e-18
 157.2110000       1.61979e-18       1.61979e-18
 157.3140000       1.65005e-18       1.65005e-18
 157.5190000       1.64701e-18       1.64701e-18
 157.6720000       1.65305e-18       1.65305e-18
 157.7240000       1.68332e-18       1.68332e-18
 157.8270000       1.71359e-18       1.71359e-18
 157.9800000       1.70449e-18       1.70449e-18
 158.1860000       1.73778e-18       1.73778e-18
 158.4930000       1.75592e-18       1.75592e-18
 158.6990000       1.78012e-18       1.78012e-18
 158.8530000       1.80735e-18       1.80735e-18
 159.0070000       1.83761e-18       1.83761e-18
 159.1610000       1.86485e-18       1.86485e-18
 159.3150000       1.89208e-18       1.89208e-18
 159.5210000       1.91628e-18       1.91628e-18
 159.6740000       1.92535e-18       1.92535e-18
 159.8280000       1.91626e-18       1.91626e-18
 159.8800000       1.94653e-18       1.94653e-18
 160.0340000       1.97376e-18       1.97376e-18
 160.2390000       1.98283e-18       1.98283e-18
 160.4440000       2.00098e-18       2.00098e-18
 160.5470000       2.03124e-18       2.03124e-18
 160.5990000       2.06151e-18       2.06151e-18
 160.7020000       2.09177e-18       2.09177e-18
 160.7530000       2.12204e-18       2.12204e-18
 161.1120000       2.13715e-18       2.13715e-18
 161.3170000       2.14319e-18       2.14319e-18
 161.3690000       2.17346e-18       2.17346e-18
 161.4200000       2.20373e-18       2.20373e-18
 161.5230000       2.23399e-18       2.23399e-18
 161.7280000       2.21581e-18       2.21581e-18
 161.8820000       2.24607e-18       2.24607e-18
 162.0360000       2.25817e-18       2.25817e-18
 162.0870000       2.22789e-18       2.22789e-18
 162.4110000       2.32915e-19       2.32915e-19
 162.4610000       1.72367e-19       1.72367e-19
 162.4620000       2.02639e-19       2.02639e-19
 162.5120000       0.00000e+00       0.00000e+00
 162.7170000       0.00000e+00       0.00000e+00
 162.8700000       0.00000e+00       0.00000e+00
 163.1770000       0.00000e+00       0.00000e+00
 163.4330000       0.00000e+00       0.00000e+00
 163.5870000       0.00000e+00       0.00000e+00
 163.8940000       0.00000e+00       0.00000e+00
 163.9970000       0.00000e+00       0.00000e+00
 164.1500000       0.00000e+00       0.00000e+00
 164.1510000       0.00000e+00       0.00000e+00
 164.3550000       0.00000e+00       0.00000e+00
 164.4570000       0.00000e+00       0.00000e+00
 164.5600000       0.00000e+00       0.00000e+00
 164.7140000       0.00000e+00       0.00000e+00
 164.8660000       0.00000e+00       0.00000e+00
 165.0200000       0.00000e+00       0.00000e+00
 165.1240000       0.00000e+00       0.00000e+00
 165.1760000       0.00000e+00       0.00000e+00
 165.2770000       0.00000e+00       0.00000e+00
 165.3280000       0.00000e+00       0.00000e+00
 165.3790000       0.00000e+00       0.00000e+00
 165.5830000       0.00000e+00       0.00000e+00
 165.8410000       0.00000e+00       0.00000e+00
 165.8940000       0.00000e+00       0.00000e+00
 165.9430000       0.00000e+00       0.00000e+00
 165.9940000       0.00000e+00       0.00000e+00
 166.0450000       0.00000e+00       0.00000e+00
 166.0960000       0.00000e+00       0.00000e+00
 166.4030000       0.00000e+00       0.00000e+00
 166.6590000       0.00000e+00       0.00000e+00
 166.7110000       0.00000e+00       0.00000e+00
 166.7620000       0.00000e+00       0.00000e+00
 166.8140000       0.00000e+00       0.00000e+00
 166.8660000       0.00000e+00       0.00000e+00
 166.9170000       0.00000e+00       0.00000e+00
 166.9190000       0.00000e+00       0.00000e+00
 167.0180000       0.00000e+00       0.00000e+00
 167.0190000       0.00000e+00       0.00000e+00
 167.0690000       0.00000e+00       0.00000e+00
 167.1200000       0.00000e+00       0.00000e+00
 167.2730000       0.00000e+00       0.00000e+00
 167.6830000       0.00000e+00       0.00000e+00
 167.9390000       0.00000e+00       0.00000e+00
 168.0930000       0.00000e+00       0.00000e+00
 168.1450000       0.00000e+00       0.00000e+00
 168.1970000       0.00000e+00       0.00000e+00
 168.2490000       0.00000e+00       0.00000e+00
 168.3030000       0.00000e+00       0.00000e+00
 168.4540000       0.00000e+00       0.00000e+00
 168.5040000       0.00000e+00       0.00000e+00
 168.5550000       0.00000e+00       0.00000e+00
 168.6560000       0.00000e+00       0.00000e+00
 169.0150000       0.00000e+00       0.00000e+00
 169.2710000       0.00000e+00       0.00000e+00
 169.6290000       0.00000e+00       0.00000e+00
 169.8850000       0.00000e+00       0.00000e+00
 170.2950000       0.00000e+00       0.00000e+00
 170.4490000       0.00000e+00       0.00000e+00
 170.5010000       0.00000e+00       0.00000e+00
 170.5530000       0.00000e+00       0.00000e+00
 170.6050000       0.00000e+00       0.00000e+00
 170.7120000       0.00000e+00       0.00000e+00
 170.8100000       0.00000e+00       0.00000e+00
 170.9110000       0.00000e+00       0.00000e+00
 170.9620000       0.00000e+00       0.00000e+00
 171.0130000       0.00000e+00       0.00000e+00
 171.2180000       0.00000e+00       0.00000e+00
 171.4220000       0.00000e+00       0.00000e+00
 171.6260000       0.00000e+00       0.00000e+00
 171.7800000       0.00000e+00       0.00000e+00
 172.0360000       0.00000e+00       0.00000e+00
 172.4460000       0.00000e+00       0.00000e+00
 172.6000000       0.00000e+00       0.00000e+00
 172.8050000       0.00000e+00       0.00000e+00
 173.1120000       0.00000e+00       0.00000e+00
 173.4700000       0.00000e+00       0.00000e+00
 173.5730000       0.00000e+00       0.00000e+00
 173.7270000       0.00000e+00       0.00000e+00
 174.0850000       0.00000e+00       0.00000e+00
 174.2390000       0.00000e+00       0.00000e+00
 174.3930000       0.00000e+00       0.00000e+00
 174.4960000       0.00000e+00       0.00000e+00
 174.5470000       0.00000e+00       0.00000e+00
 174.8640000       0.00000e+00       0.00000e+00
 174.9110000       0.00000e+00       0.00000e+00
 175.0100000       0.00000e+00       0.00000e+00
 175.1610000       0.00000e+00       0.00000e+00
 175.3140000       0.00000e+00       0.00000e+00
 175.6220000       0.00000e+00       0.00000e+00
 175.8270000       0.00000e+00       0.00000e+00
 176.0830000       0.00000e+00       0.00000e+00
 176.1850000       0.00000e+00       0.00000e+00
 176.4410000       0.00000e+00       0.00000e+00
 176.7480000       0.00000e+00       0.00000e+00
 177.1070000       0.00000e+00       0.00000e+00
 177.3130000       0.00000e+00       0.00000e+00
 177.4150000       0.00000e+00       0.00000e+00
 177.5680000       0.00000e+00       0.00000e+00
 177.9260000       0.00000e+00       0.00000e+00
 178.0800000       0.00000e+00       0.00000e+00
 178.2850000       0.00000e+00       0.00000e+00
 178.6430000       0.00000e+00       0.00000e+00
 178.8990000       0.00000e+00       0.00000e+00
 179.1050000       0.00000e+00       0.00000e+00
 179.2070000       0.00000e+00       0.00000e+00
 179.5140000       0.00000e+00       0.00000e+00
 179.7700000       0.00000e+00       0.00000e+00
 179.9240000       0.00000e+00       0.00000e+00
 180.0270000       0.00000e+00       0.00000e+00
 180.1290000       0.00000e+00       0.00000e+00
 180.3330000       0.00000e+00       0.00000e+00
 180.5890000       0.00000e+00       0.00000e+00
 180.8960000       0.00000e+00       0.00000e+00
 180.9990000       0.00000e+00       0.00000e+00
 181.2560000       0.00000e+00       0.00000e+00
 181.3070000       0.00000e+00       0.00000e+00
 181.5110000       0.00000e+00       0.00000e+00
 181.7690000       0.00000e+00       0.00000e+00
 181.9720000       0.00000e+00       0.00000e+00
 182.0750000       0.00000e+00       0.00000e+00
 182.1270000       0.00000e+00       0.00000e+00
 182.2300000       0.00000e+00       0.00000e+00
 182.2820000       0.00000e+00       0.00000e+00
 182.3340000       0.00000e+00       0.00000e+00
 182.3860000       0.00000e+00       0.00000e+00
 182.4380000       0.00000e+00       0.00000e+00
 182.4900000       0.00000e+00       0.00000e+00
 182.5970000       0.00000e+00       0.00000e+00
 182.6550000       0.00000e+00       0.00000e+00
 182.8190000       0.00000e+00       0.00000e+00
 182.9080000       0.00000e+00       0.00000e+00
 182.9090000       0.00000e+00       0.00000e+00
 182.9100000       0.00000e+00       0.00000e+00
 182.9530000       0.00000e+00       0.00000e+00
 182.9570000       0.00000e+00       0.00000e+00
 182.9580000       0.00000e+00       0.00000e+00
 182.9590000       0.00000e+00       0.00000e+00
 183.0510000       0.00000e+00       0.00000e+00
 183.1020000       0.00000e+00       0.00000e+00
 183.1520000       0.00000e+00       0.00000e+00
 183.1530000       0.00000e+00       0.00000e+00
 183.2030000       0.00000e+00       0.00000e+00
 183.2540000       0.00000e+00       0.00000e+00
 183.3560000       0.00000e+00       0.00000e+00
 183.5600000       0.00000e+00       0.00000e+00
 183.5610000       0.00000e+00       0.00000e+00
 183.7140000       0.00000e+00       0.00000e+00
 183.8160000       0.00000e+00       0.00000e+00
 183.8170000       0.00000e+00       0.00000e+00
 183.9700000       0.00000e+00       0.00000e+00
 184.2260000       0.00000e+00       0.00000e+00
 184.3800000       0.00000e+00       0.00000e+00
 184.4820000       0.00000e+00       0.00000e+00
 184.5340000       0.00000e+00       0.00000e+00
 184.5850000       0.00000e+00       0.00000e+00
 184.7390000       0.00000e+00       0.00000e+00
 184.8400000       0.00000e+00       0.00000e+00
 184.9430000       0.00000e+00       0.00000e+00
 184.9950000       0.00000e+00       0.00000e+00
 185.0480000       0.00000e+00       0.00000e+00
 185.0980000       0.00000e+00       0.00000e+00
 185.1480000       0.00000e+00       0.00000e+00
 185.4550000       0.00000e+00       0.00000e+00
 185.6600000       0.00000e+00       0.00000e+00
 185.9160000       0.00000e+00       0.00000e+00
 186.2740000       0.00000e+00       0.00000e+00
 186.5310000       0.00000e+00       0.00000e+00
 186.7860000       0.00000e+00       0.00000e+00
 187.1450000       0.00000e+00       0.00000e+00
 187.5040000       0.00000e+00       0.00000e+00
 187.9650000       0.00000e+00       0.00000e+00
 188.0680000       0.00000e+00       0.00000e+00
 188.3750000       0.00000e+00       0.00000e+00
 188.4780000       0.00000e+00       0.00000e+00
 188.6310000       0.00000e+00       0.00000e+00
 188.6820000       0.00000e+00       0.00000e+00
 188.9380000       0.00000e+00       0.00000e+00
 189.2960000       0.00000e+00       0.00000e+00
 189.6030000       0.00000e+00       0.00000e+00
 189.9110000       0.00000e+00       0.00000e+00
 190.2180000       0.00000e+00       0.00000e+00
 190.7300000       0.00000e+00       0.00000e+00
 191.2420000       0.00000e+00       0.00000e+00
 191.7540000       0.00000e+00       0.00000e+00
 192.2660000       0.00000e+00       0.00000e+00
 192.7780000       0.00000e+00       0.00000e+00
 193.2910000       0.00000e+00       0.00000e+00
 193.8030000       0.00000e+00       0.00000e+00
 194.3150000       0.00000e+00       0.00000e+00
 194.8270000       0.00000e+00       0.00000e+00
 195.3390000       0.00000e+00       0.00000e+00
 195.8510000       0.00000e+00       0.00000e+00
 196.3640000       0.00000e+00       0.00000e+00
 196.8760000       0.00000e+00       0.00000e+00
 197.3880000       0.00000e+00       0.00000e+00
 197.9000000       0.00000e+00       0.00000e+00
 198.4120000       0.00000e+00       0.00000e+00
 198.9250000       0.00000e+00       0.00000e+00
 199.3850000       0.00000e+00       0.00000e+00
 199.8460000       0.00000e+00       0.00000e+00
