# N2 cross sections
# From the Leiden database for photodissociation and photoionization of astrophysically relevant molecules, http://home.strw.leidenuniv.nl/~ewine/photo/
# File last modified by Alan Heays 2017-03-01
# references: heays2014a 10.1051/0004-6361/201322832, shaw_etal1992 DOI: 10.1016/0301-0104(92)80097-F, samson1987,
# no info on lines
# wavelength: (nm)
# photoabsorption   -- Photoabsorption cross section (cm2)
# photoionisation   -- Photoionisation cross section (cm2)
# This version has been resampled to a uniform 0.1nm grid while maintaining a constant integrated cross section (using trapezoidal integration).
# wavelength photoabsorption photoionisation
1.158000e+01 1.780000e-18 1.780000e-18
1.168000e+01 1.820476e-18 1.820476e-18
1.178000e+01 1.860952e-18 1.860952e-18
1.188000e+01 1.901429e-18 1.901429e-18
1.198000e+01 1.941905e-18 1.941905e-18
1.208000e+01 1.982000e-18 1.982000e-18
1.218000e+01 2.022000e-18 2.022000e-18
1.228000e+01 2.062000e-18 2.062000e-18
1.238000e+01 2.102000e-18 2.102000e-18
1.248000e+01 2.142000e-18 2.142000e-18
1.258000e+01 2.185200e-18 2.185200e-18
1.268000e+01 2.229200e-18 2.229200e-18
1.278000e+01 2.273200e-18 2.273200e-18
1.288000e+01 2.317200e-18 2.317200e-18
1.298000e+01 2.361200e-18 2.361200e-18
1.308000e+01 2.400400e-18 2.400400e-18
1.318000e+01 2.438400e-18 2.438400e-18
1.328000e+01 2.476400e-18 2.476400e-18
1.338000e+01 2.514400e-18 2.514400e-18
1.348000e+01 2.552400e-18 2.552400e-18
1.358000e+01 2.593600e-18 2.593600e-18
1.368000e+01 2.635600e-18 2.635600e-18
1.378000e+01 2.677600e-18 2.677600e-18
1.388000e+01 2.719600e-18 2.719600e-18
1.398000e+01 2.761600e-18 2.761600e-18
1.408000e+01 2.803600e-18 2.803600e-18
1.418000e+01 2.845600e-18 2.845600e-18
1.428000e+01 2.887600e-18 2.887600e-18
1.438000e+01 2.929600e-18 2.929600e-18
1.448000e+01 2.971600e-18 2.971600e-18
1.458000e+01 3.016800e-18 3.016800e-18
1.468000e+01 3.062800e-18 3.062800e-18
1.478000e+01 3.108800e-18 3.108800e-18
1.488000e+01 3.154800e-18 3.154800e-18
1.498000e+01 3.200800e-18 3.200800e-18
1.508000e+01 3.250000e-18 3.250000e-18
1.518000e+01 3.300000e-18 3.300000e-18
1.528000e+01 3.350000e-18 3.350000e-18
1.538000e+01 3.400000e-18 3.400000e-18
1.548000e+01 3.450000e-18 3.450000e-18
1.558000e+01 3.500000e-18 3.500000e-18
1.568000e+01 3.550000e-18 3.550000e-18
1.578000e+01 3.600000e-18 3.600000e-18
1.588000e+01 3.650000e-18 3.650000e-18
1.598000e+01 3.700000e-18 3.700000e-18
1.608000e+01 3.751600e-18 3.751600e-18
1.618000e+01 3.803600e-18 3.803600e-18
1.628000e+01 3.855600e-18 3.855600e-18
1.638000e+01 3.907600e-18 3.907600e-18
1.648000e+01 3.959600e-18 3.959600e-18
1.658000e+01 4.013200e-18 4.013200e-18
1.668000e+01 4.067200e-18 4.067200e-18
1.678000e+01 4.121200e-18 4.121200e-18
1.688000e+01 4.175200e-18 4.175200e-18
1.698000e+01 4.229200e-18 4.229200e-18
1.708000e+01 4.283200e-18 4.283200e-18
1.718000e+01 4.337200e-18 4.337200e-18
1.728000e+01 4.391200e-18 4.391200e-18
1.738000e+01 4.445200e-18 4.445200e-18
1.748000e+01 4.499200e-18 4.499200e-18
1.758000e+01 4.558000e-18 4.558000e-18
1.768000e+01 4.618000e-18 4.618000e-18
1.778000e+01 4.678000e-18 4.678000e-18
1.788000e+01 4.738000e-18 4.738000e-18
1.798000e+01 4.798000e-18 4.798000e-18
1.808000e+01 4.866000e-18 4.866000e-18
1.818000e+01 4.936000e-18 4.936000e-18
1.828000e+01 5.006000e-18 5.006000e-18
1.838000e+01 5.076000e-18 5.076000e-18
1.848000e+01 5.146000e-18 5.146000e-18
1.858000e+01 5.214400e-18 5.214400e-18
1.868000e+01 5.282400e-18 5.282400e-18
1.878000e+01 5.350400e-18 5.350400e-18
1.888000e+01 5.418400e-18 5.418400e-18
1.898000e+01 5.486400e-18 5.486400e-18
1.908000e+01 5.552800e-18 5.552800e-18
1.918000e+01 5.618800e-18 5.618800e-18
1.928000e+01 5.684800e-18 5.684800e-18
1.938000e+01 5.750800e-18 5.750800e-18
1.948000e+01 5.816800e-18 5.816800e-18
1.958000e+01 5.889200e-18 5.889200e-18
1.968000e+01 5.963200e-18 5.963200e-18
1.978000e+01 6.037200e-18 6.037200e-18
1.988000e+01 6.111200e-18 6.111200e-18
1.998000e+01 6.185200e-18 6.185200e-18
2.008000e+01 6.260800e-18 6.260800e-18
2.018000e+01 6.336800e-18 6.336800e-18
2.028000e+01 6.412800e-18 6.412800e-18
2.038000e+01 6.488800e-18 6.488800e-18
2.048000e+01 6.564800e-18 6.564800e-18
2.058000e+01 6.645600e-18 6.645600e-18
2.068000e+01 6.727600e-18 6.727600e-18
2.078000e+01 6.809600e-18 6.809600e-18
2.088000e+01 6.891600e-18 6.891600e-18
2.098000e+01 6.973600e-18 6.973600e-18
2.108000e+01 7.055600e-18 7.055600e-18
2.118000e+01 7.137600e-18 7.137600e-18
2.128000e+01 7.219600e-18 7.219600e-18
2.138000e+01 7.301600e-18 7.301600e-18
2.148000e+01 7.383600e-18 7.383600e-18
2.158000e+01 7.472000e-18 7.472000e-18
2.168000e+01 7.562000e-18 7.562000e-18
2.178000e+01 7.652000e-18 7.652000e-18
2.188000e+01 7.742000e-18 7.742000e-18
2.198000e+01 7.832000e-18 7.832000e-18
2.208000e+01 7.918800e-18 7.918800e-18
2.218000e+01 8.004800e-18 8.004800e-18
2.228000e+01 8.090800e-18 8.090800e-18
2.238000e+01 8.176800e-18 8.176800e-18
2.248000e+01 8.262800e-18 8.262800e-18
2.258000e+01 8.348800e-18 8.348800e-18
2.268000e+01 8.434800e-18 8.434800e-18
2.278000e+01 8.520800e-18 8.520800e-18
2.288000e+01 8.606800e-18 8.606800e-18
2.298000e+01 8.692800e-18 8.692800e-18
2.308000e+01 8.775600e-18 8.775600e-18
2.318000e+01 8.857600e-18 8.857600e-18
2.328000e+01 8.939600e-18 8.939600e-18
2.338000e+01 9.021600e-18 9.021600e-18
2.348000e+01 9.103600e-18 9.103600e-18
2.358000e+01 9.180800e-18 9.180800e-18
2.368000e+01 9.256800e-18 9.256800e-18
2.378000e+01 9.332800e-18 9.332800e-18
2.388000e+01 9.408800e-18 9.408800e-18
2.398000e+01 9.484800e-18 9.484800e-18
2.408000e+01 9.548000e-18 9.548000e-18
2.418000e+01 9.608000e-18 9.608000e-18
2.428000e+01 9.668000e-18 9.668000e-18
2.438000e+01 9.728000e-18 9.728000e-18
2.448000e+01 9.788000e-18 9.788000e-18
2.458000e+01 9.835200e-18 9.835200e-18
2.468000e+01 9.879200e-18 9.879200e-18
2.478000e+01 9.923200e-18 9.923200e-18
2.488000e+01 9.967200e-18 9.967200e-18
2.498000e+01 1.001120e-17 1.001120e-17
2.508000e+01 1.004560e-17 1.004560e-17
2.518000e+01 1.007760e-17 1.007760e-17
2.528000e+01 1.010960e-17 1.010960e-17
2.538000e+01 1.014160e-17 1.014160e-17
2.548000e+01 1.017360e-17 1.017360e-17
2.558000e+01 1.019600e-17 1.019600e-17
2.568000e+01 1.021600e-17 1.021600e-17
2.578000e+01 1.023600e-17 1.023600e-17
2.588000e+01 1.025600e-17 1.025600e-17
2.598000e+01 1.027600e-17 1.027600e-17
2.608000e+01 1.029920e-17 1.029920e-17
2.618000e+01 1.032320e-17 1.032320e-17
2.628000e+01 1.034720e-17 1.034720e-17
2.638000e+01 1.037120e-17 1.037120e-17
2.648000e+01 1.039520e-17 1.039520e-17
2.658000e+01 1.041600e-17 1.041600e-17
2.668000e+01 1.043600e-17 1.043600e-17
2.678000e+01 1.045600e-17 1.045600e-17
2.688000e+01 1.047600e-17 1.047600e-17
2.698000e+01 1.049600e-17 1.049600e-17
2.708000e+01 1.051760e-17 1.051760e-17
2.718000e+01 1.053960e-17 1.053960e-17
2.728000e+01 1.056160e-17 1.056160e-17
2.738000e+01 1.058360e-17 1.058360e-17
2.748000e+01 1.060560e-17 1.060560e-17
2.758000e+01 1.063720e-17 1.063720e-17
2.768000e+01 1.067120e-17 1.067120e-17
2.778000e+01 1.070520e-17 1.070520e-17
2.788000e+01 1.073920e-17 1.073920e-17
2.798000e+01 1.077320e-17 1.077320e-17
2.808000e+01 1.080240e-17 1.080240e-17
2.818000e+01 1.083040e-17 1.083040e-17
2.828000e+01 1.085840e-17 1.085840e-17
2.838000e+01 1.088640e-17 1.088640e-17
2.848000e+01 1.091440e-17 1.091440e-17
2.858000e+01 1.094880e-17 1.094880e-17
2.868000e+01 1.098480e-17 1.098480e-17
2.878000e+01 1.102080e-17 1.102080e-17
2.888000e+01 1.105680e-17 1.105680e-17
2.898000e+01 1.109280e-17 1.109280e-17
2.908000e+01 1.112720e-17 1.112720e-17
2.918000e+01 1.116120e-17 1.116120e-17
2.928000e+01 1.119520e-17 1.119520e-17
2.938000e+01 1.122920e-17 1.122920e-17
2.948000e+01 1.126320e-17 1.126320e-17
2.958000e+01 1.130680e-17 1.130680e-17
2.968000e+01 1.135280e-17 1.135280e-17
2.978000e+01 1.139880e-17 1.139880e-17
2.988000e+01 1.144480e-17 1.144480e-17
2.998000e+01 1.149080e-17 1.149080e-17
3.008000e+01 1.154211e-17 1.154211e-17
3.018000e+01 1.159474e-17 1.159474e-17
3.028000e+01 1.164737e-17 1.164737e-17
3.038000e+01 1.170000e-17 1.170000e-17
3.048000e+01 1.175161e-17 1.175161e-17
3.058000e+01 1.180323e-17 1.180323e-17
3.068000e+01 1.185484e-17 1.185484e-17
3.078000e+01 1.190645e-17 1.190645e-17
3.088000e+01 1.195806e-17 1.195806e-17
3.098000e+01 1.200968e-17 1.200968e-17
3.108000e+01 1.207600e-17 1.207600e-17
3.118000e+01 1.214600e-17 1.214600e-17
3.128000e+01 1.221600e-17 1.221600e-17
3.138000e+01 1.228600e-17 1.228600e-17
3.148000e+01 1.235600e-17 1.235600e-17
3.158000e+01 1.242760e-17 1.242760e-17
3.168000e+01 1.249960e-17 1.249960e-17
3.178000e+01 1.257160e-17 1.257160e-17
3.188000e+01 1.264360e-17 1.264360e-17
3.198000e+01 1.271560e-17 1.271560e-17
3.208000e+01 1.279400e-17 1.279400e-17
3.218000e+01 1.287400e-17 1.287400e-17
3.228000e+01 1.295400e-17 1.295400e-17
3.238000e+01 1.303400e-17 1.303400e-17
3.248000e+01 1.311400e-17 1.311400e-17
3.258000e+01 1.319720e-17 1.319720e-17
3.268000e+01 1.328120e-17 1.328120e-17
3.278000e+01 1.336520e-17 1.336520e-17
3.288000e+01 1.344920e-17 1.344920e-17
3.298000e+01 1.353320e-17 1.353320e-17
3.308000e+01 1.361400e-17 1.361400e-17
3.318000e+01 1.369400e-17 1.369400e-17
3.328000e+01 1.377400e-17 1.377400e-17
3.338000e+01 1.385400e-17 1.385400e-17
3.348000e+01 1.393400e-17 1.393400e-17
3.358000e+01 1.401880e-17 1.401880e-17
3.368000e+01 1.410480e-17 1.410480e-17
3.378000e+01 1.419080e-17 1.419080e-17
3.388000e+01 1.427680e-17 1.427680e-17
3.398000e+01 1.436280e-17 1.436280e-17
3.408000e+01 1.445040e-17 1.445040e-17
3.418000e+01 1.453840e-17 1.453840e-17
3.428000e+01 1.462640e-17 1.462640e-17
3.438000e+01 1.471440e-17 1.471440e-17
3.448000e+01 1.480240e-17 1.480240e-17
3.458000e+01 1.489360e-17 1.489360e-17
3.468000e+01 1.498560e-17 1.498560e-17
3.478000e+01 1.507760e-17 1.507760e-17
3.488000e+01 1.516960e-17 1.516960e-17
3.498000e+01 1.526160e-17 1.526160e-17
3.508000e+01 1.535200e-17 1.535200e-17
3.518000e+01 1.544200e-17 1.544200e-17
3.528000e+01 1.553200e-17 1.553200e-17
3.538000e+01 1.562200e-17 1.562200e-17
3.548000e+01 1.571200e-17 1.571200e-17
3.558000e+01 1.580200e-17 1.580200e-17
3.568000e+01 1.589200e-17 1.589200e-17
3.578000e+01 1.598200e-17 1.598200e-17
3.588000e+01 1.607200e-17 1.607200e-17
3.598000e+01 1.616200e-17 1.616200e-17
3.608000e+01 1.625200e-17 1.625200e-17
3.618000e+01 1.634200e-17 1.634200e-17
3.628000e+01 1.643200e-17 1.643200e-17
3.638000e+01 1.652200e-17 1.652200e-17
3.648000e+01 1.661200e-17 1.661200e-17
3.658000e+01 1.670200e-17 1.670200e-17
3.668000e+01 1.679200e-17 1.679200e-17
3.678000e+01 1.688200e-17 1.688200e-17
3.688000e+01 1.697200e-17 1.697200e-17
3.698000e+01 1.706200e-17 1.706200e-17
3.708000e+01 1.715600e-17 1.715600e-17
3.718000e+01 1.725100e-17 1.725100e-17
3.728000e+01 1.734600e-17 1.734600e-17
3.738000e+01 1.744100e-17 1.744100e-17
3.748000e+01 1.753600e-17 1.753600e-17
3.758000e+01 1.763100e-17 1.763100e-17
3.768000e+01 1.772600e-17 1.772600e-17
3.778000e+01 1.782100e-17 1.782100e-17
3.788000e+01 1.791600e-17 1.791600e-17
3.798000e+01 1.801100e-17 1.801100e-17
3.808000e+01 1.811160e-17 1.811160e-17
3.818000e+01 1.821360e-17 1.821360e-17
3.828000e+01 1.831560e-17 1.831560e-17
3.838000e+01 1.841760e-17 1.841760e-17
3.848000e+01 1.851960e-17 1.851960e-17
3.858000e+01 1.862160e-17 1.862160e-17
3.868000e+01 1.872360e-17 1.872360e-17
3.878000e+01 1.882560e-17 1.882560e-17
3.888000e+01 1.892760e-17 1.892760e-17
3.898000e+01 1.902960e-17 1.902960e-17
3.908000e+01 1.913160e-17 1.913160e-17
3.918000e+01 1.923360e-17 1.923360e-17
3.928000e+01 1.933560e-17 1.933560e-17
3.938000e+01 1.943760e-17 1.943760e-17
3.948000e+01 1.953960e-17 1.953960e-17
3.958000e+01 1.964160e-17 1.964160e-17
3.968000e+01 1.974360e-17 1.974360e-17
3.978000e+01 1.984560e-17 1.984560e-17
3.988000e+01 1.994760e-17 1.994760e-17
3.998000e+01 2.004960e-17 2.004960e-17
4.008000e+01 2.014600e-17 2.014600e-17
4.018000e+01 2.024100e-17 2.024100e-17
4.028000e+01 2.033600e-17 2.033600e-17
4.038000e+01 2.043100e-17 2.043100e-17
4.048000e+01 2.052600e-17 2.052600e-17
4.058000e+01 2.062100e-17 2.062100e-17
4.068000e+01 2.071600e-17 2.071600e-17
4.078000e+01 2.081100e-17 2.081100e-17
4.088000e+01 2.090600e-17 2.090600e-17
4.098000e+01 2.100100e-17 2.100100e-17
4.108000e+01 2.108640e-17 2.108640e-17
4.118000e+01 2.116940e-17 2.116940e-17
4.128000e+01 2.125240e-17 2.125240e-17
4.138000e+01 2.133540e-17 2.133540e-17
4.148000e+01 2.141840e-17 2.141840e-17
4.158000e+01 2.150140e-17 2.150140e-17
4.168000e+01 2.158440e-17 2.158440e-17
4.178000e+01 2.166740e-17 2.166740e-17
4.188000e+01 2.175040e-17 2.175040e-17
4.198000e+01 2.183340e-17 2.183340e-17
4.208000e+01 2.191320e-17 2.191320e-17
4.218000e+01 2.199220e-17 2.199220e-17
4.228000e+01 2.207120e-17 2.207120e-17
4.238000e+01 2.215020e-17 2.215020e-17
4.248000e+01 2.222920e-17 2.222920e-17
4.258000e+01 2.230820e-17 2.230820e-17
4.268000e+01 2.238720e-17 2.238720e-17
4.278000e+01 2.246620e-17 2.246620e-17
4.288000e+01 2.254520e-17 2.254520e-17
4.298000e+01 2.262420e-17 2.262420e-17
4.308000e+01 2.267680e-17 2.267680e-17
4.318000e+01 2.272280e-17 2.272280e-17
4.328000e+01 2.276880e-17 2.276880e-17
4.338000e+01 2.281480e-17 2.281480e-17
4.348000e+01 2.286080e-17 2.286080e-17
4.358000e+01 2.290680e-17 2.290680e-17
4.368000e+01 2.295280e-17 2.295280e-17
4.378000e+01 2.299880e-17 2.299880e-17
4.388000e+01 2.304480e-17 2.304480e-17
4.398000e+01 2.309080e-17 2.309080e-17
4.408000e+01 2.310000e-17 2.310000e-17
4.418000e+01 2.310000e-17 2.310000e-17
4.428000e+01 2.310000e-17 2.310000e-17
4.438000e+01 2.310000e-17 2.310000e-17
4.448000e+01 2.310000e-17 2.310000e-17
4.458000e+01 2.310000e-17 2.310000e-17
4.468000e+01 2.310000e-17 2.310000e-17
4.478000e+01 2.310000e-17 2.310000e-17
4.488000e+01 2.310000e-17 2.310000e-17
4.498000e+01 2.310000e-17 2.310000e-17
4.508000e+01 2.309600e-17 2.309600e-17
4.518000e+01 2.309100e-17 2.309100e-17
4.528000e+01 2.308600e-17 2.308600e-17
4.538000e+01 2.308100e-17 2.308100e-17
4.548000e+01 2.307600e-17 2.307600e-17
4.558000e+01 2.307100e-17 2.307100e-17
4.568000e+01 2.306600e-17 2.306600e-17
4.578000e+01 2.306100e-17 2.306100e-17
4.588000e+01 2.305600e-17 2.305600e-17
4.598000e+01 2.305100e-17 2.305100e-17
4.608000e+01 2.306760e-17 2.306760e-17
4.618000e+01 2.308960e-17 2.308960e-17
4.628000e+01 2.311160e-17 2.311160e-17
4.638000e+01 2.313360e-17 2.313360e-17
4.648000e+01 2.315560e-17 2.315560e-17
4.658000e+01 2.317760e-17 2.317760e-17
4.668000e+01 2.319960e-17 2.319960e-17
4.678000e+01 2.322160e-17 2.322160e-17
4.688000e+01 2.324360e-17 2.324360e-17
4.698000e+01 2.326560e-17 2.326560e-17
4.708000e+01 2.329640e-17 2.329640e-17
4.718000e+01 2.332940e-17 2.332940e-17
4.728000e+01 2.336240e-17 2.336240e-17
4.738000e+01 2.339540e-17 2.339540e-17
4.748000e+01 2.342840e-17 2.342840e-17
4.758000e+01 2.346140e-17 2.346140e-17
4.768000e+01 2.349440e-17 2.349440e-17
4.778000e+01 2.352740e-17 2.352740e-17
4.788000e+01 2.356040e-17 2.356040e-17
4.798000e+01 2.359340e-17 2.359340e-17
4.808000e+01 2.359200e-17 2.359200e-17
4.818000e+01 2.358200e-17 2.358200e-17
4.828000e+01 2.357200e-17 2.357200e-17
4.838000e+01 2.356200e-17 2.356200e-17
4.848000e+01 2.355200e-17 2.355200e-17
4.858000e+01 2.354200e-17 2.354200e-17
4.868000e+01 2.353200e-17 2.353200e-17
4.878000e+01 2.352200e-17 2.352200e-17
4.888000e+01 2.351200e-17 2.351200e-17
4.898000e+01 2.350200e-17 2.350200e-17
4.908000e+01 2.400419e-17 2.400419e-17
4.918000e+01 2.447897e-17 2.447897e-17
4.928000e+01 2.464305e-17 2.464305e-17
4.938000e+01 2.453721e-17 2.453721e-17
4.948000e+01 2.432358e-17 2.432358e-17
4.958000e+01 2.432015e-17 2.432015e-17
4.968000e+01 2.438611e-17 2.438611e-17
4.978000e+01 2.462568e-17 2.462568e-17
4.988000e+01 2.462218e-17 2.462218e-17
4.998000e+01 2.461871e-17 2.461871e-17
5.008000e+01 2.461526e-17 2.461526e-17
5.018000e+01 2.461180e-17 2.461180e-17
5.028000e+01 2.460833e-17 2.460833e-17
5.038000e+01 2.460482e-17 2.460482e-17
5.048000e+01 2.437762e-17 2.437762e-17
5.058000e+01 2.473278e-17 2.473278e-17
5.068000e+01 2.505176e-17 2.505176e-17
5.078000e+01 2.467064e-17 2.467064e-17
5.088000e+01 2.520178e-17 2.520178e-17
5.098000e+01 2.544229e-17 2.544229e-17
5.108000e+01 2.535895e-17 2.535895e-17
5.118000e+01 2.520208e-17 2.520208e-17
5.128000e+01 2.518791e-17 2.518791e-17
5.138000e+01 2.494585e-17 2.494585e-17
5.148000e+01 2.555210e-17 2.555210e-17
5.158000e+01 2.559514e-17 2.559514e-17
5.168000e+01 2.549723e-17 2.549723e-17
5.178000e+01 2.549376e-17 2.549376e-17
5.188000e+01 2.559206e-17 2.559206e-17
5.198000e+01 2.587776e-17 2.587776e-17
5.208000e+01 2.599481e-17 2.599481e-17
5.218000e+01 2.586037e-17 2.586037e-17
5.228000e+01 2.578889e-17 2.578889e-17
5.238000e+01 2.578542e-17 2.578542e-17
5.248000e+01 2.589296e-17 2.589296e-17
5.258000e+01 2.692677e-17 2.692677e-17
5.268000e+01 2.547109e-17 2.547109e-17
5.278000e+01 2.563243e-17 2.563243e-17
5.288000e+01 2.587924e-17 2.587924e-17
5.298000e+01 2.668745e-17 2.668745e-17
5.308000e+01 2.667775e-17 2.667775e-17
5.318000e+01 2.641297e-17 2.641297e-17
5.328000e+01 2.653500e-17 2.653500e-17
5.338000e+01 2.634751e-17 2.634751e-17
5.348000e+01 2.618576e-17 2.618576e-17
5.358000e+01 2.684892e-17 2.684892e-17
5.368000e+01 2.624518e-17 2.624518e-17
5.378000e+01 2.581208e-17 2.581208e-17
5.388000e+01 2.591575e-17 2.591575e-17
5.398000e+01 2.601942e-17 2.601942e-17
5.408000e+01 2.637533e-17 2.637533e-17
5.418000e+01 2.649441e-17 2.649441e-17
5.428000e+01 2.616924e-17 2.616924e-17
5.438000e+01 2.602851e-17 2.602851e-17
5.448000e+01 2.563580e-17 2.563580e-17
5.458000e+01 2.547367e-17 2.547367e-17
5.468000e+01 2.566500e-17 2.566500e-17
5.478000e+01 2.570208e-17 2.570208e-17
5.488000e+01 2.554801e-17 2.554801e-17
5.498000e+01 2.538262e-17 2.538262e-17
5.508000e+01 2.537919e-17 2.537919e-17
5.518000e+01 2.557990e-17 2.557990e-17
5.528000e+01 2.568473e-17 2.568473e-17
5.538000e+01 2.565769e-17 2.565769e-17
5.548000e+01 2.538593e-17 2.538593e-17
5.558000e+01 2.461715e-17 2.461715e-17
5.568000e+01 2.482770e-17 2.482770e-17
5.578000e+01 2.481112e-17 2.481112e-17
5.588000e+01 2.441705e-17 2.441705e-17
5.598000e+01 2.441041e-17 2.441041e-17
5.608000e+01 2.462797e-17 2.462797e-17
5.618000e+01 2.451398e-17 2.451398e-17
5.628000e+01 2.440000e-17 2.440000e-17
5.638000e+01 2.439655e-17 2.439655e-17
5.648000e+01 2.439305e-17 2.439305e-17
5.658000e+01 2.401564e-17 2.401564e-17
5.668000e+01 2.376114e-17 2.376114e-17
5.678000e+01 2.375764e-17 2.375764e-17
5.688000e+01 2.375413e-17 2.375413e-17
5.698000e+01 2.375068e-17 2.375068e-17
5.708000e+01 2.374723e-17 2.374723e-17
5.718000e+01 2.374373e-17 2.374373e-17
5.728000e+01 2.374029e-17 2.374029e-17
5.738000e+01 2.373683e-17 2.373683e-17
5.748000e+01 2.373333e-17 2.373333e-17
5.758000e+01 2.372983e-17 2.372983e-17
5.768000e+01 2.361798e-17 2.361798e-17
5.778000e+01 2.341043e-17 2.341043e-17
5.788000e+01 2.340693e-17 2.340693e-17
5.798000e+01 2.340347e-17 2.340347e-17
5.808000e+01 2.340002e-17 2.340002e-17
5.818000e+01 2.339652e-17 2.339652e-17
5.828000e+01 2.339302e-17 2.339302e-17
5.838000e+01 2.345469e-17 2.345469e-17
5.848000e+01 2.362973e-17 2.362973e-17
5.858000e+01 2.369514e-17 2.369514e-17
5.868000e+01 2.369166e-17 2.369166e-17
5.878000e+01 2.361250e-17 2.361250e-17
5.888000e+01 2.337220e-17 2.337220e-17
5.898000e+01 2.336877e-17 2.336877e-17
5.908000e+01 2.336524e-17 2.336524e-17
5.918000e+01 2.361111e-17 2.361111e-17
5.928000e+01 2.367081e-17 2.367081e-17
5.938000e+01 2.366735e-17 2.366735e-17
5.948000e+01 2.366389e-17 2.366389e-17
5.958000e+01 2.364524e-17 2.364524e-17
5.968000e+01 2.351555e-17 2.351555e-17
5.978000e+01 2.338587e-17 2.338587e-17
5.988000e+01 2.349077e-17 2.349077e-17
5.998000e+01 2.348850e-17 2.348850e-17
6.008000e+01 2.302979e-17 2.302979e-17
6.018000e+01 2.356101e-17 2.356101e-17
6.028000e+01 2.363610e-17 2.363610e-17
6.038000e+01 2.363262e-17 2.363262e-17
6.048000e+01 2.362916e-17 2.362916e-17
6.058000e+01 2.362569e-17 2.362569e-17
6.068000e+01 2.362221e-17 2.362221e-17
6.078000e+01 2.355822e-17 2.355822e-17
6.088000e+01 2.330278e-17 2.330278e-17
6.098000e+01 2.329935e-17 2.329935e-17
6.108000e+01 2.371710e-17 2.371710e-17
6.118000e+01 2.391737e-17 2.391737e-17
6.128000e+01 2.391388e-17 2.391388e-17
6.138000e+01 2.366339e-17 2.366339e-17
6.148000e+01 2.377438e-17 2.377438e-17
6.158000e+01 2.399840e-17 2.399840e-17
6.168000e+01 2.420924e-17 2.420924e-17
6.178000e+01 2.420902e-17 2.420902e-17
6.188000e+01 2.401030e-17 2.401030e-17
6.198000e+01 2.375317e-17 2.375317e-17
6.208000e+01 2.365541e-17 2.365541e-17
6.218000e+01 2.387454e-17 2.387454e-17
6.228000e+01 2.360264e-17 2.360264e-17
6.238000e+01 2.393389e-17 2.393389e-17
6.248000e+01 2.409757e-17 2.409757e-17
6.258000e+01 2.387950e-17 2.387950e-17
6.268000e+01 2.386526e-17 2.386526e-17
6.278000e+01 2.423444e-17 2.423444e-17
6.288000e+01 2.438750e-17 2.438750e-17
6.298000e+01 2.417962e-17 2.417962e-17
6.308000e+01 2.397174e-17 2.397174e-17
6.318000e+01 2.394571e-17 2.394571e-17
6.328000e+01 2.419892e-17 2.419892e-17
6.338000e+01 2.436729e-17 2.436729e-17
6.348000e+01 2.421214e-17 2.421214e-17
6.358000e+01 2.440324e-17 2.440324e-17
6.368000e+01 2.423019e-17 2.423019e-17
6.378000e+01 2.476141e-17 2.476141e-17
6.388000e+01 2.476114e-17 2.476114e-17
6.398000e+01 2.475766e-17 2.475766e-17
6.408000e+01 2.475418e-17 2.475418e-17
6.418000e+01 2.475070e-17 2.475070e-17
6.428000e+01 2.474720e-17 2.474720e-17
6.438000e+01 2.460024e-17 2.460024e-17
6.448000e+01 2.442778e-17 2.442778e-17
6.458000e+01 2.442428e-17 2.442428e-17
6.468000e+01 2.467586e-17 2.467586e-17
6.478000e+01 2.472983e-17 2.472983e-17
6.488000e+01 2.453745e-17 2.453745e-17
6.498000e+01 2.470488e-17 2.469766e-17
6.508000e+01 2.492251e-17 2.490321e-17
6.518000e+01 2.468067e-17 2.465699e-17
6.528000e+01 2.443861e-17 2.443531e-17
6.538000e+01 2.516375e-17 2.516375e-17
6.548000e+01 2.489346e-17 2.489346e-17
6.558000e+01 2.493421e-17 2.483231e-17
6.568000e+01 2.482640e-17 2.468834e-17
6.578000e+01 2.494346e-17 2.485987e-17
6.588000e+01 2.531666e-17 2.526852e-17
6.598000e+01 2.480257e-17 2.467934e-17
6.608000e+01 2.451266e-17 2.432714e-17
6.618000e+01 2.439576e-17 2.425304e-17
6.628000e+01 2.469436e-17 2.456539e-17
6.638000e+01 2.493784e-17 2.477648e-17
6.648000e+01 2.493868e-17 2.473116e-17
6.658000e+01 2.474722e-17 2.447362e-17
6.668000e+01 2.507258e-17 2.476111e-17
6.678000e+01 2.541066e-17 2.512459e-17
6.688000e+01 2.520012e-17 2.476440e-17
6.698000e+01 2.350433e-17 2.299186e-17
6.708000e+01 2.602507e-17 2.542954e-17
6.718000e+01 2.685847e-17 2.622227e-17
6.728000e+01 2.363090e-17 2.314702e-17
6.738000e+01 2.381345e-17 2.321757e-17
6.748000e+01 2.814182e-17 2.727962e-17
6.758000e+01 2.859571e-17 2.759767e-17
6.768000e+01 2.370047e-17 2.298242e-17
6.778000e+01 2.331847e-17 2.272055e-17
6.788000e+01 2.228500e-17 2.170208e-17
6.798000e+01 2.310871e-17 2.244669e-17
6.808000e+01 2.905276e-17 2.837212e-17
6.818000e+01 3.387704e-17 3.334140e-17
6.828000e+01 2.964405e-17 2.901799e-17
6.838000e+01 2.509411e-17 2.435488e-17
6.848000e+01 2.500351e-17 2.423931e-17
6.858000e+01 2.439115e-17 2.352815e-17
6.868000e+01 2.440326e-17 2.360356e-17
6.878000e+01 2.435311e-17 2.375130e-17
6.888000e+01 2.408750e-17 2.344915e-17
6.898000e+01 2.176739e-17 2.116585e-17
6.908000e+01 2.109516e-17 2.075776e-17
6.918000e+01 2.431044e-17 2.399765e-17
6.928000e+01 2.764912e-17 2.716738e-17
6.938000e+01 3.699958e-17 3.586947e-17
6.948000e+01 3.884306e-17 3.750251e-17
6.958000e+01 3.193241e-17 3.099815e-17
6.968000e+01 2.352796e-17 2.312606e-17
6.978000e+01 2.319272e-17 2.287972e-17
6.988000e+01 2.333116e-17 2.306430e-17
6.998000e+01 2.352484e-17 2.322589e-17
7.008000e+01 2.359063e-17 2.317832e-17
7.018000e+01 2.354683e-17 2.290497e-17
7.028000e+01 2.327693e-17 2.284266e-17
7.038000e+01 2.390603e-17 2.371734e-17
7.048000e+01 2.542422e-17 2.495176e-17
7.058000e+01 2.538563e-17 2.448063e-17
7.068000e+01 2.476057e-17 2.384843e-17
7.078000e+01 2.484552e-17 2.415822e-17
7.088000e+01 2.510927e-17 2.450272e-17
7.098000e+01 2.526722e-17 2.459288e-17
7.108000e+01 2.587375e-17 2.514513e-17
7.118000e+01 2.660160e-17 2.613080e-17
7.128000e+01 2.677926e-17 2.627062e-17
7.138000e+01 2.468128e-17 2.394722e-17
7.148000e+01 1.858746e-17 1.811487e-17
7.158000e+01 1.970362e-17 1.925057e-17
7.168000e+01 2.312682e-17 2.213916e-17
7.178000e+01 2.571050e-17 2.383089e-17
7.188000e+01 2.771501e-17 2.550680e-17
7.198000e+01 2.725680e-17 2.515335e-17
7.208000e+01 2.854458e-17 2.661467e-17
7.218000e+01 3.210285e-17 2.983034e-17
7.228000e+01 4.804578e-17 4.349947e-17
7.238000e+01 5.252199e-17 4.629198e-17
7.248000e+01 3.848558e-17 3.344273e-17
7.258000e+01 3.236755e-17 2.909277e-17
7.268000e+01 2.951208e-17 2.661101e-17
7.278000e+01 2.604123e-17 2.359397e-17
7.288000e+01 2.546382e-17 2.307327e-17
7.298000e+01 2.515976e-17 2.230046e-17
7.308000e+01 2.328519e-17 2.020266e-17
7.318000e+01 2.141092e-17 1.855595e-17
7.328000e+01 2.007793e-17 1.729000e-17
7.338000e+01 2.350242e-17 1.923551e-17
7.348000e+01 2.428008e-17 1.982584e-17
7.358000e+01 2.322609e-17 1.828702e-17
7.368000e+01 2.521548e-17 1.946505e-17
7.378000e+01 2.470063e-17 2.022479e-17
7.388000e+01 2.530048e-17 1.921194e-17
7.398000e+01 2.640732e-17 1.773932e-17
7.408000e+01 2.209362e-17 1.560864e-17
7.418000e+01 1.818252e-17 1.437742e-17
7.428000e+01 1.905180e-17 1.566287e-17
7.438000e+01 2.910580e-17 2.215793e-17
7.448000e+01 3.018717e-17 2.199686e-17
7.458000e+01 2.279839e-17 1.512368e-17
7.468000e+01 2.533228e-17 1.507151e-17
7.478000e+01 2.412099e-17 1.602953e-17
7.488000e+01 2.490685e-17 1.558896e-17
7.498000e+01 2.986813e-17 1.483287e-17
7.508000e+01 2.360759e-17 1.243794e-17
7.518000e+01 1.719916e-17 1.136767e-17
7.528000e+01 1.999392e-17 1.380826e-17
7.538000e+01 3.723590e-17 2.591967e-17
7.548000e+01 3.575414e-17 2.519064e-17
7.558000e+01 2.283311e-17 1.457763e-17
7.568000e+01 2.473211e-17 1.325680e-17
7.578000e+01 2.692101e-17 1.535576e-17
7.588000e+01 2.320540e-17 1.495510e-17
7.598000e+01 2.417802e-17 1.385279e-17
7.608000e+01 3.444294e-17 1.618330e-17
7.618000e+01 2.537532e-17 1.195958e-17
7.628000e+01 2.460770e-17 1.603088e-17
7.638000e+01 4.277521e-17 2.946601e-17
7.648000e+01 4.268397e-17 3.010981e-17
7.658000e+01 2.543921e-17 1.889570e-17
7.668000e+01 1.607902e-17 1.169792e-17
7.678000e+01 2.451217e-17 1.368698e-17
7.688000e+01 2.836188e-17 1.588527e-17
7.698000e+01 2.004299e-17 1.311827e-17
7.708000e+01 4.399994e-17 2.421754e-17
7.718000e+01 5.830551e-17 2.887967e-17
7.728000e+01 3.068692e-17 1.437272e-17
7.738000e+01 2.107716e-17 1.084987e-17
7.748000e+01 4.333345e-17 2.440398e-17
7.758000e+01 6.082242e-17 3.891303e-17
7.768000e+01 3.541997e-17 2.524124e-17
7.778000e+01 1.744098e-17 1.139285e-17
7.788000e+01 2.084496e-17 1.085369e-17
7.798000e+01 1.895202e-17 1.016959e-17
7.808000e+01 3.839392e-17 2.692431e-17
7.818000e+01 3.876790e-17 2.917749e-17
7.828000e+01 5.995090e-17 2.469879e-17
7.838000e+01 8.589350e-17 3.453200e-17
7.848000e+01 4.181300e-17 2.157844e-17
7.858000e+01 2.229058e-17 1.267375e-17
7.868000e+01 2.117041e-17 1.281576e-17
7.878000e+01 1.237525e-17 9.499811e-18
7.888000e+01 2.175696e-17 1.073695e-17
7.898000e+01 2.859667e-17 1.237553e-17
7.908000e+01 5.110127e-17 3.036570e-17
7.918000e+01 6.419717e-17 3.824391e-17
7.928000e+01 3.604291e-17 1.875449e-17
7.938000e+01 3.003057e-17 8.409980e-18
7.948000e+01 3.823161e-17 7.959933e-18
7.958000e+01 2.404984e-17 4.645338e-18
7.968000e+01 1.517478e-17 2.083398e-18
7.978000e+01 1.092375e-17 1.747718e-19
7.988000e+01 1.314822e-17 4.468704e-20
