# Cross sections for NH+
# From the Leiden database for photodissociation and photoionization of astrophysically relevant molecules, http://home.strw.leidenuniv.nl/~ewine/photo/
# Converted from earlier Leiden database cross sections by Alan Heays 2016-02-24
# Photodissociation source: NH+ P.D. CF. van Dishoeck (unpub)
# Lines represented with gaussian of width 1.0 nm FWHM
# wavelength: (nm)
# photoabsorption:    cross section (cm2)
# photodissociation:  cross section (cm2)
# This version has been resampled to a uniform 0.1nm grid while maintaining a constant integrated cross section (using trapezoidal integration).
# wavelength photoabsorption photodissociation
9.120000e+01 2.000000e-18 2.000000e-18
9.130000e+01 1.977273e-18 1.977273e-18
9.140000e+01 1.954545e-18 1.954545e-18
9.150000e+01 1.931818e-18 1.931818e-18
9.160000e+01 1.909091e-18 1.909091e-18
9.170000e+01 1.886364e-18 1.886364e-18
9.180000e+01 1.863636e-18 1.863636e-18
9.190000e+01 1.840909e-18 1.840909e-18
9.200000e+01 1.818182e-18 1.818182e-18
9.210000e+01 1.799281e-18 1.799281e-18
9.220000e+01 1.795683e-18 1.795683e-18
9.230000e+01 1.792086e-18 1.792086e-18
9.240000e+01 1.788489e-18 1.788489e-18
9.250000e+01 1.784892e-18 1.784892e-18
9.260000e+01 1.781295e-18 1.781295e-18
9.270000e+01 1.777698e-18 1.777698e-18
9.280000e+01 1.774101e-18 1.774101e-18
9.290000e+01 1.770504e-18 1.770504e-18
9.300000e+01 1.766906e-18 1.766906e-18
9.310000e+01 1.763309e-18 1.763309e-18
9.320000e+01 1.759712e-18 1.759712e-18
9.330000e+01 1.756115e-18 1.756115e-18
9.340000e+01 1.752518e-18 1.752518e-18
9.350000e+01 1.747902e-18 1.747902e-18
9.360000e+01 1.740909e-18 1.740909e-18
9.370000e+01 1.733916e-18 1.733916e-18
9.380000e+01 1.726923e-18 1.726923e-18
9.390000e+01 1.719930e-18 1.719930e-18
9.400000e+01 1.712937e-18 1.712937e-18
9.410000e+01 1.705944e-18 1.705944e-18
9.420000e+01 1.698951e-18 1.698951e-18
9.430000e+01 1.691958e-18 1.691958e-18
9.440000e+01 1.684965e-18 1.684965e-18
9.450000e+01 1.677972e-18 1.677972e-18
9.460000e+01 1.670979e-18 1.670979e-18
9.470000e+01 1.663986e-18 1.663986e-18
9.480000e+01 1.656993e-18 1.656993e-18
9.490000e+01 1.650000e-18 1.650000e-18
9.500000e+01 1.641892e-18 1.641892e-18
9.510000e+01 1.633784e-18 1.633784e-18
9.520000e+01 1.625676e-18 1.625676e-18
9.530000e+01 1.617568e-18 1.617568e-18
9.540000e+01 1.609459e-18 1.609459e-18
9.550000e+01 1.601351e-18 1.601351e-18
9.560000e+01 1.593243e-18 1.593243e-18
9.570000e+01 1.585135e-18 1.585135e-18
9.580000e+01 1.577027e-18 1.577027e-18
9.590000e+01 1.568919e-18 1.568919e-18
9.600000e+01 1.560811e-18 1.560811e-18
9.610000e+01 1.552703e-18 1.552703e-18
9.620000e+01 1.544595e-18 1.544595e-18
9.630000e+01 1.536486e-18 1.536486e-18
9.640000e+01 1.528158e-18 1.528158e-18
9.650000e+01 1.518947e-18 1.518947e-18
9.660000e+01 1.509737e-18 1.509737e-18
9.670000e+01 1.500526e-18 1.500526e-18
9.680000e+01 1.491316e-18 1.491316e-18
9.690000e+01 1.482105e-18 1.482105e-18
9.700000e+01 1.472895e-18 1.472895e-18
9.710000e+01 1.463684e-18 1.463684e-18
9.720000e+01 1.454474e-18 1.454474e-18
9.730000e+01 1.445263e-18 1.445263e-18
9.740000e+01 1.436053e-18 1.436053e-18
9.750000e+01 1.426842e-18 1.426842e-18
9.760000e+01 1.417632e-18 1.417632e-18
9.770000e+01 1.408421e-18 1.408421e-18
9.780000e+01 1.399211e-18 1.399211e-18
9.790000e+01 1.390000e-18 1.390000e-18
9.800000e+01 1.380446e-18 1.380446e-18
9.810000e+01 1.370892e-18 1.370892e-18
9.820000e+01 1.361338e-18 1.361338e-18
9.830000e+01 1.351783e-18 1.351783e-18
9.840000e+01 1.342229e-18 1.342229e-18
9.850000e+01 1.332675e-18 1.332675e-18
9.860000e+01 1.323121e-18 1.323121e-18
9.870000e+01 1.313567e-18 1.313567e-18
9.880000e+01 1.304013e-18 1.304013e-18
9.890000e+01 1.294459e-18 1.294459e-18
9.900000e+01 1.284904e-18 1.284904e-18
9.910000e+01 1.275350e-18 1.275350e-18
9.920000e+01 1.265796e-18 1.265796e-18
9.930000e+01 1.256242e-18 1.256242e-18
9.940000e+01 1.246688e-18 1.246688e-18
9.950000e+01 1.237423e-18 1.237423e-18
9.960000e+01 1.228834e-18 1.228834e-18
9.970000e+01 1.220245e-18 1.220245e-18
9.980000e+01 1.211656e-18 1.211656e-18
9.990000e+01 1.203067e-18 1.203067e-18
1.000000e+02 1.194479e-18 1.194479e-18
1.001000e+02 1.185890e-18 1.185890e-18
1.002000e+02 1.177301e-18 1.177301e-18
1.003000e+02 1.168712e-18 1.168712e-18
1.004000e+02 1.160123e-18 1.160123e-18
1.005000e+02 1.151534e-18 1.151534e-18
1.006000e+02 1.142945e-18 1.142945e-18
1.007000e+02 1.134356e-18 1.134356e-18
1.008000e+02 1.125767e-18 1.125767e-18
1.009000e+02 1.117178e-18 1.117178e-18
1.010000e+02 1.108589e-18 1.108589e-18
1.011000e+02 1.100000e-18 1.100000e-18
1.012000e+02 1.091176e-18 1.091176e-18
1.013000e+02 1.082353e-18 1.082353e-18
1.014000e+02 1.073529e-18 1.073529e-18
1.015000e+02 1.064706e-18 1.064706e-18
1.016000e+02 1.055882e-18 1.055882e-18
1.017000e+02 1.047059e-18 1.047059e-18
1.018000e+02 1.038235e-18 1.038235e-18
1.019000e+02 1.029412e-18 1.029412e-18
1.020000e+02 1.020588e-18 1.020588e-18
1.021000e+02 1.011765e-18 1.011765e-18
1.022000e+02 1.002941e-18 1.002941e-18
1.023000e+02 9.941176e-19 9.941176e-19
1.024000e+02 9.852941e-19 9.852941e-19
1.025000e+02 9.764706e-19 9.764706e-19
1.026000e+02 9.676471e-19 9.676471e-19
1.027000e+02 9.588235e-19 9.588235e-19
1.028000e+02 9.500000e-19 9.500000e-19
1.029000e+02 9.415882e-19 9.415882e-19
1.030000e+02 9.331765e-19 9.331765e-19
1.031000e+02 9.247647e-19 9.247647e-19
1.032000e+02 9.163529e-19 9.163529e-19
1.033000e+02 9.079412e-19 9.079412e-19
1.034000e+02 8.995294e-19 8.995294e-19
1.035000e+02 8.911176e-19 8.911176e-19
1.036000e+02 8.827059e-19 8.827059e-19
1.037000e+02 8.742941e-19 8.742941e-19
1.038000e+02 8.658824e-19 8.658824e-19
1.039000e+02 8.574706e-19 8.574706e-19
1.040000e+02 8.490588e-19 8.490588e-19
1.041000e+02 8.406471e-19 8.406471e-19
1.042000e+02 8.322353e-19 8.322353e-19
1.043000e+02 8.238235e-19 8.238235e-19
1.044000e+02 8.154118e-19 8.154118e-19
1.045000e+02 8.070000e-19 8.070000e-19
1.046000e+02 7.992222e-19 7.992222e-19
1.047000e+02 7.914444e-19 7.914444e-19
1.048000e+02 7.836667e-19 7.836667e-19
1.049000e+02 7.758889e-19 7.758889e-19
1.050000e+02 7.681111e-19 7.681111e-19
1.051000e+02 7.603333e-19 7.603333e-19
1.052000e+02 7.525556e-19 7.525556e-19
1.053000e+02 7.447778e-19 7.447778e-19
1.054000e+02 7.370000e-19 7.370000e-19
1.055000e+02 7.292222e-19 7.292222e-19
1.056000e+02 7.214444e-19 7.214444e-19
1.057000e+02 7.136667e-19 7.136667e-19
1.058000e+02 7.058889e-19 7.058889e-19
1.059000e+02 6.981111e-19 6.981111e-19
1.060000e+02 6.903333e-19 6.903333e-19
1.061000e+02 6.825556e-19 6.825556e-19
1.062000e+02 6.747778e-19 6.747778e-19
1.063000e+02 6.670000e-19 6.670000e-19
1.064000e+02 6.593889e-19 6.593889e-19
1.065000e+02 6.517778e-19 6.517778e-19
1.066000e+02 6.441667e-19 6.441667e-19
1.067000e+02 6.365556e-19 6.365556e-19
1.068000e+02 6.289444e-19 6.289444e-19
1.069000e+02 6.213333e-19 6.213333e-19
1.070000e+02 6.137222e-19 6.137222e-19
1.071000e+02 6.061111e-19 6.061111e-19
1.072000e+02 5.985000e-19 5.985000e-19
1.073000e+02 5.908889e-19 5.908889e-19
1.074000e+02 5.832778e-19 5.832778e-19
1.075000e+02 5.756667e-19 5.756667e-19
1.076000e+02 5.680556e-19 5.680556e-19
1.077000e+02 5.604444e-19 5.604444e-19
1.078000e+02 5.528333e-19 5.528333e-19
1.079000e+02 5.452222e-19 5.452222e-19
1.080000e+02 5.376111e-19 5.376111e-19
1.081000e+02 5.300000e-19 5.300000e-19
1.082000e+02 5.237000e-19 5.237000e-19
1.083000e+02 5.174000e-19 5.174000e-19
1.084000e+02 5.111000e-19 5.111000e-19
1.085000e+02 5.048000e-19 5.048000e-19
1.086000e+02 4.985000e-19 4.985000e-19
1.087000e+02 4.922000e-19 4.922000e-19
1.088000e+02 4.859000e-19 4.859000e-19
1.089000e+02 4.796000e-19 4.796000e-19
1.090000e+02 4.733000e-19 4.733000e-19
1.091000e+02 4.670000e-19 4.670000e-19
1.092000e+02 4.607000e-19 4.607000e-19
1.093000e+02 4.544000e-19 4.544000e-19
1.094000e+02 4.481000e-19 4.481000e-19
1.095000e+02 4.418000e-19 4.418000e-19
1.096000e+02 4.355000e-19 4.355000e-19
1.097000e+02 4.292000e-19 4.292000e-19
1.098000e+02 4.229000e-19 4.229000e-19
1.099000e+02 4.166000e-19 4.166000e-19
1.100000e+02 4.103000e-19 4.103000e-19
1.101000e+02 4.040000e-19 4.040000e-19
1.102000e+02 3.988000e-19 3.988000e-19
1.103000e+02 3.936000e-19 3.936000e-19
1.104000e+02 3.884000e-19 3.884000e-19
1.105000e+02 3.832000e-19 3.832000e-19
1.106000e+02 3.780000e-19 3.780000e-19
1.107000e+02 3.728000e-19 3.728000e-19
1.108000e+02 3.676000e-19 3.676000e-19
1.109000e+02 3.624000e-19 3.624000e-19
1.110000e+02 3.572000e-19 3.572000e-19
1.111000e+02 3.520000e-19 3.520000e-19
1.112000e+02 3.468000e-19 3.468000e-19
1.113000e+02 3.416000e-19 3.416000e-19
1.114000e+02 3.364000e-19 3.364000e-19
1.115000e+02 3.312000e-19 3.312000e-19
1.116000e+02 3.260000e-19 3.260000e-19
1.117000e+02 3.208000e-19 3.208000e-19
1.118000e+02 3.156000e-19 3.156000e-19
1.119000e+02 3.104000e-19 3.104000e-19
1.120000e+02 3.052000e-19 3.052000e-19
1.121000e+02 3.000000e-19 3.000000e-19
1.122000e+02 2.956000e-19 2.956000e-19
1.123000e+02 2.912000e-19 2.912000e-19
1.124000e+02 2.868000e-19 2.868000e-19
1.125000e+02 2.824000e-19 2.824000e-19
1.126000e+02 2.780000e-19 2.780000e-19
1.127000e+02 2.736000e-19 2.736000e-19
1.128000e+02 2.692000e-19 2.692000e-19
1.129000e+02 2.648000e-19 2.648000e-19
1.130000e+02 2.604000e-19 2.604000e-19
1.131000e+02 2.560000e-19 2.560000e-19
1.132000e+02 2.516000e-19 2.516000e-19
1.133000e+02 2.472000e-19 2.472000e-19
1.134000e+02 2.428000e-19 2.428000e-19
1.135000e+02 2.384000e-19 2.384000e-19
1.136000e+02 2.340000e-19 2.340000e-19
1.137000e+02 2.296000e-19 2.296000e-19
1.138000e+02 2.252000e-19 2.252000e-19
1.139000e+02 2.208000e-19 2.208000e-19
1.140000e+02 2.164000e-19 2.164000e-19
1.141000e+02 2.120000e-19 2.120000e-19
1.142000e+02 2.089091e-19 2.089091e-19
1.143000e+02 2.058182e-19 2.058182e-19
1.144000e+02 2.027273e-19 2.027273e-19
1.145000e+02 1.996364e-19 1.996364e-19
1.146000e+02 1.965455e-19 1.965455e-19
1.147000e+02 1.934545e-19 1.934545e-19
1.148000e+02 1.903636e-19 1.903636e-19
1.149000e+02 1.872727e-19 1.872727e-19
1.150000e+02 1.841818e-19 1.841818e-19
1.151000e+02 1.810909e-19 1.810909e-19
1.152000e+02 1.780000e-19 1.780000e-19
1.153000e+02 1.749091e-19 1.749091e-19
1.154000e+02 1.718182e-19 1.718182e-19
1.155000e+02 1.687273e-19 1.687273e-19
1.156000e+02 1.656364e-19 1.656364e-19
1.157000e+02 1.625455e-19 1.625455e-19
1.158000e+02 1.594545e-19 1.594545e-19
1.159000e+02 1.563636e-19 1.563636e-19
1.160000e+02 1.532727e-19 1.532727e-19
1.161000e+02 1.501818e-19 1.501818e-19
1.162000e+02 1.470909e-19 1.470909e-19
1.163000e+02 1.440000e-19 1.440000e-19
1.164000e+02 1.416818e-19 1.416818e-19
1.165000e+02 1.393636e-19 1.393636e-19
1.166000e+02 1.370455e-19 1.370455e-19
1.167000e+02 1.347273e-19 1.347273e-19
1.168000e+02 1.324091e-19 1.324091e-19
1.169000e+02 1.300909e-19 1.300909e-19
1.170000e+02 1.277727e-19 1.277727e-19
1.171000e+02 1.254545e-19 1.254545e-19
1.172000e+02 1.231364e-19 1.231364e-19
1.173000e+02 1.208182e-19 1.208182e-19
1.174000e+02 1.185000e-19 1.185000e-19
1.175000e+02 1.161818e-19 1.161818e-19
1.176000e+02 1.138636e-19 1.138636e-19
1.177000e+02 1.115455e-19 1.115455e-19
1.178000e+02 1.092273e-19 1.092273e-19
1.179000e+02 1.069091e-19 1.069091e-19
1.180000e+02 1.045909e-19 1.045909e-19
1.181000e+02 1.022727e-19 1.022727e-19
1.182000e+02 9.995455e-20 9.995455e-20
1.183000e+02 9.763636e-20 9.763636e-20
1.184000e+02 9.531818e-20 9.531818e-20
1.185000e+02 9.300000e-20 9.300000e-20
1.186000e+02 9.143478e-20 9.143478e-20
1.187000e+02 8.986957e-20 8.986957e-20
1.188000e+02 8.830435e-20 8.830435e-20
1.189000e+02 8.673913e-20 8.673913e-20
1.190000e+02 8.517391e-20 8.517391e-20
1.191000e+02 8.360870e-20 8.360870e-20
1.192000e+02 8.204348e-20 8.204348e-20
1.193000e+02 8.047826e-20 8.047826e-20
1.194000e+02 7.891304e-20 7.891304e-20
1.195000e+02 7.734783e-20 7.734783e-20
1.196000e+02 7.578261e-20 7.578261e-20
1.197000e+02 7.421739e-20 7.421739e-20
1.198000e+02 7.265217e-20 7.265217e-20
1.199000e+02 7.108696e-20 7.108696e-20
1.200000e+02 6.952174e-20 6.952174e-20
1.201000e+02 6.795652e-20 6.795652e-20
1.202000e+02 6.639130e-20 6.639130e-20
1.203000e+02 6.482609e-20 6.482609e-20
1.204000e+02 6.326087e-20 6.326087e-20
1.205000e+02 6.169565e-20 6.169565e-20
1.206000e+02 6.013043e-20 6.013043e-20
1.207000e+02 5.856522e-20 5.856522e-20
1.208000e+02 5.700000e-20 5.700000e-20
1.209000e+02 5.566667e-20 5.566667e-20
1.210000e+02 5.433333e-20 5.433333e-20
1.211000e+02 5.300000e-20 5.300000e-20
1.212000e+02 5.166667e-20 5.166667e-20
1.213000e+02 5.033333e-20 5.033333e-20
1.214000e+02 4.900000e-20 4.900000e-20
1.215000e+02 4.766667e-20 4.766667e-20
1.216000e+02 4.633333e-20 4.633333e-20
1.217000e+02 4.500000e-20 4.500000e-20
1.218000e+02 4.366667e-20 4.366667e-20
1.219000e+02 4.233333e-20 4.233333e-20
1.220000e+02 4.100000e-20 4.100000e-20
1.221000e+02 3.966667e-20 3.966667e-20
1.222000e+02 3.833333e-20 3.833333e-20
1.223000e+02 3.700000e-20 3.700000e-20
1.224000e+02 3.566667e-20 3.566667e-20
1.225000e+02 3.433333e-20 3.433333e-20
1.226000e+02 3.300000e-20 3.300000e-20
1.227000e+02 3.166667e-20 3.166667e-20
1.228000e+02 3.033333e-20 3.033333e-20
1.229000e+02 2.900000e-20 2.900000e-20
1.230000e+02 2.766667e-20 2.766667e-20
1.231000e+02 2.633333e-20 2.633333e-20
1.232000e+02 2.500000e-20 2.500000e-20
1.233000e+02 2.366667e-20 2.366667e-20
1.234000e+02 2.233333e-20 2.233333e-20
1.235000e+02 2.100000e-20 2.100000e-20
1.236000e+02 1.966667e-20 1.966667e-20
1.237000e+02 1.833333e-20 1.833333e-20
1.238000e+02 1.700000e-20 1.700000e-20
1.239000e+02 1.566667e-20 1.566667e-20
1.240000e+02 1.433333e-20 1.433333e-20
1.241000e+02 1.300000e-20 1.300000e-20
1.242000e+02 1.166667e-20 1.166667e-20
1.243000e+02 1.033333e-20 1.033333e-20
1.244000e+02 9.000000e-21 9.000000e-21
1.245000e+02 7.666667e-21 7.666667e-21
1.246000e+02 6.333333e-21 6.333333e-21
1.247000e+02 5.000000e-21 5.000000e-21
1.248000e+02 3.666667e-21 3.666667e-21
1.249000e+02 2.333333e-21 2.333333e-21
1.250000e+02 1.000000e-21 1.000000e-21
1.251000e+02 1.051579e-21 1.051579e-21
1.252000e+02 1.103158e-21 1.103158e-21
1.253000e+02 1.154737e-21 1.154737e-21
1.254000e+02 1.206316e-21 1.206316e-21
1.255000e+02 1.257895e-21 1.257895e-21
1.256000e+02 1.309474e-21 1.309474e-21
1.257000e+02 1.361053e-21 1.361053e-21
1.258000e+02 1.412632e-21 1.412632e-21
1.259000e+02 1.464211e-21 1.464211e-21
1.260000e+02 1.515789e-21 1.515789e-21
1.261000e+02 1.567368e-21 1.567368e-21
1.262000e+02 1.618947e-21 1.618947e-21
1.263000e+02 1.670526e-21 1.670526e-21
1.264000e+02 1.722105e-21 1.722105e-21
1.265000e+02 1.773684e-21 1.773684e-21
1.266000e+02 1.825263e-21 1.825263e-21
1.267000e+02 1.876842e-21 1.876842e-21
1.268000e+02 1.928421e-21 1.928421e-21
1.269000e+02 1.980000e-21 1.980000e-21
1.270000e+02 2.031579e-21 2.031579e-21
1.271000e+02 2.083158e-21 2.083158e-21
1.272000e+02 2.134737e-21 2.134737e-21
1.273000e+02 2.186316e-21 2.186316e-21
1.274000e+02 2.237895e-21 2.237895e-21
1.275000e+02 2.289474e-21 2.289474e-21
1.276000e+02 2.341053e-21 2.341053e-21
1.277000e+02 2.392632e-21 2.392632e-21
1.278000e+02 2.444211e-21 2.444211e-21
1.279000e+02 2.495789e-21 2.495789e-21
1.280000e+02 2.547368e-21 2.547368e-21
1.281000e+02 2.598947e-21 2.598947e-21
1.282000e+02 2.650526e-21 2.650526e-21
1.283000e+02 2.702105e-21 2.702105e-21
1.284000e+02 2.753684e-21 2.753684e-21
1.285000e+02 2.805263e-21 2.805263e-21
1.286000e+02 2.856842e-21 2.856842e-21
1.287000e+02 2.908421e-21 2.908421e-21
1.288000e+02 2.960000e-21 2.960000e-21
1.289000e+02 3.011579e-21 3.011579e-21
1.290000e+02 3.063158e-21 3.063158e-21
1.291000e+02 3.114737e-21 3.114737e-21
1.292000e+02 3.166316e-21 3.166316e-21
1.293000e+02 3.217895e-21 3.217895e-21
1.294000e+02 3.269474e-21 3.269474e-21
1.295000e+02 3.321053e-21 3.321053e-21
1.296000e+02 3.372632e-21 3.372632e-21
1.297000e+02 3.424211e-21 3.424211e-21
1.298000e+02 3.475789e-21 3.475789e-21
1.299000e+02 3.527368e-21 3.527368e-21
1.300000e+02 3.578947e-21 3.578947e-21
1.301000e+02 3.630526e-21 3.630526e-21
1.302000e+02 3.682105e-21 3.682105e-21
1.303000e+02 3.733684e-21 3.733684e-21
1.304000e+02 3.785263e-21 3.785263e-21
1.305000e+02 3.836842e-21 3.836842e-21
1.306000e+02 3.888421e-21 3.888421e-21
1.307000e+02 3.940000e-21 3.940000e-21
1.308000e+02 3.991579e-21 3.991579e-21
1.309000e+02 4.043158e-21 4.043158e-21
1.310000e+02 4.094737e-21 4.094737e-21
1.311000e+02 4.146316e-21 4.146316e-21
1.312000e+02 4.197895e-21 4.197895e-21
1.313000e+02 4.249474e-21 4.249474e-21
1.314000e+02 4.301053e-21 4.301053e-21
1.315000e+02 4.352632e-21 4.352632e-21
1.316000e+02 4.404211e-21 4.404211e-21
1.317000e+02 4.455789e-21 4.455789e-21
1.318000e+02 4.507368e-21 4.507368e-21
1.319000e+02 4.558947e-21 4.558947e-21
1.320000e+02 4.610526e-21 4.610526e-21
1.321000e+02 4.662105e-21 4.662105e-21
1.322000e+02 4.713684e-21 4.713684e-21
1.323000e+02 4.765263e-21 4.765263e-21
1.324000e+02 4.816842e-21 4.816842e-21
1.325000e+02 4.868421e-21 4.868421e-21
1.326000e+02 4.920000e-21 4.920000e-21
1.327000e+02 4.971579e-21 4.971579e-21
1.328000e+02 5.023158e-21 5.023158e-21
1.329000e+02 5.074737e-21 5.074737e-21
1.330000e+02 5.126316e-21 5.126316e-21
1.331000e+02 5.177895e-21 5.177895e-21
1.332000e+02 5.229474e-21 5.229474e-21
1.333000e+02 5.281053e-21 5.281053e-21
1.334000e+02 5.332632e-21 5.332632e-21
1.335000e+02 5.384211e-21 5.384211e-21
1.336000e+02 5.435789e-21 5.435789e-21
1.337000e+02 5.487368e-21 5.487368e-21
1.338000e+02 5.538947e-21 5.538947e-21
1.339000e+02 5.590526e-21 5.590526e-21
1.340000e+02 5.642105e-21 5.642105e-21
1.341000e+02 5.693684e-21 5.693684e-21
1.342000e+02 5.745263e-21 5.745263e-21
1.343000e+02 5.796842e-21 5.796842e-21
1.344000e+02 5.848421e-21 5.848421e-21
1.345000e+02 5.900000e-21 5.900000e-21
1.346000e+02 6.056667e-21 6.056667e-21
1.347000e+02 6.213333e-21 6.213333e-21
1.348000e+02 6.370000e-21 6.370000e-21
1.349000e+02 6.526667e-21 6.526667e-21
1.350000e+02 6.683333e-21 6.683333e-21
1.351000e+02 6.840000e-21 6.840000e-21
1.352000e+02 6.996667e-21 6.996667e-21
1.353000e+02 7.153333e-21 7.153333e-21
1.354000e+02 7.310000e-21 7.310000e-21
1.355000e+02 7.466667e-21 7.466667e-21
1.356000e+02 7.623333e-21 7.623333e-21
1.357000e+02 7.780000e-21 7.780000e-21
1.358000e+02 7.936667e-21 7.936667e-21
1.359000e+02 8.093333e-21 8.093333e-21
1.360000e+02 8.250000e-21 8.250000e-21
1.361000e+02 8.406667e-21 8.406667e-21
1.362000e+02 8.563333e-21 8.563333e-21
1.363000e+02 8.720000e-21 8.720000e-21
1.364000e+02 8.876667e-21 8.876667e-21
1.365000e+02 9.033333e-21 9.033333e-21
1.366000e+02 9.190000e-21 9.190000e-21
1.367000e+02 9.346667e-21 9.346667e-21
1.368000e+02 9.503333e-21 9.503333e-21
1.369000e+02 9.660000e-21 9.660000e-21
1.370000e+02 9.816667e-21 9.816667e-21
1.371000e+02 9.973333e-21 9.973333e-21
1.372000e+02 1.013000e-20 1.013000e-20
1.373000e+02 1.028667e-20 1.028667e-20
1.374000e+02 1.044333e-20 1.044333e-20
1.375000e+02 1.060000e-20 1.060000e-20
1.376000e+02 1.081358e-20 1.081358e-20
1.377000e+02 1.102716e-20 1.102716e-20
1.378000e+02 1.124074e-20 1.124074e-20
1.379000e+02 1.145432e-20 1.145432e-20
1.380000e+02 1.166790e-20 1.166790e-20
1.381000e+02 1.188148e-20 1.188148e-20
1.382000e+02 1.209506e-20 1.209506e-20
1.383000e+02 1.230864e-20 1.230864e-20
1.384000e+02 1.252222e-20 1.252222e-20
1.385000e+02 1.273580e-20 1.273580e-20
1.386000e+02 1.294938e-20 1.294938e-20
1.387000e+02 1.316296e-20 1.316296e-20
1.388000e+02 1.337654e-20 1.337654e-20
1.389000e+02 1.359012e-20 1.359012e-20
1.390000e+02 1.380370e-20 1.380370e-20
1.391000e+02 1.401728e-20 1.401728e-20
1.392000e+02 1.423086e-20 1.423086e-20
1.393000e+02 1.444444e-20 1.444444e-20
1.394000e+02 1.465802e-20 1.465802e-20
1.395000e+02 1.487160e-20 1.487160e-20
1.396000e+02 1.508519e-20 1.508519e-20
1.397000e+02 1.529877e-20 1.529877e-20
1.398000e+02 1.551235e-20 1.551235e-20
1.399000e+02 1.572593e-20 1.572593e-20
1.400000e+02 1.593951e-20 1.593951e-20
1.401000e+02 1.615309e-20 1.615309e-20
1.402000e+02 1.636667e-20 1.636667e-20
1.403000e+02 1.658025e-20 1.658025e-20
1.404000e+02 1.679383e-20 1.679383e-20
1.405000e+02 1.700741e-20 1.700741e-20
1.406000e+02 1.722099e-20 1.722099e-20
1.407000e+02 1.743457e-20 1.743457e-20
1.408000e+02 1.764815e-20 1.764815e-20
1.409000e+02 1.786173e-20 1.786173e-20
1.410000e+02 1.807531e-20 1.807531e-20
1.411000e+02 1.828889e-20 1.828889e-20
1.412000e+02 1.850247e-20 1.850247e-20
1.413000e+02 1.871605e-20 1.871605e-20
1.414000e+02 1.892963e-20 1.892963e-20
1.415000e+02 1.914321e-20 1.914321e-20
1.416000e+02 1.935679e-20 1.935679e-20
1.417000e+02 1.957037e-20 1.957037e-20
1.418000e+02 1.978395e-20 1.978395e-20
1.419000e+02 1.999753e-20 1.999753e-20
1.420000e+02 2.021111e-20 2.021111e-20
1.421000e+02 2.042469e-20 2.042469e-20
1.422000e+02 2.063827e-20 2.063827e-20
1.423000e+02 2.085185e-20 2.085185e-20
1.424000e+02 2.106543e-20 2.106543e-20
1.425000e+02 2.127901e-20 2.127901e-20
1.426000e+02 2.149259e-20 2.149259e-20
1.427000e+02 2.170617e-20 2.170617e-20
1.428000e+02 2.191975e-20 2.191975e-20
1.429000e+02 2.213333e-20 2.213333e-20
1.430000e+02 2.234691e-20 2.234691e-20
1.431000e+02 2.256049e-20 2.256049e-20
1.432000e+02 2.277407e-20 2.277407e-20
1.433000e+02 2.298765e-20 2.298765e-20
1.434000e+02 2.320123e-20 2.320123e-20
1.435000e+02 2.341481e-20 2.341481e-20
1.436000e+02 2.362840e-20 2.362840e-20
1.437000e+02 2.384198e-20 2.384198e-20
1.438000e+02 2.405556e-20 2.405556e-20
1.439000e+02 2.426914e-20 2.426914e-20
1.440000e+02 2.448272e-20 2.448272e-20
1.441000e+02 2.469630e-20 2.469630e-20
1.442000e+02 2.490988e-20 2.490988e-20
1.443000e+02 2.512346e-20 2.512346e-20
1.444000e+02 2.533704e-20 2.533704e-20
1.445000e+02 2.555062e-20 2.555062e-20
1.446000e+02 2.576420e-20 2.576420e-20
1.447000e+02 2.597778e-20 2.597778e-20
1.448000e+02 2.619136e-20 2.619136e-20
1.449000e+02 2.640494e-20 2.640494e-20
1.450000e+02 2.661852e-20 2.661852e-20
1.451000e+02 2.683210e-20 2.683210e-20
1.452000e+02 2.704568e-20 2.704568e-20
1.453000e+02 2.725926e-20 2.725926e-20
1.454000e+02 2.747284e-20 2.747284e-20
1.455000e+02 2.768642e-20 2.768642e-20
1.456000e+02 2.790000e-20 2.790000e-20
1.457000e+02 2.800986e-20 2.800986e-20
1.458000e+02 2.811972e-20 2.811972e-20
1.459000e+02 2.822958e-20 2.822958e-20
1.460000e+02 2.833944e-20 2.833944e-20
1.461000e+02 2.844930e-20 2.844930e-20
1.462000e+02 2.855915e-20 2.855915e-20
1.463000e+02 2.866901e-20 2.866901e-20
1.464000e+02 2.877887e-20 2.877887e-20
1.465000e+02 2.888873e-20 2.888873e-20
1.466000e+02 2.899859e-20 2.899859e-20
1.467000e+02 2.910845e-20 2.910845e-20
1.468000e+02 2.921831e-20 2.921831e-20
1.469000e+02 2.932817e-20 2.932817e-20
1.470000e+02 2.943803e-20 2.943803e-20
1.471000e+02 2.954789e-20 2.954789e-20
1.472000e+02 2.965775e-20 2.965775e-20
1.473000e+02 2.976761e-20 2.976761e-20
1.474000e+02 2.987746e-20 2.987746e-20
1.475000e+02 2.998732e-20 2.998732e-20
1.476000e+02 3.009718e-20 3.009718e-20
1.477000e+02 3.020704e-20 3.020704e-20
1.478000e+02 3.031690e-20 3.031690e-20
1.479000e+02 3.042676e-20 3.042676e-20
1.480000e+02 3.053662e-20 3.053662e-20
1.481000e+02 3.064648e-20 3.064648e-20
1.482000e+02 3.075634e-20 3.075634e-20
1.483000e+02 3.086620e-20 3.086620e-20
1.484000e+02 3.097606e-20 3.097606e-20
1.485000e+02 3.108592e-20 3.108592e-20
1.486000e+02 3.119577e-20 3.119577e-20
1.487000e+02 3.130563e-20 3.130563e-20
1.488000e+02 3.141549e-20 3.141549e-20
1.489000e+02 3.152535e-20 3.152535e-20
1.490000e+02 3.163521e-20 3.163521e-20
1.491000e+02 3.174507e-20 3.174507e-20
1.492000e+02 3.185493e-20 3.185493e-20
1.493000e+02 3.196479e-20 3.196479e-20
1.494000e+02 3.207465e-20 3.207465e-20
1.495000e+02 3.218451e-20 3.218451e-20
1.496000e+02 3.229437e-20 3.229437e-20
1.497000e+02 3.240423e-20 3.240423e-20
1.498000e+02 3.251408e-20 3.251408e-20
1.499000e+02 3.262394e-20 3.262394e-20
1.500000e+02 3.273380e-20 3.273380e-20
1.501000e+02 3.284366e-20 3.284366e-20
1.502000e+02 3.295352e-20 3.295352e-20
1.503000e+02 3.306338e-20 3.306338e-20
1.504000e+02 3.317324e-20 3.317324e-20
1.505000e+02 3.328310e-20 3.328310e-20
1.506000e+02 3.339296e-20 3.339296e-20
1.507000e+02 3.350282e-20 3.350282e-20
1.508000e+02 3.361268e-20 3.361268e-20
1.509000e+02 3.372254e-20 3.372254e-20
1.510000e+02 3.383239e-20 3.383239e-20
1.511000e+02 3.394225e-20 3.394225e-20
1.512000e+02 3.405211e-20 3.405211e-20
1.513000e+02 3.416197e-20 3.416197e-20
1.514000e+02 3.427183e-20 3.427183e-20
1.515000e+02 3.438169e-20 3.438169e-20
1.516000e+02 3.449155e-20 3.449155e-20
1.517000e+02 3.460141e-20 3.460141e-20
1.518000e+02 3.471127e-20 3.471127e-20
1.519000e+02 3.482113e-20 3.482113e-20
1.520000e+02 3.493099e-20 3.493099e-20
1.521000e+02 3.504085e-20 3.504085e-20
1.522000e+02 3.515070e-20 3.515070e-20
1.523000e+02 3.526056e-20 3.526056e-20
1.524000e+02 3.537042e-20 3.537042e-20
1.525000e+02 3.548028e-20 3.548028e-20
1.526000e+02 3.559014e-20 3.559014e-20
1.527000e+02 3.570000e-20 3.570000e-20
1.528000e+02 3.545000e-20 3.545000e-20
1.529000e+02 3.520000e-20 3.520000e-20
1.530000e+02 3.495000e-20 3.495000e-20
1.531000e+02 3.470000e-20 3.470000e-20
1.532000e+02 3.445000e-20 3.445000e-20
1.533000e+02 3.420000e-20 3.420000e-20
1.534000e+02 3.395000e-20 3.395000e-20
1.535000e+02 3.370000e-20 3.370000e-20
1.536000e+02 3.345000e-20 3.345000e-20
1.537000e+02 3.320000e-20 3.320000e-20
1.538000e+02 3.295000e-20 3.295000e-20
1.539000e+02 3.270000e-20 3.270000e-20
1.540000e+02 3.245000e-20 3.245000e-20
1.541000e+02 3.220000e-20 3.220000e-20
1.542000e+02 3.195000e-20 3.195000e-20
1.543000e+02 3.170000e-20 3.170000e-20
1.544000e+02 3.145000e-20 3.145000e-20
1.545000e+02 3.120000e-20 3.120000e-20
1.546000e+02 3.095000e-20 3.095000e-20
1.547000e+02 3.070000e-20 3.070000e-20
1.548000e+02 3.045000e-20 3.045000e-20
1.549000e+02 3.020000e-20 3.020000e-20
1.550000e+02 2.995000e-20 2.995000e-20
1.551000e+02 2.970000e-20 2.970000e-20
1.552000e+02 2.945000e-20 2.945000e-20
1.553000e+02 2.920000e-20 2.920000e-20
1.554000e+02 2.895000e-20 2.895000e-20
1.555000e+02 2.870000e-20 2.870000e-20
1.556000e+02 2.845000e-20 2.845000e-20
1.557000e+02 2.820000e-20 2.820000e-20
1.558000e+02 2.795000e-20 2.795000e-20
1.559000e+02 2.770000e-20 2.770000e-20
1.560000e+02 2.745000e-20 2.745000e-20
1.561000e+02 2.720000e-20 2.720000e-20
1.562000e+02 2.695000e-20 2.695000e-20
1.563000e+02 2.670000e-20 2.670000e-20
1.564000e+02 2.645000e-20 2.645000e-20
1.565000e+02 2.620000e-20 2.620000e-20
1.566000e+02 2.595000e-20 2.595000e-20
1.567000e+02 2.570000e-20 2.570000e-20
1.568000e+02 2.545000e-20 2.545000e-20
1.569000e+02 2.520000e-20 2.520000e-20
1.570000e+02 2.495000e-20 2.495000e-20
1.571000e+02 2.470000e-20 2.470000e-20
1.572000e+02 2.445000e-20 2.445000e-20
1.573000e+02 2.420000e-20 2.420000e-20
1.574000e+02 2.395000e-20 2.395000e-20
1.575000e+02 2.370000e-20 2.370000e-20
1.576000e+02 2.345000e-20 2.345000e-20
1.577000e+02 2.320000e-20 2.320000e-20
1.578000e+02 2.295000e-20 2.295000e-20
1.579000e+02 2.270000e-20 2.270000e-20
1.580000e+02 2.245000e-20 2.245000e-20
1.581000e+02 2.220000e-20 2.220000e-20
1.582000e+02 2.195000e-20 2.195000e-20
1.583000e+02 2.170000e-20 2.170000e-20
1.584000e+02 2.145000e-20 2.145000e-20
1.585000e+02 2.120000e-20 2.120000e-20
1.586000e+02 2.095000e-20 2.095000e-20
1.587000e+02 2.070000e-20 2.070000e-20
1.588000e+02 2.045000e-20 2.045000e-20
1.589000e+02 2.020000e-20 2.020000e-20
1.590000e+02 1.995000e-20 1.995000e-20
1.591000e+02 1.970000e-20 1.970000e-20
1.592000e+02 1.945000e-20 1.945000e-20
1.593000e+02 1.920000e-20 1.920000e-20
1.594000e+02 1.895000e-20 1.895000e-20
1.595000e+02 1.870000e-20 1.870000e-20
1.596000e+02 1.845000e-20 1.845000e-20
1.597000e+02 1.820000e-20 1.820000e-20
1.598000e+02 1.795000e-20 1.795000e-20
1.599000e+02 1.770000e-20 1.770000e-20
1.600000e+02 1.745000e-20 1.745000e-20
1.601000e+02 1.720000e-20 1.720000e-20
1.602000e+02 1.695000e-20 1.695000e-20
1.603000e+02 1.670000e-20 1.670000e-20
1.604000e+02 1.645000e-20 1.645000e-20
1.605000e+02 1.620000e-20 1.620000e-20
1.606000e+02 1.595000e-20 1.595000e-20
1.607000e+02 1.570000e-20 1.570000e-20
1.608000e+02 1.546912e-20 1.546912e-20
1.609000e+02 1.523824e-20 1.523824e-20
1.610000e+02 1.500735e-20 1.500735e-20
1.611000e+02 1.477647e-20 1.477647e-20
1.612000e+02 1.454559e-20 1.454559e-20
1.613000e+02 1.431471e-20 1.431471e-20
1.614000e+02 1.408382e-20 1.408382e-20
1.615000e+02 1.385294e-20 1.385294e-20
1.616000e+02 1.362206e-20 1.362206e-20
1.617000e+02 1.339118e-20 1.339118e-20
1.618000e+02 1.316029e-20 1.316029e-20
1.619000e+02 1.292941e-20 1.292941e-20
1.620000e+02 1.269853e-20 1.269853e-20
1.621000e+02 1.246765e-20 1.246765e-20
1.622000e+02 1.223676e-20 1.223676e-20
1.623000e+02 1.200588e-20 1.200588e-20
1.624000e+02 1.177500e-20 1.177500e-20
1.625000e+02 1.154412e-20 1.154412e-20
1.626000e+02 1.131324e-20 1.131324e-20
1.627000e+02 1.108235e-20 1.108235e-20
1.628000e+02 1.085147e-20 1.085147e-20
1.629000e+02 1.062059e-20 1.062059e-20
1.630000e+02 1.038971e-20 1.038971e-20
1.631000e+02 1.015882e-20 1.015882e-20
1.632000e+02 9.927941e-21 9.927941e-21
1.633000e+02 9.697059e-21 9.697059e-21
1.634000e+02 9.466176e-21 9.466176e-21
1.635000e+02 9.235294e-21 9.235294e-21
1.636000e+02 9.004412e-21 9.004412e-21
1.637000e+02 8.773529e-21 8.773529e-21
1.638000e+02 8.542647e-21 8.542647e-21
1.639000e+02 8.311765e-21 8.311765e-21
1.640000e+02 8.080882e-21 8.080882e-21
1.641000e+02 7.850000e-21 7.850000e-21
1.642000e+02 7.619118e-21 7.619118e-21
1.643000e+02 7.388235e-21 7.388235e-21
1.644000e+02 7.157353e-21 7.157353e-21
1.645000e+02 6.926471e-21 6.926471e-21
1.646000e+02 6.695588e-21 6.695588e-21
1.647000e+02 6.464706e-21 6.464706e-21
1.648000e+02 6.233824e-21 6.233824e-21
1.649000e+02 6.002941e-21 6.002941e-21
1.650000e+02 5.772059e-21 5.772059e-21
1.651000e+02 5.541176e-21 5.541176e-21
1.652000e+02 5.310294e-21 5.310294e-21
1.653000e+02 5.079412e-21 5.079412e-21
1.654000e+02 4.848529e-21 4.848529e-21
1.655000e+02 4.617647e-21 4.617647e-21
1.656000e+02 4.386765e-21 4.386765e-21
1.657000e+02 4.155882e-21 4.155882e-21
1.658000e+02 3.925000e-21 3.925000e-21
1.659000e+02 3.694118e-21 3.694118e-21
1.660000e+02 3.463235e-21 3.463235e-21
1.661000e+02 3.232353e-21 3.232353e-21
1.662000e+02 3.001471e-21 3.001471e-21
1.663000e+02 2.770588e-21 2.770588e-21
1.664000e+02 2.539706e-21 2.539706e-21
1.665000e+02 2.308824e-21 2.308824e-21
1.666000e+02 2.077941e-21 2.077941e-21
1.667000e+02 1.847059e-21 1.847059e-21
1.668000e+02 1.616176e-21 1.616176e-21
1.669000e+02 1.385294e-21 1.385294e-21
1.670000e+02 1.154412e-21 1.154412e-21
1.671000e+02 9.235294e-22 9.235294e-22
1.672000e+02 6.926471e-22 6.926471e-22
1.673000e+02 4.617647e-22 4.617647e-22
1.674000e+02 2.308824e-22 2.308824e-22
1.675000e+02 9.972706e-33 9.972706e-33
1.676000e+02 0.000000e+00 0.000000e+00
2.719000e+02 0.000000e+00 0.000000e+00
2.720000e+02 2.187298e-28 2.187298e-28
2.721000e+02 1.122894e-27 1.122894e-27
2.722000e+02 5.453648e-27 5.453648e-27
2.723000e+02 2.505839e-26 2.505839e-26
2.724000e+02 1.089273e-25 1.089273e-25
2.725000e+02 4.479586e-25 4.479586e-25
2.726000e+02 1.742837e-24 1.742837e-24
2.727000e+02 6.414947e-24 6.414947e-24
2.728000e+02 2.233814e-23 2.233814e-23
2.729000e+02 7.358997e-23 7.358997e-23
2.730000e+02 2.293548e-22 2.293548e-22
2.731000e+02 6.762615e-22 6.762615e-22
2.732000e+02 1.886423e-21 1.886423e-21
2.733000e+02 4.978300e-21 4.978300e-21
2.734000e+02 1.242913e-20 1.242913e-20
2.735000e+02 2.935741e-20 2.935741e-20
2.736000e+02 6.560132e-20 6.560132e-20
2.737000e+02 1.386836e-19 1.386836e-19
2.738000e+02 2.773671e-19 2.773671e-19
2.739000e+02 5.248106e-19 5.248106e-19
2.740000e+02 9.394373e-19 9.394373e-19
2.741000e+02 1.590928e-18 1.590928e-18
2.742000e+02 2.548889e-18 2.548889e-18
2.743000e+02 3.863394e-18 3.863394e-18
2.744000e+02 5.539934e-18 5.539934e-18
2.745000e+02 7.515498e-18 7.515498e-18
2.746000e+02 9.645585e-18 9.645585e-18
2.747000e+02 1.171162e-17 1.171162e-17
2.748000e+02 1.345312e-17 1.345312e-17
2.749000e+02 1.461997e-17 1.461997e-17
2.750000e+02 1.503100e-17 1.503100e-17
2.751000e+02 1.461997e-17 1.461997e-17
2.752000e+02 1.345312e-17 1.345312e-17
2.753000e+02 1.171162e-17 1.171162e-17
2.754000e+02 9.645585e-18 9.645585e-18
2.755000e+02 7.515498e-18 7.515498e-18
2.756000e+02 5.539934e-18 5.539934e-18
2.757000e+02 3.863394e-18 3.863394e-18
2.758000e+02 2.548889e-18 2.548889e-18
2.759000e+02 1.590928e-18 1.590928e-18
2.760000e+02 9.394373e-19 9.394373e-19
2.761000e+02 5.248106e-19 5.248106e-19
2.762000e+02 2.773671e-19 2.773671e-19
2.763000e+02 1.386836e-19 1.386836e-19
2.764000e+02 6.560132e-20 6.560132e-20
2.765000e+02 2.935741e-20 2.935741e-20
2.766000e+02 1.242913e-20 1.242913e-20
2.767000e+02 4.978300e-21 4.978300e-21
2.768000e+02 1.886423e-21 1.886423e-21
2.769000e+02 6.762615e-22 6.762615e-22
2.770000e+02 2.293548e-22 2.293548e-22
2.771000e+02 7.358997e-23 7.358997e-23
2.772000e+02 2.233814e-23 2.233814e-23
2.773000e+02 6.414947e-24 6.414947e-24
2.774000e+02 1.742837e-24 1.742837e-24
2.775000e+02 4.479586e-25 4.479586e-25
2.776000e+02 1.089273e-25 1.089273e-25
2.777000e+02 2.505839e-26 2.505839e-26
2.778000e+02 5.453648e-27 5.453648e-27
2.779000e+02 1.122894e-27 1.122894e-27
2.780000e+02 5.614469e-28 5.614469e-28
2.781000e+02 5.968016e-38 5.968016e-38
