# NH2 cross sections
# From the Leiden database for photodissociation and photoionization of astrophysically relevant molecules, http://home.strw.leidenuniv.nl/~ewine/photo/
# File last modified by Alan Heays 2017-03-01
# references: koch1997 10.1021/jp963020p, saxon1983 10.1063/1.444503, gibson1986 http://stacks.iop.org/0022-3700/19/i=18/a=013,
# no info on lines
# wavelength: (nm)
# photoabsorption   -- Photoabsorption cross section (cm2)
# photodissociation -- Photodissociation cross section (cm2)
# This version has been resampled to a uniform 0.1nm grid while maintaining a constant integrated cross section (using trapezoidal integration).
# wavelength photoabsorption photodissociation
1.000000e+02 1.307854e-17 3.727789e-47
1.001000e+02 1.290942e-17 1.842147e-46
1.002000e+02 1.305346e-17 7.181468e-46
1.003000e+02 1.319750e-17 2.761222e-45
1.004000e+02 1.334153e-17 1.047102e-44
1.005000e+02 1.348557e-17 3.916299e-44
1.006000e+02 1.361295e-17 1.444649e-43
1.007000e+02 1.363754e-17 5.255919e-43
1.008000e+02 1.356392e-17 1.885970e-42
1.009000e+02 1.347825e-17 6.674535e-42
1.010000e+02 1.339257e-17 2.329739e-41
1.011000e+02 1.330690e-17 8.020357e-41
1.012000e+02 1.330136e-17 2.723206e-40
1.013000e+02 1.364523e-17 9.119430e-40
1.014000e+02 1.432572e-17 3.012004e-39
1.015000e+02 1.387981e-17 9.811696e-39
1.016000e+02 1.206116e-17 3.152343e-38
1.017000e+02 1.122136e-17 9.989039e-38
1.018000e+02 1.161720e-17 3.121872e-37
1.019000e+02 1.262597e-17 9.622936e-37
1.020000e+02 1.419964e-17 2.925509e-36
1.021000e+02 1.290303e-17 8.771961e-36
1.022000e+02 1.046998e-17 2.594140e-35
1.023000e+02 9.998429e-18 7.566445e-35
1.024000e+02 9.724737e-18 2.176667e-34
1.025000e+02 9.568597e-18 6.175813e-34
1.026000e+02 9.735727e-18 1.728217e-33
1.027000e+02 1.018283e-17 4.769847e-33
1.028000e+02 1.233699e-17 1.298413e-32
1.029000e+02 1.516240e-17 3.485970e-32
1.030000e+02 1.345517e-17 9.230747e-32
1.031000e+02 1.013683e-17 2.410753e-31
1.032000e+02 8.976679e-18 6.209707e-31
1.033000e+02 8.106733e-18 1.577584e-30
1.034000e+02 7.632976e-18 3.952907e-30
1.035000e+02 7.423125e-18 9.768857e-30
1.036000e+02 7.285900e-18 2.381080e-29
1.037000e+02 7.465578e-18 5.724105e-29
1.038000e+02 7.853103e-18 1.357202e-28
1.039000e+02 8.244477e-18 3.173838e-28
1.040000e+02 8.654400e-18 7.320295e-28
1.041000e+02 9.295019e-18 1.665237e-27
1.042000e+02 1.020691e-17 3.736176e-27
1.043000e+02 1.181032e-17 8.267656e-27
1.044000e+02 1.478084e-17 1.804436e-26
1.045000e+02 1.442352e-17 3.884226e-26
1.046000e+02 9.733486e-18 8.246540e-26
1.047000e+02 6.637210e-18 1.726805e-25
1.048000e+02 5.801922e-18 3.566310e-25
1.049000e+02 5.541697e-18 7.264394e-25
1.050000e+02 5.450098e-18 1.459433e-24
1.051000e+02 5.264543e-18 2.891836e-24
1.052000e+02 5.105722e-18 5.651554e-24
1.053000e+02 5.082693e-18 1.089348e-23
1.054000e+02 5.084140e-18 2.070955e-23
1.055000e+02 5.085597e-18 3.883109e-23
1.056000e+02 5.087068e-18 7.181141e-23
1.057000e+02 5.105624e-18 1.309823e-22
1.058000e+02 5.655877e-18 2.356334e-22
1.059000e+02 5.925259e-18 4.180868e-22
1.060000e+02 5.366693e-18 7.316468e-22
1.061000e+02 4.826461e-18 1.262821e-21
1.062000e+02 4.374574e-18 2.149750e-21
1.063000e+02 3.971847e-18 3.609439e-21
1.064000e+02 3.723957e-18 5.977190e-21
1.065000e+02 3.497782e-18 9.762480e-21
1.066000e+02 3.456282e-18 1.572639e-20
1.067000e+02 3.754388e-18 2.498642e-20
1.068000e+02 4.144525e-18 3.915479e-20
1.069000e+02 4.641520e-18 6.051622e-20
1.070000e+02 5.197255e-18 9.224967e-20
1.071000e+02 5.462546e-18 1.386960e-19
1.072000e+02 5.159066e-18 2.056693e-19
1.073000e+02 5.560408e-18 3.008023e-19
1.074000e+02 8.225478e-18 4.339095e-19
1.075000e+02 1.127597e-17 6.173388e-19
1.076000e+02 1.025814e-17 8.662723e-19
1.077000e+02 6.484538e-18 1.198924e-18
1.078000e+02 4.376962e-18 1.636574e-18
1.079000e+02 4.101969e-18 2.203364e-18
1.080000e+02 4.559423e-18 2.925791e-18
1.081000e+02 5.374907e-18 3.831838e-18
1.082000e+02 6.428740e-18 4.949686e-18
1.083000e+02 7.690984e-18 6.306014e-18
1.084000e+02 9.273877e-18 7.923901e-18
1.085000e+02 1.114598e-17 9.820417e-18
1.086000e+02 1.331367e-17 1.200405e-17
1.087000e+02 1.575403e-17 1.447213e-17
1.088000e+02 1.847290e-17 1.720854e-17
1.089000e+02 2.152790e-17 2.018192e-17
1.090000e+02 2.477647e-17 2.334468e-17
1.091000e+02 2.808726e-17 2.663302e-17
1.092000e+02 3.144911e-17 2.996815e-17
1.093000e+02 3.481964e-17 3.325880e-17
1.094000e+02 3.792086e-17 3.640492e-17
1.095000e+02 4.054131e-17 3.930255e-17
1.096000e+02 4.282442e-17 4.184933e-17
1.097000e+02 4.479753e-17 4.395045e-17
1.098000e+02 4.637541e-17 4.552450e-17
1.099000e+02 4.741867e-17 4.650870e-17
1.100000e+02 4.777998e-17 4.686302e-17
1.101000e+02 4.745431e-17 4.657292e-17
1.102000e+02 4.648151e-17 4.565032e-17
1.103000e+02 4.489895e-17 4.413277e-17
1.104000e+02 4.279147e-17 4.208096e-17
1.105000e+02 4.024755e-17 3.957466e-17
1.106000e+02 3.733732e-17 3.670759e-17
1.107000e+02 3.414644e-17 3.358161e-17
1.108000e+02 3.078818e-17 3.030082e-17
1.109000e+02 2.739797e-17 2.696585e-17
1.110000e+02 2.408416e-17 2.366905e-17
1.111000e+02 2.089792e-17 2.049060e-17
1.112000e+02 1.787931e-17 1.749587e-17
1.113000e+02 1.509457e-17 1.473409e-17
1.114000e+02 1.257458e-17 1.223821e-17
1.115000e+02 1.034660e-17 1.002581e-17
1.116000e+02 8.440573e-18 8.100798e-18
1.117000e+02 6.820249e-18 6.455696e-18
1.118000e+02 5.438561e-18 5.074171e-18
1.119000e+02 4.274987e-18 3.933633e-18
1.120000e+02 3.330783e-18 3.007665e-18
1.121000e+02 2.589881e-18 2.268149e-18
1.122000e+02 2.010186e-18 1.687021e-18
1.123000e+02 1.562189e-18 1.237587e-18
1.124000e+02 1.156045e-18 8.954428e-19
1.125000e+02 7.369505e-19 6.390081e-19
1.126000e+02 4.497605e-19 4.497605e-19
1.127000e+02 3.122214e-19 3.122214e-19
1.128000e+02 2.137717e-19 2.137717e-19
1.129000e+02 1.443591e-19 1.443591e-19
1.130000e+02 9.829496e-20 9.829496e-20
1.131000e+02 6.746016e-20 6.746016e-20
1.132000e+02 4.523517e-20 4.523517e-20
1.133000e+02 3.047685e-20 3.047685e-20
1.134000e+02 2.082177e-20 2.082177e-20
1.135000e+02 1.459912e-20 1.459912e-20
1.136000e+02 1.064879e-20 1.064879e-20
1.137000e+02 8.179286e-21 8.179286e-21
1.138000e+02 6.771710e-21 6.771710e-21
1.139000e+02 6.442332e-21 6.442332e-21
1.140000e+02 6.880441e-21 6.880441e-21
1.141000e+02 7.575247e-21 7.575247e-21
1.142000e+02 8.352349e-21 8.352349e-21
1.143000e+02 8.776207e-21 8.776207e-21
1.144000e+02 8.797734e-21 8.797734e-21
1.145000e+02 8.776156e-21 8.776156e-21
1.146000e+02 8.770313e-21 8.770313e-21
1.147000e+02 8.773230e-21 8.773230e-21
1.148000e+02 8.780942e-21 8.780942e-21
1.149000e+02 8.791277e-21 8.791277e-21
1.150000e+02 8.803025e-21 8.803025e-21
1.151000e+02 8.815504e-21 8.815504e-21
1.152000e+02 8.828339e-21 8.828339e-21
1.153000e+02 8.841358e-21 8.841358e-21
1.154000e+02 8.854477e-21 8.854477e-21
1.155000e+02 9.026143e-21 9.026143e-21
1.156000e+02 9.789733e-21 9.789733e-21
1.157000e+02 1.101127e-20 1.101127e-20
1.158000e+02 1.223454e-20 1.223454e-20
1.159000e+02 1.300382e-20 1.300382e-20
1.160000e+02 1.317938e-20 1.317938e-20
1.161000e+02 1.319240e-20 1.319240e-20
1.162000e+02 1.320542e-20 1.320542e-20
1.163000e+02 1.321842e-20 1.321842e-20
1.164000e+02 1.323137e-20 1.323137e-20
1.165000e+02 1.324430e-20 1.324430e-20
1.166000e+02 1.325723e-20 1.325723e-20
1.167000e+02 1.334420e-20 1.334420e-20
1.168000e+02 1.386532e-20 1.386532e-20
1.169000e+02 1.479343e-20 1.479343e-20
1.170000e+02 1.576838e-20 1.576838e-20
1.171000e+02 1.673885e-20 1.673885e-20
1.172000e+02 1.740437e-20 1.740437e-20
1.173000e+02 1.759326e-20 1.759326e-20
1.174000e+02 1.760600e-20 1.760600e-20
1.175000e+02 1.761874e-20 1.761874e-20
1.176000e+02 1.763146e-20 1.763146e-20
1.177000e+02 1.764413e-20 1.764413e-20
1.178000e+02 1.765676e-20 1.765676e-20
1.179000e+02 1.766939e-20 1.766939e-20
1.180000e+02 1.768201e-20 1.768201e-20
1.181000e+02 1.769462e-20 1.769462e-20
1.182000e+02 1.770722e-20 1.770722e-20
1.183000e+02 1.772130e-20 1.772130e-20
1.184000e+02 1.800649e-20 1.800649e-20
1.185000e+02 1.875908e-20 1.875908e-20
1.186000e+02 1.970942e-20 1.970942e-20
1.187000e+02 2.065976e-20 2.065976e-20
1.188000e+02 2.153870e-20 2.153870e-20
1.189000e+02 2.199484e-20 2.199484e-20
1.190000e+02 2.205339e-20 2.205339e-20
1.191000e+02 2.206575e-20 2.206575e-20
1.192000e+02 2.207810e-20 2.207810e-20
1.193000e+02 2.209044e-20 2.209044e-20
1.194000e+02 2.210274e-20 2.210274e-20
1.195000e+02 2.211503e-20 2.211503e-20
1.196000e+02 2.212732e-20 2.212732e-20
1.197000e+02 2.213960e-20 2.213960e-20
1.198000e+02 2.215185e-20 2.215185e-20
1.199000e+02 2.216404e-20 2.216404e-20
1.200000e+02 2.217623e-20 2.217623e-20
1.201000e+02 2.218841e-20 2.218841e-20
1.202000e+02 2.220059e-20 2.220059e-20
1.203000e+02 2.221272e-20 2.221272e-20
1.204000e+02 2.222482e-20 2.222482e-20
1.205000e+02 2.223692e-20 2.223692e-20
1.206000e+02 2.224984e-20 2.224984e-20
1.207000e+02 2.251819e-20 2.251819e-20
1.208000e+02 2.323687e-20 2.323687e-20
1.209000e+02 2.415125e-20 2.415125e-20
1.210000e+02 2.506562e-20 2.506562e-20
1.211000e+02 2.597969e-20 2.597969e-20
1.212000e+02 2.689003e-20 2.689003e-20
1.213000e+02 2.779597e-20 2.779597e-20
1.214000e+02 2.870097e-20 2.870097e-20
1.215000e+02 2.960597e-20 2.960597e-20
1.216000e+02 3.051970e-20 3.051970e-20
1.217000e+02 3.147708e-20 3.147708e-20
1.218000e+02 3.247301e-20 3.247301e-20
1.219000e+02 3.347258e-20 3.347258e-20
1.220000e+02 3.446964e-20 3.446964e-20
1.221000e+02 3.542645e-20 3.542645e-20
1.222000e+02 3.633292e-20 3.633292e-20
1.223000e+02 3.722676e-20 3.722676e-20
1.224000e+02 3.812060e-20 3.812060e-20
1.225000e+02 3.901387e-20 3.901387e-20
1.226000e+02 3.990309e-20 3.990309e-20
1.227000e+02 4.078826e-20 4.078826e-20
1.228000e+02 4.167283e-20 4.167283e-20
1.229000e+02 4.255740e-20 4.255740e-20
1.230000e+02 4.354692e-20 4.354692e-20
1.231000e+02 4.502950e-20 4.502950e-20
1.232000e+02 4.693600e-20 4.693600e-20
1.233000e+02 4.887830e-20 4.887830e-20
1.234000e+02 5.081787e-20 5.081787e-20
1.235000e+02 5.268450e-20 5.268450e-20
1.236000e+02 5.445052e-20 5.445052e-20
1.237000e+02 5.618612e-20 5.618612e-20
1.238000e+02 5.792171e-20 5.792171e-20
1.239000e+02 5.969748e-20 5.969748e-20
1.240000e+02 6.212343e-20 6.212343e-20
1.241000e+02 6.536528e-20 6.536528e-20
1.242000e+02 6.865995e-20 6.865995e-20
1.243000e+02 7.152048e-20 7.152048e-20
1.244000e+02 7.409423e-20 7.409423e-20
1.245000e+02 7.666225e-20 7.666225e-20
1.246000e+02 7.923028e-20 7.923028e-20
1.247000e+02 8.201644e-20 8.201644e-20
1.248000e+02 8.539897e-20 8.539897e-20
1.249000e+02 8.916560e-20 8.916560e-20
1.250000e+02 9.293810e-20 9.293810e-20
1.251000e+02 9.670987e-20 9.670987e-20
1.252000e+02 1.004714e-19 1.004714e-19
1.253000e+02 1.042206e-19 1.042206e-19
1.254000e+02 1.079669e-19 1.079669e-19
1.255000e+02 1.117133e-19 1.117133e-19
1.256000e+02 1.154552e-19 1.154552e-19
1.257000e+02 1.191834e-19 1.191834e-19
1.258000e+02 1.229019e-19 1.229019e-19
1.259000e+02 1.266201e-19 1.266201e-19
1.260000e+02 1.303541e-19 1.303541e-19
1.261000e+02 1.345943e-19 1.345943e-19
1.262000e+02 1.395564e-19 1.395564e-19
1.263000e+02 1.447502e-19 1.447502e-19
1.264000e+02 1.499422e-19 1.499422e-19
1.265000e+02 1.549497e-19 1.549497e-19
1.266000e+02 1.596541e-19 1.596541e-19
1.267000e+02 1.642382e-19 1.642382e-19
1.268000e+02 1.688222e-19 1.688222e-19
1.269000e+02 1.733797e-19 1.733797e-19
1.270000e+02 1.777283e-19 1.777283e-19
1.271000e+02 1.818601e-19 1.818601e-19
1.272000e+02 1.859577e-19 1.859577e-19
1.273000e+02 1.900793e-19 1.900793e-19
1.274000e+02 1.945795e-19 1.945795e-19
1.275000e+02 1.995512e-19 1.995512e-19
1.276000e+02 2.046402e-19 2.046402e-19
1.277000e+02 2.097249e-19 2.097249e-19
1.278000e+02 2.144842e-19 2.144842e-19
1.279000e+02 2.187255e-19 2.187255e-19
1.280000e+02 2.227699e-19 2.227699e-19
1.281000e+02 2.268143e-19 2.268143e-19
1.282000e+02 2.309748e-19 2.309748e-19
1.283000e+02 2.354087e-19 2.354087e-19
1.284000e+02 2.400008e-19 2.400008e-19
1.285000e+02 2.445529e-19 2.445529e-19
1.286000e+02 2.478652e-19 2.478652e-19
1.287000e+02 2.494242e-19 2.494242e-19
1.288000e+02 2.504287e-19 2.504287e-19
1.289000e+02 2.514331e-19 2.514331e-19
1.290000e+02 2.529947e-19 2.529947e-19
1.291000e+02 2.558160e-19 2.558160e-19
1.292000e+02 2.593411e-19 2.593411e-19
1.293000e+02 2.628674e-19 2.628674e-19
1.294000e+02 2.663773e-19 2.663773e-19
1.295000e+02 2.682354e-19 2.682354e-19
1.296000e+02 2.673738e-19 2.673738e-19
1.297000e+02 2.654280e-19 2.654280e-19
1.298000e+02 2.634823e-19 2.634823e-19
1.299000e+02 2.620792e-19 2.620792e-19
1.300000e+02 2.624708e-19 2.624708e-19
1.301000e+02 2.641632e-19 2.641632e-19
1.302000e+02 2.659044e-19 2.659044e-19
1.303000e+02 2.676455e-19 2.676455e-19
1.304000e+02 2.674439e-19 2.674439e-19
1.305000e+02 2.620347e-19 2.620347e-19
1.306000e+02 2.533137e-19 2.533137e-19
1.307000e+02 2.445459e-19 2.445459e-19
1.308000e+02 2.423924e-19 2.423924e-19
1.309000e+02 2.528353e-19 2.528353e-19
1.310000e+02 2.589092e-19 2.589092e-19
1.311000e+02 2.517022e-19 2.517022e-19
1.312000e+02 2.415653e-19 2.415653e-19
1.313000e+02 2.336804e-19 2.336804e-19
1.314000e+02 2.302341e-19 2.302341e-19
1.315000e+02 2.289746e-19 2.289746e-19
1.316000e+02 2.266152e-19 2.266152e-19
1.317000e+02 2.195238e-19 2.195238e-19
1.318000e+02 2.085193e-19 2.085193e-19
1.319000e+02 1.973082e-19 1.973082e-19
1.320000e+02 1.875020e-19 1.875020e-19
1.321000e+02 1.795180e-19 1.795180e-19
1.322000e+02 1.720252e-19 1.720252e-19
1.323000e+02 1.645336e-19 1.645336e-19
1.324000e+02 1.570581e-19 1.570581e-19
1.325000e+02 1.496026e-19 1.496026e-19
1.326000e+02 1.421521e-19 1.421521e-19
1.327000e+02 1.347028e-19 1.347028e-19
1.328000e+02 1.272709e-19 1.272709e-19
1.329000e+02 1.198601e-19 1.198601e-19
1.330000e+02 1.124543e-19 1.124543e-19
1.331000e+02 1.050496e-19 1.050496e-19
1.332000e+02 9.766211e-20 9.766211e-20
1.333000e+02 9.029565e-20 9.029565e-20
1.334000e+02 8.293423e-20 8.293423e-20
1.335000e+02 7.563271e-20 7.563271e-20
1.336000e+02 6.937597e-20 6.937597e-20
1.337000e+02 6.445165e-20 6.445165e-20
1.338000e+02 5.987488e-20 5.987488e-20
1.339000e+02 5.529810e-20 5.529810e-20
1.340000e+02 5.130642e-20 5.130642e-20
1.341000e+02 4.982535e-20 4.982535e-20
1.342000e+02 5.041783e-20 5.041783e-20
1.343000e+02 5.115837e-20 5.115837e-20
1.344000e+02 5.189890e-20 5.189890e-20
1.345000e+02 5.263943e-20 5.263943e-20
1.346000e+02 5.438243e-20 5.438243e-20
1.347000e+02 5.885612e-20 5.885612e-20
1.348000e+02 6.508451e-20 6.508451e-20
1.349000e+02 7.133938e-20 7.133938e-20
1.350000e+02 7.862271e-20 7.862271e-20
1.351000e+02 8.925330e-20 8.925330e-20
1.352000e+02 1.022889e-19 1.022889e-19
1.353000e+02 1.160101e-19 1.160101e-19
1.354000e+02 1.313415e-19 1.313415e-19
1.355000e+02 1.482434e-19 1.482434e-19
1.356000e+02 1.686876e-19 1.686876e-19
1.357000e+02 1.921791e-19 1.921791e-19
1.358000e+02 2.148792e-19 2.148792e-19
1.359000e+02 2.373239e-19 2.373239e-19
1.360000e+02 2.611635e-19 2.611635e-19
1.361000e+02 2.900824e-19 2.900824e-19
1.362000e+02 3.238252e-19 3.238252e-19
1.363000e+02 3.581509e-19 3.581509e-19
1.364000e+02 3.992395e-19 3.992395e-19
1.365000e+02 4.561372e-19 4.561372e-19
1.366000e+02 5.106075e-19 5.106075e-19
1.367000e+02 5.665830e-19 5.665830e-19
1.368000e+02 6.328934e-19 6.328934e-19
1.369000e+02 6.858589e-19 6.858589e-19
1.370000e+02 7.407992e-19 7.407992e-19
1.371000e+02 8.046679e-19 8.046679e-19
1.372000e+02 8.574507e-19 8.574507e-19
1.373000e+02 9.282314e-19 9.282314e-19
1.374000e+02 1.023270e-18 1.023270e-18
1.375000e+02 1.108287e-18 1.108287e-18
1.376000e+02 1.195995e-18 1.195995e-18
1.377000e+02 1.290617e-18 1.290617e-18
1.378000e+02 1.375405e-18 1.375405e-18
1.379000e+02 1.464379e-18 1.464379e-18
1.380000e+02 1.557008e-18 1.557008e-18
1.381000e+02 1.648722e-18 1.648722e-18
1.382000e+02 1.741637e-18 1.741637e-18
1.383000e+02 1.831405e-18 1.831405e-18
1.384000e+02 1.945592e-18 1.945592e-18
1.385000e+02 2.085374e-18 2.085374e-18
1.386000e+02 2.220923e-18 2.220923e-18
1.387000e+02 2.355739e-18 2.355739e-18
1.388000e+02 2.495130e-18 2.495130e-18
1.389000e+02 2.628641e-18 2.628641e-18
1.390000e+02 2.760051e-18 2.760051e-18
1.391000e+02 2.890924e-18 2.890924e-18
1.392000e+02 3.024396e-18 3.024396e-18
1.393000e+02 3.164071e-18 3.164071e-18
1.394000e+02 3.295891e-18 3.295891e-18
1.395000e+02 3.427918e-18 3.427918e-18
1.396000e+02 3.551152e-18 3.551152e-18
1.397000e+02 3.652877e-18 3.652877e-18
1.398000e+02 3.745847e-18 3.745847e-18
1.399000e+02 3.825753e-18 3.825753e-18
1.400000e+02 3.894658e-18 3.894658e-18
1.401000e+02 3.952621e-18 3.952621e-18
1.402000e+02 4.001151e-18 4.001151e-18
1.403000e+02 4.055084e-18 4.055084e-18
1.404000e+02 4.097586e-18 4.097586e-18
1.405000e+02 4.117575e-18 4.117575e-18
1.406000e+02 4.123848e-18 4.123848e-18
1.407000e+02 4.121463e-18 4.121463e-18
1.408000e+02 4.116124e-18 4.116124e-18
1.409000e+02 4.096483e-18 4.096483e-18
1.410000e+02 4.053275e-18 4.053275e-18
1.411000e+02 3.994260e-18 3.994260e-18
1.412000e+02 3.931963e-18 3.931963e-18
1.413000e+02 3.871663e-18 3.871663e-18
1.414000e+02 3.821722e-18 3.821722e-18
1.415000e+02 3.778867e-18 3.778867e-18
1.416000e+02 3.727678e-18 3.727678e-18
1.417000e+02 3.680975e-18 3.680975e-18
1.418000e+02 3.627426e-18 3.627426e-18
1.419000e+02 3.531451e-18 3.531451e-18
1.420000e+02 3.409722e-18 3.409722e-18
1.421000e+02 3.292294e-18 3.292294e-18
1.422000e+02 3.198322e-18 3.198322e-18
1.423000e+02 3.131889e-18 3.131889e-18
1.424000e+02 3.085846e-18 3.085846e-18
1.425000e+02 3.042304e-18 3.042304e-18
1.426000e+02 2.984152e-18 2.984152e-18
1.427000e+02 2.896142e-18 2.896142e-18
1.428000e+02 2.782790e-18 2.782790e-18
1.429000e+02 2.683380e-18 2.683380e-18
1.430000e+02 2.585533e-18 2.585533e-18
1.431000e+02 2.489747e-18 2.489747e-18
1.432000e+02 2.419443e-18 2.419443e-18
1.433000e+02 2.344518e-18 2.344518e-18
1.434000e+02 2.257393e-18 2.257393e-18
1.435000e+02 2.170209e-18 2.170209e-18
1.436000e+02 2.091421e-18 2.091421e-18
1.437000e+02 2.010614e-18 2.010614e-18
1.438000e+02 1.919899e-18 1.919899e-18
1.439000e+02 1.833120e-18 1.833120e-18
1.440000e+02 1.746354e-18 1.746354e-18
1.441000e+02 1.669671e-18 1.669671e-18
1.442000e+02 1.598389e-18 1.598389e-18
1.443000e+02 1.540138e-18 1.540138e-18
1.444000e+02 1.492516e-18 1.492516e-18
1.445000e+02 1.435028e-18 1.435028e-18
1.446000e+02 1.375769e-18 1.375769e-18
1.447000e+02 1.315962e-18 1.315962e-18
1.448000e+02 1.240112e-18 1.240112e-18
1.449000e+02 1.160298e-18 1.160298e-18
1.450000e+02 1.096685e-18 1.096685e-18
1.451000e+02 1.037442e-18 1.037442e-18
1.452000e+02 9.879261e-19 9.879261e-19
1.453000e+02 9.482423e-19 9.482423e-19
1.454000e+02 9.075275e-19 9.075275e-19
1.455000e+02 8.680501e-19 8.680501e-19
1.456000e+02 8.224922e-19 8.224922e-19
1.457000e+02 7.768509e-19 7.768509e-19
1.458000e+02 7.384292e-19 7.384292e-19
1.459000e+02 6.983792e-19 6.983792e-19
1.460000e+02 6.642173e-19 6.642173e-19
1.461000e+02 6.337147e-19 6.337147e-19
1.462000e+02 6.054334e-19 6.054334e-19
1.463000e+02 5.840208e-19 5.840208e-19
1.464000e+02 5.648146e-19 5.648146e-19
1.465000e+02 5.411595e-19 5.411595e-19
1.466000e+02 5.144261e-19 5.144261e-19
1.467000e+02 5.022708e-19 5.022708e-19
1.468000e+02 4.919788e-19 4.919788e-19
1.469000e+02 4.619900e-19 4.619900e-19
1.470000e+02 4.237007e-19 4.237007e-19
1.471000e+02 3.846021e-19 3.846021e-19
1.472000e+02 3.525457e-19 3.525457e-19
1.473000e+02 3.386792e-19 3.386792e-19
1.474000e+02 3.338955e-19 3.338955e-19
1.475000e+02 3.239152e-19 3.239152e-19
1.476000e+02 3.084318e-19 3.084318e-19
1.477000e+02 2.847814e-19 2.847814e-19
1.478000e+02 2.860509e-19 2.860509e-19
1.479000e+02 3.248169e-19 3.248169e-19
1.480000e+02 2.935542e-19 2.935542e-19
1.481000e+02 2.473672e-19 2.473672e-19
1.482000e+02 2.360225e-19 2.360225e-19
1.483000e+02 2.100993e-19 2.100993e-19
1.484000e+02 2.044836e-19 2.044836e-19
1.485000e+02 2.021007e-19 2.021007e-19
1.486000e+02 2.025403e-19 2.025403e-19
1.487000e+02 2.357315e-19 2.357315e-19
1.488000e+02 3.019106e-19 3.019106e-19
1.489000e+02 3.347794e-19 3.347794e-19
1.490000e+02 2.876803e-19 2.876803e-19
1.491000e+02 2.219227e-19 2.219227e-19
1.492000e+02 1.907900e-19 1.907900e-19
1.493000e+02 2.035130e-19 2.035130e-19
1.494000e+02 2.470610e-19 2.470610e-19
1.495000e+02 2.608971e-19 2.608971e-19
1.496000e+02 2.091034e-19 2.091034e-19
1.497000e+02 1.267410e-19 1.267410e-19
1.498000e+02 8.968602e-20 8.968602e-20
1.499000e+02 9.822077e-20 9.822077e-20
1.500000e+02 1.267376e-19 1.267376e-19
1.501000e+02 1.606178e-19 1.606178e-19
1.502000e+02 2.222826e-19 2.222826e-19
1.503000e+02 2.394707e-19 2.394707e-19
1.504000e+02 1.851355e-19 1.851355e-19
1.505000e+02 1.439787e-19 1.439787e-19
1.506000e+02 1.612861e-19 1.612861e-19
1.507000e+02 2.052978e-19 2.052978e-19
1.508000e+02 2.040417e-19 2.040417e-19
1.509000e+02 1.849937e-19 1.849937e-19
1.510000e+02 1.619233e-19 1.619233e-19
1.511000e+02 1.222044e-19 1.222044e-19
1.512000e+02 9.447891e-20 9.447891e-20
1.513000e+02 1.251803e-19 1.251803e-19
1.514000e+02 2.065060e-19 2.065060e-19
1.515000e+02 3.210925e-19 3.210925e-19
1.516000e+02 4.515618e-19 4.515618e-19
1.517000e+02 5.630331e-19 5.630331e-19
1.518000e+02 5.439744e-19 5.439744e-19
1.519000e+02 4.099966e-19 4.099966e-19
1.520000e+02 2.848209e-19 2.848209e-19
1.521000e+02 1.973482e-19 1.973482e-19
1.522000e+02 1.421305e-19 1.421305e-19
1.523000e+02 1.082629e-19 1.082629e-19
1.524000e+02 9.221045e-20 9.221045e-20
1.525000e+02 9.657050e-20 9.657050e-20
1.526000e+02 1.203561e-19 1.203561e-19
1.527000e+02 1.487047e-19 1.487047e-19
1.528000e+02 2.012668e-19 2.012668e-19
1.529000e+02 3.238385e-19 3.238385e-19
1.530000e+02 4.761419e-19 4.761419e-19
1.531000e+02 5.677944e-19 5.677944e-19
1.532000e+02 5.805214e-19 5.805214e-19
1.533000e+02 5.556409e-19 5.556409e-19
1.534000e+02 5.202318e-19 5.202318e-19
1.535000e+02 4.829735e-19 4.829735e-19
1.536000e+02 4.856614e-19 4.856614e-19
1.537000e+02 5.346008e-19 5.346008e-19
1.538000e+02 6.322280e-19 6.322280e-19
1.539000e+02 6.655228e-19 6.655228e-19
1.540000e+02 5.051171e-19 5.051171e-19
1.541000e+02 2.976805e-19 2.976805e-19
1.542000e+02 1.746314e-19 1.746314e-19
1.543000e+02 1.273496e-19 1.273496e-19
1.544000e+02 1.210499e-19 1.210499e-19
1.545000e+02 1.774250e-19 1.774250e-19
1.546000e+02 3.288913e-19 3.288913e-19
1.547000e+02 5.319735e-19 5.319735e-19
1.548000e+02 8.154072e-19 8.154072e-19
1.549000e+02 1.187097e-18 1.187097e-18
1.550000e+02 1.465738e-18 1.465738e-18
1.551000e+02 1.298703e-18 1.298703e-18
1.552000e+02 8.239791e-19 8.239791e-19
1.553000e+02 5.233684e-19 5.233684e-19
1.554000e+02 4.557865e-19 4.557865e-19
1.555000e+02 5.707481e-19 5.707481e-19
1.556000e+02 9.593190e-19 9.593190e-19
1.557000e+02 1.400435e-18 1.400435e-18
1.558000e+02 1.162530e-18 1.162530e-18
1.559000e+02 5.632454e-19 5.632454e-19
1.560000e+02 3.325736e-19 3.325736e-19
1.561000e+02 2.863004e-19 2.863004e-19
1.562000e+02 2.336672e-19 2.336672e-19
1.563000e+02 1.548319e-19 1.548319e-19
1.564000e+02 1.268675e-19 1.268675e-19
1.565000e+02 1.733714e-19 1.733714e-19
1.566000e+02 2.390273e-19 2.390273e-19
1.567000e+02 3.325565e-19 3.325565e-19
1.568000e+02 5.255160e-19 5.255160e-19
1.569000e+02 7.843685e-19 7.843685e-19
1.570000e+02 1.474702e-18 1.474702e-18
1.571000e+02 1.925906e-18 1.925906e-18
1.572000e+02 1.538993e-18 1.538993e-18
1.573000e+02 1.140044e-18 1.140044e-18
1.574000e+02 9.457304e-19 9.457304e-19
1.575000e+02 8.874224e-19 8.874224e-19
1.576000e+02 9.809764e-19 9.809764e-19
1.577000e+02 1.134834e-18 1.134834e-18
1.578000e+02 1.495703e-18 1.495703e-18
1.579000e+02 2.503587e-18 2.503587e-18
1.580000e+02 4.851634e-18 4.851634e-18
1.581000e+02 5.504384e-18 5.504384e-18
1.582000e+02 3.061627e-18 3.061627e-18
1.583000e+02 1.666912e-18 1.666912e-18
1.584000e+02 1.875288e-18 1.875288e-18
1.585000e+02 2.199275e-18 2.199275e-18
1.586000e+02 2.698897e-18 2.698897e-18
1.587000e+02 3.631074e-18 3.631074e-18
1.588000e+02 4.945578e-18 4.945578e-18
1.589000e+02 5.826738e-18 5.826738e-18
1.590000e+02 5.817074e-18 5.817074e-18
1.591000e+02 5.534439e-18 5.534439e-18
1.592000e+02 5.513930e-18 5.513930e-18
1.593000e+02 5.660937e-18 5.660937e-18
1.594000e+02 5.597921e-18 5.597921e-18
1.595000e+02 5.855764e-18 5.855764e-18
1.596000e+02 9.861911e-18 9.861911e-18
1.597000e+02 1.494323e-17 1.494323e-17
1.598000e+02 1.310853e-17 1.310853e-17
1.599000e+02 8.498911e-18 8.498911e-18
1.600000e+02 7.064779e-18 7.064779e-18
1.601000e+02 6.955676e-18 6.955676e-18
1.602000e+02 7.131348e-18 7.131348e-18
1.603000e+02 7.764880e-18 7.764880e-18
1.604000e+02 8.603123e-18 8.603123e-18
1.605000e+02 8.946478e-18 8.946478e-18
1.606000e+02 8.857166e-18 8.857166e-18
1.607000e+02 8.856017e-18 8.856017e-18
1.608000e+02 9.179073e-18 9.179073e-18
1.609000e+02 1.025629e-17 1.025629e-17
1.610000e+02 1.308530e-17 1.308530e-17
1.611000e+02 1.673962e-17 1.673962e-17
1.612000e+02 1.665375e-17 1.665375e-17
1.613000e+02 1.283952e-17 1.283952e-17
1.614000e+02 9.642644e-18 9.642644e-18
1.615000e+02 8.236624e-18 8.236624e-18
1.616000e+02 7.916126e-18 7.916126e-18
1.617000e+02 8.344459e-18 8.344459e-18
1.618000e+02 9.913917e-18 9.913917e-18
1.619000e+02 1.103552e-17 1.103552e-17
1.620000e+02 8.594379e-18 8.594379e-18
1.621000e+02 5.864318e-18 5.864318e-18
1.622000e+02 5.390178e-18 5.390178e-18
1.623000e+02 5.087376e-18 5.087376e-18
1.624000e+02 4.958714e-18 4.958714e-18
1.625000e+02 5.436578e-18 5.436578e-18
1.626000e+02 7.391022e-18 7.391022e-18
1.627000e+02 8.759286e-18 8.759286e-18
1.628000e+02 7.635354e-18 7.635354e-18
1.629000e+02 6.482154e-18 6.482154e-18
1.630000e+02 6.845441e-18 6.845441e-18
1.631000e+02 9.107768e-18 9.107768e-18
1.632000e+02 1.639823e-17 1.639823e-17
1.633000e+02 1.789266e-17 1.789266e-17
1.634000e+02 9.775509e-18 9.775509e-18
1.635000e+02 5.024067e-18 5.024067e-18
1.636000e+02 4.340026e-18 4.340026e-18
1.637000e+02 4.293505e-18 4.293505e-18
1.638000e+02 4.293648e-18 4.293648e-18
1.639000e+02 4.302744e-18 4.302744e-18
1.640000e+02 4.378426e-18 4.378426e-18
1.641000e+02 4.500644e-18 4.500644e-18
1.642000e+02 4.562755e-18 4.562755e-18
1.643000e+02 4.664553e-18 4.664553e-18
1.644000e+02 4.941031e-18 4.941031e-18
1.645000e+02 5.333382e-18 5.333382e-18
1.646000e+02 5.854967e-18 5.854967e-18
1.647000e+02 1.539420e-17 1.539420e-17
1.648000e+02 3.284579e-17 3.284579e-17
1.649000e+02 2.679137e-17 2.679137e-17
1.650000e+02 1.090669e-17 1.090669e-17
1.651000e+02 9.602918e-18 9.602918e-18
1.652000e+02 1.031697e-17 1.031697e-17
1.653000e+02 1.414703e-17 1.414703e-17
1.654000e+02 3.404313e-17 3.404313e-17
1.655000e+02 6.737075e-17 6.737075e-17
1.656000e+02 5.114820e-17 5.114820e-17
1.657000e+02 1.697989e-17 1.697989e-17
1.658000e+02 1.600297e-17 1.600297e-17
1.659000e+02 1.649543e-17 1.649543e-17
1.660000e+02 1.785468e-17 1.785468e-17
1.661000e+02 2.021250e-17 2.021250e-17
1.662000e+02 2.357245e-17 2.357245e-17
1.663000e+02 2.842516e-17 2.842516e-17
1.664000e+02 3.598940e-17 3.598940e-17
1.665000e+02 4.827466e-17 4.827466e-17
1.666000e+02 6.910205e-17 6.910205e-17
1.667000e+02 1.100716e-16 1.100716e-16
1.668000e+02 1.817499e-16 1.817499e-16
1.669000e+02 2.399560e-16 2.399560e-16
1.670000e+02 2.457315e-16 2.457315e-16
1.671000e+02 2.674234e-16 2.674234e-16
1.672000e+02 1.912773e-16 1.912773e-16
1.673000e+02 6.675854e-17 6.675854e-17
1.674000e+02 4.019339e-17 4.019339e-17
1.675000e+02 2.697429e-17 2.697429e-17
1.676000e+02 1.908708e-17 1.908708e-17
1.677000e+02 1.406006e-17 1.406006e-17
1.678000e+02 1.100802e-17 1.100802e-17
1.679000e+02 9.224258e-18 9.224258e-18
1.680000e+02 8.028822e-18 8.028822e-18
1.681000e+02 7.319355e-18 7.319355e-18
1.682000e+02 6.917170e-18 6.917170e-18
1.683000e+02 6.813534e-18 6.813534e-18
1.684000e+02 7.280220e-18 7.280220e-18
1.685000e+02 8.265902e-18 8.265902e-18
1.686000e+02 9.726764e-18 9.726764e-18
1.687000e+02 1.326625e-17 1.326625e-17
1.688000e+02 2.425173e-17 2.425173e-17
1.689000e+02 7.571349e-17 7.571349e-17
1.690000e+02 1.371092e-16 1.371092e-16
1.691000e+02 8.647412e-17 8.647412e-17
1.692000e+02 1.454887e-17 1.454887e-17
1.693000e+02 1.001397e-17 1.001397e-17
1.694000e+02 7.906906e-18 7.906906e-18
1.695000e+02 6.906159e-18 6.906159e-18
1.696000e+02 6.219189e-18 6.219189e-18
1.697000e+02 5.803148e-18 5.803148e-18
1.698000e+02 5.545681e-18 5.545681e-18
1.699000e+02 5.355614e-18 5.355614e-18
1.700000e+02 5.360208e-18 5.360208e-18
1.701000e+02 5.496250e-18 5.496250e-18
1.702000e+02 5.708902e-18 5.708902e-18
1.703000e+02 6.061958e-18 6.061958e-18
1.704000e+02 6.499538e-18 6.499538e-18
1.705000e+02 7.447606e-18 7.447606e-18
1.706000e+02 9.166021e-18 9.166021e-18
1.707000e+02 1.218866e-17 1.218866e-17
1.708000e+02 2.294471e-17 2.294471e-17
1.709000e+02 8.911776e-17 8.911776e-17
1.710000e+02 1.154916e-16 1.154916e-16
1.711000e+02 4.755931e-17 4.755931e-17
1.712000e+02 8.432224e-18 8.432224e-18
1.713000e+02 5.217187e-18 5.217187e-18
1.714000e+02 3.711149e-18 3.711149e-18
1.715000e+02 2.688067e-18 2.688067e-18
1.716000e+02 1.796405e-18 1.796405e-18
1.717000e+02 1.017243e-18 1.017243e-18
1.718000e+02 4.090075e-19 4.090075e-19
1.719000e+02 2.144200e-19 2.144200e-19
1.720000e+02 3.500824e-19 3.500824e-19
1.721000e+02 6.266047e-19 6.266047e-19
1.722000e+02 1.088364e-18 1.088364e-18
1.723000e+02 1.701109e-18 1.701109e-18
1.724000e+02 2.510914e-18 2.510914e-18
1.725000e+02 3.468957e-18 3.468957e-18
1.726000e+02 4.844794e-18 4.844794e-18
1.727000e+02 7.315455e-18 7.315455e-18
1.728000e+02 1.225440e-17 1.225440e-17
1.729000e+02 4.361307e-17 4.361307e-17
1.730000e+02 1.228852e-16 1.228852e-16
1.731000e+02 1.015247e-16 1.015247e-16
1.732000e+02 2.049572e-17 2.049572e-17
1.733000e+02 1.052236e-17 1.052236e-17
1.734000e+02 8.210079e-18 8.210079e-18
1.735000e+02 6.940240e-18 6.940240e-18
1.736000e+02 6.123086e-18 6.123086e-18
1.737000e+02 5.706629e-18 5.706629e-18
1.738000e+02 5.461959e-18 5.461959e-18
1.739000e+02 5.305701e-18 5.305701e-18
1.740000e+02 5.402077e-18 5.402077e-18
1.741000e+02 5.666170e-18 5.666170e-18
1.742000e+02 5.940427e-18 5.940427e-18
1.743000e+02 6.365831e-18 6.365831e-18
1.744000e+02 7.569152e-18 7.569152e-18
1.745000e+02 1.079050e-17 1.079050e-17
1.746000e+02 2.083015e-17 2.083015e-17
1.747000e+02 6.814366e-17 6.814366e-17
1.748000e+02 8.811457e-17 8.811457e-17
1.749000e+02 3.914823e-17 3.914823e-17
1.750000e+02 7.937960e-18 7.937960e-18
1.751000e+02 5.240748e-18 5.240748e-18
1.752000e+02 3.740937e-18 3.740937e-18
1.753000e+02 2.805433e-18 2.805433e-18
1.754000e+02 2.256321e-18 2.256321e-18
1.755000e+02 1.785462e-18 1.785462e-18
1.756000e+02 1.515103e-18 1.515103e-18
1.757000e+02 1.389273e-18 1.389273e-18
1.758000e+02 1.244005e-18 1.244005e-18
1.759000e+02 8.964100e-19 8.964100e-19
1.760000e+02 3.841000e-19 3.841000e-19
1.761000e+02 2.176741e-19 2.176741e-19
1.762000e+02 4.478038e-19 4.478038e-19
1.763000e+02 7.259089e-19 7.259089e-19
1.764000e+02 9.556425e-19 9.556425e-19
1.765000e+02 7.200844e-18 7.200844e-18
1.766000e+02 1.866790e-17 1.866790e-17
1.767000e+02 1.436215e-17 1.436215e-17
1.768000e+02 2.567636e-18 2.567636e-18
1.769000e+02 2.397422e-19 2.397422e-19
1.770000e+02 4.051393e-20 4.051393e-20
1.771000e+02 7.319413e-22 7.319413e-22
1.772000e+02 6.944773e-22 6.944773e-22
1.773000e+02 6.570133e-22 6.570133e-22
1.774000e+02 6.212473e-22 6.212473e-22
1.775000e+02 5.888117e-22 5.888117e-22
1.776000e+02 5.580618e-22 5.580618e-22
1.777000e+02 5.275857e-22 5.275857e-22
1.778000e+02 5.000303e-22 5.000303e-22
1.779000e+02 4.760444e-22 4.760444e-22
1.780000e+02 4.476879e-22 4.476879e-22
1.781000e+02 4.072250e-22 4.072250e-22
1.782000e+02 3.658772e-22 3.658772e-22
1.783000e+02 3.316371e-22 3.316371e-22
1.784000e+02 2.997208e-22 2.997208e-22
1.785000e+02 2.707008e-22 2.707008e-22
1.786000e+02 2.454773e-22 2.454773e-22
1.787000e+02 2.219047e-22 2.219047e-22
1.788000e+02 1.950640e-22 1.950640e-22
1.789000e+02 1.666392e-22 1.666392e-22
1.790000e+02 1.456410e-22 1.456410e-22
1.791000e+02 1.313743e-22 1.313743e-22
1.792000e+02 1.176489e-22 1.176489e-22
1.793000e+02 1.018828e-22 1.018828e-22
1.794000e+02 8.186533e-23 8.186533e-23
1.795000e+02 5.963710e-23 5.963710e-23
1.796000e+02 3.898496e-23 3.898496e-23
1.797000e+02 4.465372e-23 4.465372e-23
1.798000e+02 7.144632e-23 7.144632e-23
1.799000e+02 8.653771e-23 8.653771e-23
1.800000e+02 9.354889e-23 9.354889e-23
1.801000e+02 9.765833e-23 9.765833e-23
1.802000e+02 7.927058e-23 7.927058e-23
1.803000e+02 4.252754e-23 4.252754e-23
1.804000e+02 1.676002e-23 1.676002e-23
1.805000e+02 8.309474e-24 8.309474e-24
1.806000e+02 7.440529e-24 7.440529e-24
1.807000e+02 6.571583e-24 6.571583e-24
1.808000e+02 5.702637e-24 5.702637e-24
1.809000e+02 4.833691e-24 4.833691e-24
1.810000e+02 7.600350e-24 7.600350e-24
1.811000e+02 1.893604e-23 1.893604e-23
1.812000e+02 3.523093e-23 3.523093e-23
1.813000e+02 5.155160e-23 5.155160e-23
1.814000e+02 6.787227e-23 6.787227e-23
1.815000e+02 8.434054e-23 8.434054e-23
1.816000e+02 1.019190e-22 1.019190e-22
1.817000e+02 1.206332e-22 1.206332e-22
1.818000e+02 1.401902e-22 1.401902e-22
1.819000e+02 1.651987e-22 1.651987e-22
1.820000e+02 1.959136e-22 1.959136e-22
1.821000e+02 2.275530e-22 2.275530e-22
1.822000e+02 2.572191e-22 2.572191e-22
1.823000e+02 2.815852e-22 2.815852e-22
1.824000e+02 3.032585e-22 3.032585e-22
1.825000e+02 3.308774e-22 3.308774e-22
1.826000e+02 3.667500e-22 3.667500e-22
1.827000e+02 4.121444e-22 4.121444e-22
1.828000e+02 4.645713e-22 4.645713e-22
1.829000e+02 5.148629e-22 5.148629e-22
1.830000e+02 5.619406e-22 5.619406e-22
1.831000e+02 6.113186e-22 6.113186e-22
1.832000e+02 6.666916e-22 6.666916e-22
1.833000e+02 7.256352e-22 7.256352e-22
1.834000e+02 7.817570e-22 7.817570e-22
1.835000e+02 8.266270e-22 8.266270e-22
1.836000e+02 8.655548e-22 8.655548e-22
1.837000e+02 9.238076e-22 9.238076e-22
1.838000e+02 9.874453e-22 9.874453e-22
1.839000e+02 1.037655e-21 1.037655e-21
1.840000e+02 1.088460e-21 1.088460e-21
1.841000e+02 1.144032e-21 1.144032e-21
1.842000e+02 1.203046e-21 1.203046e-21
1.843000e+02 1.262802e-21 1.262802e-21
1.844000e+02 1.322558e-21 1.322558e-21
1.845000e+02 1.381742e-21 1.381742e-21
1.846000e+02 1.437549e-21 1.437549e-21
1.847000e+02 1.488918e-21 1.488918e-21
1.848000e+02 1.552672e-21 1.552672e-21
1.849000e+02 1.620389e-21 1.620389e-21
1.850000e+02 1.675718e-21 1.675718e-21
1.851000e+02 1.726820e-21 1.726820e-21
1.852000e+02 1.790730e-21 1.790730e-21
1.853000e+02 1.874232e-21 1.874232e-21
1.854000e+02 1.945312e-21 1.945312e-21
1.855000e+02 2.001594e-21 2.001594e-21
1.856000e+02 2.079261e-21 2.079261e-21
1.857000e+02 2.151713e-21 2.151713e-21
1.858000e+02 2.194536e-21 2.194536e-21
1.859000e+02 2.263083e-21 2.263083e-21
1.860000e+02 2.368765e-21 2.368765e-21
1.861000e+02 2.459405e-21 2.459405e-21
1.862000e+02 2.519261e-21 2.519261e-21
1.863000e+02 2.578600e-21 2.578600e-21
1.864000e+02 2.661479e-21 2.661479e-21
1.865000e+02 2.738903e-21 2.738903e-21
1.866000e+02 2.794736e-21 2.794736e-21
1.867000e+02 2.861237e-21 2.861237e-21
1.868000e+02 2.926971e-21 2.926971e-21
1.869000e+02 2.979957e-21 2.979957e-21
1.870000e+02 3.047063e-21 3.047063e-21
1.871000e+02 3.115144e-21 3.115144e-21
1.872000e+02 3.167290e-21 3.167290e-21
1.873000e+02 3.217407e-21 3.217407e-21
1.874000e+02 3.269613e-21 3.269613e-21
1.875000e+02 3.322556e-21 3.322556e-21
1.876000e+02 3.375611e-21 3.375611e-21
1.877000e+02 3.428394e-21 3.428394e-21
1.878000e+02 3.479989e-21 3.479989e-21
1.879000e+02 3.542314e-21 3.542314e-21
1.880000e+02 3.596623e-21 3.596623e-21
1.881000e+02 3.634100e-21 3.634100e-21
1.882000e+02 3.687449e-21 3.687449e-21
1.883000e+02 3.749881e-21 3.749881e-21
1.884000e+02 3.795788e-21 3.795788e-21
1.885000e+02 3.842824e-21 3.842824e-21
1.886000e+02 3.902760e-21 3.902760e-21
1.887000e+02 3.958038e-21 3.958038e-21
1.888000e+02 4.008319e-21 4.008319e-21
1.889000e+02 4.058780e-21 4.058780e-21
1.890000e+02 4.104416e-21 4.104416e-21
1.891000e+02 4.136025e-21 4.136025e-21
1.892000e+02 4.160539e-21 4.160539e-21
1.893000e+02 4.190224e-21 4.190224e-21
1.894000e+02 4.223791e-21 4.223791e-21
1.895000e+02 4.254456e-21 4.254456e-21
1.896000e+02 4.280551e-21 4.280551e-21
1.897000e+02 4.302029e-21 4.302029e-21
1.898000e+02 4.320983e-21 4.320983e-21
1.899000e+02 4.335856e-21 4.335856e-21
1.900000e+02 4.341310e-21 4.341310e-21
1.901000e+02 4.341403e-21 4.341403e-21
1.902000e+02 4.341477e-21 4.341477e-21
1.903000e+02 4.341542e-21 4.341542e-21
1.904000e+02 4.336995e-21 4.336995e-21
1.905000e+02 4.324203e-21 4.324203e-21
1.906000e+02 4.307771e-21 4.307771e-21
1.907000e+02 4.283917e-21 4.283917e-21
1.908000e+02 4.247004e-21 4.247004e-21
1.909000e+02 4.208545e-21 4.208545e-21
1.910000e+02 4.170784e-21 4.170784e-21
1.911000e+02 4.120277e-21 4.120277e-21
1.912000e+02 4.054293e-21 4.054293e-21
1.913000e+02 3.987729e-21 3.987729e-21
1.914000e+02 3.923541e-21 3.923541e-21
1.915000e+02 3.835579e-21 3.835579e-21
1.916000e+02 3.717595e-21 3.717595e-21
1.917000e+02 3.590181e-21 3.590181e-21
1.918000e+02 3.462753e-21 3.462753e-21
1.919000e+02 3.335326e-21 3.335326e-21
1.920000e+02 3.207898e-21 3.207898e-21
1.921000e+02 3.080471e-21 3.080471e-21
1.922000e+02 2.953043e-21 2.953043e-21
1.923000e+02 2.825616e-21 2.825616e-21
1.924000e+02 2.698189e-21 2.698189e-21
1.925000e+02 2.574819e-21 2.574819e-21
1.926000e+02 2.479481e-21 2.479481e-21
1.927000e+02 2.401049e-21 2.401049e-21
1.928000e+02 2.291241e-21 2.291241e-21
1.929000e+02 2.139826e-21 2.139826e-21
1.930000e+02 1.990918e-21 1.990918e-21
1.931000e+02 1.864845e-21 1.864845e-21
1.932000e+02 1.741807e-21 1.741807e-21
1.933000e+02 1.618768e-21 1.618768e-21
1.934000e+02 1.495730e-21 1.495730e-21
1.935000e+02 1.372691e-21 1.372691e-21
1.936000e+02 1.249652e-21 1.249652e-21
1.937000e+02 1.126614e-21 1.126614e-21
1.938000e+02 1.003575e-21 1.003575e-21
1.939000e+02 8.806051e-22 8.806051e-22
1.940000e+02 7.662376e-22 7.662376e-22
1.941000e+02 6.759308e-22 6.759308e-22
1.942000e+02 6.049882e-22 6.049882e-22
1.943000e+02 5.435807e-22 5.435807e-22
1.944000e+02 4.707021e-22 4.707021e-22
1.945000e+02 3.920359e-22 3.920359e-22
1.946000e+02 3.355194e-22 3.355194e-22
1.947000e+02 2.843873e-22 2.843873e-22
1.948000e+02 2.202349e-22 2.202349e-22
1.949000e+02 1.603559e-22 1.603559e-22
1.950000e+02 1.157936e-22 1.157936e-22
1.951000e+02 7.845410e-23 7.845410e-23
1.952000e+02 5.009789e-23 5.009789e-23
1.953000e+02 2.810801e-23 2.810801e-23
1.954000e+02 1.562392e-23 1.562392e-23
1.955000e+02 1.305317e-23 1.305317e-23
1.956000e+02 1.208850e-23 1.208850e-23
1.957000e+02 1.112382e-23 1.112382e-23
1.958000e+02 1.015915e-23 1.015915e-23
1.959000e+02 9.231848e-24 9.231848e-24
1.960000e+02 8.724031e-24 8.724031e-24
1.961000e+02 8.697993e-24 8.697993e-24
1.962000e+02 8.771633e-24 8.771633e-24
1.963000e+02 8.845273e-24 8.845273e-24
1.964000e+02 8.918912e-24 8.918912e-24
1.965000e+02 8.992552e-24 8.992552e-24
1.966000e+02 9.066192e-24 9.066192e-24
1.967000e+02 9.139832e-24 9.139832e-24
1.968000e+02 9.213472e-24 9.213472e-24
1.969000e+02 9.287111e-24 9.287111e-24
1.970000e+02 9.360751e-24 9.360751e-24
1.971000e+02 9.420542e-24 9.420542e-24
1.972000e+02 9.078713e-24 9.078713e-24
1.973000e+02 8.173692e-24 8.173692e-24
1.974000e+02 7.093252e-24 7.093252e-24
1.975000e+02 6.012811e-24 6.012811e-24
1.976000e+02 4.932371e-24 4.932371e-24
1.977000e+02 4.013501e-24 4.013501e-24
1.978000e+02 3.654361e-24 3.654361e-24
1.979000e+02 3.710690e-24 3.710690e-24
1.980000e+02 3.784329e-24 3.784329e-24
1.981000e+02 3.857969e-24 3.857969e-24
1.982000e+02 3.931609e-24 3.931609e-24
1.983000e+02 4.005249e-24 4.005249e-24
1.984000e+02 4.078889e-24 4.078889e-24
1.985000e+02 4.152528e-24 4.152528e-24
1.986000e+02 4.226168e-24 4.226168e-24
1.987000e+02 4.299808e-24 4.299808e-24
1.988000e+02 4.373448e-24 4.373448e-24
1.989000e+02 4.396475e-24 4.396475e-24
1.990000e+02 4.153060e-24 4.153060e-24
1.991000e+02 3.669382e-24 3.669382e-24
1.992000e+02 3.161270e-24 3.161270e-24
1.993000e+02 2.653158e-24 2.653158e-24
1.994000e+02 2.145047e-24 2.145047e-24
1.995000e+02 1.322972e-24 1.322972e-24
1.996000e+02 3.774767e-25 3.774767e-25
