# NH2 cross sections
# From the Leiden database for photodissociation and photoionization of astrophysically relevant molecules, http://home.strw.leidenuniv.nl/~ewine/photo/
# File last modified by Alan Heays 2017-03-01
# references: koch1997 10.1021/jp963020p, saxon1983 10.1063/1.444503, gibson1986 http://stacks.iop.org/0022-3700/19/i=18/a=013,
# no info on lines
# wavelength: (nm)
# photoabsorption   -- Photoabsorption cross section (cm2)
# photoionisation   -- Photoionisation cross section (cm2)
# This version has been resampled to a uniform 0.1nm grid while maintaining a constant integrated cross section (using trapezoidal integration).
# wavelength photoabsorption photoionisation
7.500000e+01 2.626537e-17 2.626537e-17
7.510000e+01 2.666491e-17 2.666491e-17
7.520000e+01 2.674474e-17 2.674474e-17
7.530000e+01 2.682877e-17 2.682877e-17
7.540000e+01 2.691280e-17 2.691280e-17
7.550000e+01 2.699683e-17 2.699683e-17
7.560000e+01 2.706488e-17 2.706488e-17
7.570000e+01 2.703800e-17 2.703800e-17
7.580000e+01 2.692179e-17 2.692179e-17
7.590000e+01 2.679517e-17 2.679517e-17
7.600000e+01 2.666877e-17 2.666877e-17
7.610000e+01 2.671981e-17 2.671981e-17
7.620000e+01 2.693418e-17 2.693418e-17
7.630000e+01 2.690249e-17 2.690249e-17
7.640000e+01 2.663641e-17 2.663641e-17
7.650000e+01 2.636810e-17 2.636810e-17
7.660000e+01 2.609980e-17 2.609980e-17
7.670000e+01 2.583150e-17 2.583150e-17
7.680000e+01 2.558144e-17 2.558144e-17
7.690000e+01 2.545263e-17 2.545263e-17
7.700000e+01 2.546972e-17 2.546972e-17
7.710000e+01 2.554231e-17 2.554231e-17
7.720000e+01 2.562751e-17 2.562751e-17
7.730000e+01 2.571270e-17 2.571270e-17
7.740000e+01 2.579790e-17 2.579790e-17
7.750000e+01 2.588310e-17 2.588310e-17
7.760000e+01 2.596829e-17 2.596829e-17
7.770000e+01 2.593272e-17 2.593272e-17
7.780000e+01 2.563052e-17 2.563052e-17
7.790000e+01 2.518250e-17 2.518250e-17
7.800000e+01 2.473447e-17 2.473447e-17
7.810000e+01 2.428644e-17 2.428644e-17
7.820000e+01 2.383841e-17 2.383841e-17
7.830000e+01 2.339038e-17 2.339038e-17
7.840000e+01 2.294876e-17 2.294876e-17
7.850000e+01 2.262653e-17 2.262653e-17
7.860000e+01 2.211442e-17 2.211442e-17
7.870000e+01 2.124177e-17 2.124177e-17
7.880000e+01 2.068040e-17 2.068040e-17
7.890000e+01 2.048797e-17 2.048797e-17
7.900000e+01 2.030271e-17 2.030271e-17
7.910000e+01 2.035514e-17 2.035514e-17
7.920000e+01 2.043425e-17 2.043425e-17
7.930000e+01 2.016987e-17 2.016987e-17
7.940000e+01 1.996852e-17 1.996852e-17
7.950000e+01 1.997197e-17 1.997197e-17
7.960000e+01 1.997753e-17 1.997753e-17
7.970000e+01 1.998308e-17 1.998308e-17
7.980000e+01 1.998863e-17 1.998863e-17
7.990000e+01 1.999417e-17 1.999417e-17
8.000000e+01 1.999972e-17 1.999972e-17
8.010000e+01 1.992412e-17 1.992412e-17
8.020000e+01 1.967970e-17 1.967970e-17
8.030000e+01 1.933592e-17 1.933592e-17
8.040000e+01 1.925212e-17 1.925212e-17
8.050000e+01 1.923772e-17 1.923772e-17
8.060000e+01 1.909857e-17 1.909857e-17
8.070000e+01 1.902634e-17 1.902634e-17
8.080000e+01 1.896074e-17 1.896074e-17
8.090000e+01 1.896603e-17 1.896603e-17
8.100000e+01 1.875401e-17 1.875401e-17
8.110000e+01 1.841710e-17 1.841710e-17
8.120000e+01 1.832445e-17 1.832445e-17
8.130000e+01 1.832999e-17 1.832999e-17
8.140000e+01 1.833552e-17 1.833552e-17
8.150000e+01 1.834156e-17 1.834156e-17
8.160000e+01 1.825478e-17 1.825478e-17
8.170000e+01 1.802265e-17 1.802265e-17
8.180000e+01 1.804723e-17 1.804723e-17
8.190000e+01 1.817185e-17 1.817185e-17
8.200000e+01 1.800531e-17 1.800531e-17
8.210000e+01 1.779987e-17 1.779987e-17
8.220000e+01 1.768493e-17 1.768493e-17
8.230000e+01 1.770995e-17 1.770995e-17
8.240000e+01 1.773437e-17 1.773437e-17
8.250000e+01 1.766348e-17 1.766348e-17
8.260000e+01 1.761372e-17 1.761372e-17
8.270000e+01 1.753237e-17 1.753237e-17
8.280000e+01 1.738568e-17 1.738568e-17
8.290000e+01 1.722618e-17 1.722618e-17
8.300000e+01 1.706477e-17 1.706477e-17
8.310000e+01 1.711991e-17 1.711991e-17
8.320000e+01 1.772819e-17 1.772819e-17
8.330000e+01 1.851041e-17 1.851041e-17
8.340000e+01 1.882844e-17 1.882844e-17
8.350000e+01 1.884972e-17 1.884972e-17
8.360000e+01 1.892559e-17 1.892559e-17
8.370000e+01 1.891187e-17 1.891187e-17
8.380000e+01 1.878100e-17 1.878100e-17
8.390000e+01 1.877755e-17 1.877755e-17
8.400000e+01 1.877526e-17 1.877526e-17
8.410000e+01 1.864046e-17 1.864046e-17
8.420000e+01 1.848139e-17 1.848139e-17
8.430000e+01 1.833513e-17 1.833513e-17
8.440000e+01 1.819747e-17 1.819747e-17
8.450000e+01 1.805997e-17 1.805997e-17
8.460000e+01 1.796352e-17 1.796352e-17
8.470000e+01 1.789486e-17 1.789486e-17
8.480000e+01 1.775174e-17 1.775174e-17
8.490000e+01 1.781668e-17 1.781668e-17
8.500000e+01 1.795789e-17 1.795789e-17
8.510000e+01 1.788170e-17 1.788170e-17
8.520000e+01 1.789662e-17 1.789662e-17
8.530000e+01 1.802692e-17 1.802692e-17
8.540000e+01 1.815722e-17 1.815722e-17
8.550000e+01 1.827045e-17 1.827045e-17
8.560000e+01 1.815884e-17 1.815884e-17
8.570000e+01 1.790122e-17 1.790122e-17
8.580000e+01 1.777633e-17 1.777633e-17
8.590000e+01 1.761474e-17 1.761474e-17
8.600000e+01 1.745668e-17 1.745668e-17
8.610000e+01 1.743580e-17 1.743580e-17
8.620000e+01 1.740594e-17 1.740594e-17
8.630000e+01 1.735521e-17 1.735521e-17
8.640000e+01 1.743421e-17 1.743421e-17
8.650000e+01 1.729899e-17 1.729899e-17
8.660000e+01 1.691778e-17 1.691778e-17
8.670000e+01 1.668884e-17 1.668884e-17
8.680000e+01 1.664641e-17 1.664641e-17
8.690000e+01 1.685829e-17 1.685829e-17
8.700000e+01 1.698813e-17 1.698813e-17
8.710000e+01 1.687781e-17 1.687781e-17
8.720000e+01 1.679460e-17 1.679460e-17
8.730000e+01 1.687152e-17 1.687152e-17
8.740000e+01 1.716464e-17 1.716464e-17
8.750000e+01 1.733628e-17 1.733628e-17
8.760000e+01 1.718409e-17 1.718409e-17
8.770000e+01 1.694594e-17 1.694594e-17
8.780000e+01 1.666478e-17 1.666478e-17
8.790000e+01 1.630669e-17 1.630669e-17
8.800000e+01 1.627791e-17 1.627791e-17
8.810000e+01 1.632362e-17 1.632362e-17
8.820000e+01 1.620741e-17 1.620741e-17
8.830000e+01 1.635185e-17 1.635185e-17
8.840000e+01 1.646458e-17 1.646458e-17
8.850000e+01 1.632946e-17 1.632946e-17
8.860000e+01 1.624534e-17 1.624534e-17
8.870000e+01 1.631800e-17 1.631800e-17
8.880000e+01 1.626428e-17 1.626428e-17
8.890000e+01 1.625994e-17 1.625994e-17
8.900000e+01 1.640822e-17 1.640822e-17
8.910000e+01 1.638581e-17 1.638581e-17
8.920000e+01 1.634869e-17 1.634869e-17
8.930000e+01 1.625065e-17 1.625065e-17
8.940000e+01 1.603298e-17 1.603298e-17
8.950000e+01 1.606708e-17 1.606708e-17
8.960000e+01 1.627272e-17 1.627272e-17
8.970000e+01 1.625182e-17 1.625182e-17
8.980000e+01 1.618692e-17 1.618692e-17
8.990000e+01 1.610789e-17 1.610789e-17
9.000000e+01 1.595185e-17 1.595185e-17
9.010000e+01 1.588668e-17 1.588668e-17
9.020000e+01 1.582512e-17 1.582512e-17
9.030000e+01 1.591600e-17 1.591600e-17
9.040000e+01 1.603000e-17 1.603000e-17
9.050000e+01 1.604517e-17 1.604517e-17
9.060000e+01 1.615836e-17 1.615836e-17
9.070000e+01 1.612385e-17 1.612385e-17
9.080000e+01 1.598069e-17 1.598069e-17
9.090000e+01 1.596119e-17 1.596119e-17
9.100000e+01 1.591915e-17 1.591915e-17
9.110000e+01 1.575293e-17 1.575293e-17
9.120000e+01 1.563862e-17 1.563862e-17
9.130000e+01 1.567437e-17 1.567437e-17
9.140000e+01 1.573205e-17 1.573205e-17
9.150000e+01 1.578972e-17 1.578972e-17
9.160000e+01 1.584740e-17 1.584740e-17
9.170000e+01 1.590507e-17 1.590507e-17
9.180000e+01 1.596297e-17 1.596297e-17
9.190000e+01 1.604947e-17 1.604947e-17
9.200000e+01 1.616103e-17 1.616103e-17
9.210000e+01 1.618635e-17 1.618635e-17
9.220000e+01 1.595833e-17 1.595833e-17
9.230000e+01 1.583589e-17 1.583589e-17
9.240000e+01 1.597955e-17 1.597955e-17
9.250000e+01 1.609137e-17 1.609137e-17
9.260000e+01 1.628365e-17 1.628365e-17
9.270000e+01 1.651067e-17 1.651067e-17
9.280000e+01 1.667599e-17 1.667599e-17
9.290000e+01 1.671912e-17 1.671912e-17
9.300000e+01 1.659739e-17 1.659739e-17
9.310000e+01 1.659701e-17 1.659701e-17
9.320000e+01 1.681334e-17 1.681334e-17
9.330000e+01 1.692461e-17 1.692461e-17
9.340000e+01 1.677579e-17 1.677579e-17
9.350000e+01 1.659393e-17 1.659393e-17
9.360000e+01 1.652885e-17 1.652885e-17
9.370000e+01 1.651713e-17 1.651713e-17
9.380000e+01 1.650541e-17 1.650541e-17
9.390000e+01 1.649368e-17 1.649368e-17
9.400000e+01 1.648196e-17 1.648196e-17
9.410000e+01 1.647024e-17 1.647024e-17
9.420000e+01 1.645852e-17 1.645852e-17
9.430000e+01 1.644680e-17 1.644680e-17
9.440000e+01 1.643507e-17 1.643507e-17
9.450000e+01 1.642335e-17 1.642335e-17
9.460000e+01 1.641163e-17 1.641163e-17
9.470000e+01 1.637010e-17 1.637010e-17
9.480000e+01 1.629579e-17 1.629579e-17
9.490000e+01 1.627614e-17 1.627614e-17
9.500000e+01 1.631409e-17 1.631409e-17
9.510000e+01 1.635204e-17 1.635204e-17
9.520000e+01 1.639000e-17 1.639000e-17
9.530000e+01 1.642795e-17 1.642795e-17
9.540000e+01 1.646591e-17 1.646591e-17
9.550000e+01 1.650386e-17 1.650386e-17
9.560000e+01 1.654181e-17 1.654181e-17
9.570000e+01 1.657977e-17 1.657977e-17
9.580000e+01 1.661772e-17 1.661772e-17
9.590000e+01 1.665568e-17 1.665568e-17
9.600000e+01 1.669363e-17 1.669363e-17
9.610000e+01 1.672107e-17 1.672107e-17
9.620000e+01 1.670823e-17 1.670823e-17
9.630000e+01 1.666384e-17 1.666384e-17
9.640000e+01 1.661763e-17 1.661763e-17
9.650000e+01 1.657143e-17 1.657143e-17
9.660000e+01 1.652523e-17 1.652523e-17
9.670000e+01 1.647902e-17 1.647902e-17
9.680000e+01 1.643282e-17 1.643282e-17
9.690000e+01 1.638662e-17 1.638662e-17
9.700000e+01 1.634041e-17 1.634041e-17
9.710000e+01 1.629421e-17 1.629421e-17
9.720000e+01 1.624801e-17 1.624801e-17
9.730000e+01 1.620180e-17 1.620180e-17
9.740000e+01 1.615560e-17 1.615560e-17
9.750000e+01 1.611256e-17 1.611256e-17
9.760000e+01 1.607644e-17 1.607644e-17
9.770000e+01 1.604410e-17 1.604410e-17
9.780000e+01 1.601176e-17 1.601176e-17
9.790000e+01 1.597942e-17 1.597942e-17
9.800000e+01 1.594707e-17 1.594707e-17
9.810000e+01 1.591473e-17 1.591473e-17
9.820000e+01 1.588239e-17 1.588239e-17
9.830000e+01 1.585005e-17 1.585005e-17
9.840000e+01 1.581952e-17 1.581952e-17
9.850000e+01 1.582934e-17 1.582934e-17
9.860000e+01 1.589288e-17 1.589288e-17
9.870000e+01 1.597162e-17 1.597162e-17
9.880000e+01 1.605036e-17 1.605036e-17
9.890000e+01 1.612910e-17 1.612910e-17
9.900000e+01 1.620784e-17 1.620784e-17
9.910000e+01 1.628658e-17 1.628658e-17
9.920000e+01 1.636532e-17 1.636532e-17
9.930000e+01 1.644407e-17 1.644407e-17
9.940000e+01 1.652281e-17 1.652281e-17
9.950000e+01 1.660155e-17 1.660155e-17
9.960000e+01 1.665969e-17 1.665969e-17
9.970000e+01 1.624067e-17 1.624067e-17
9.980000e+01 1.518207e-17 1.518207e-17
9.990000e+01 1.394047e-17 1.394047e-17
1.000000e+02 1.307854e-17 1.307854e-17
1.001000e+02 1.290942e-17 1.290942e-17
1.002000e+02 1.305346e-17 1.305346e-17
1.003000e+02 1.319750e-17 1.319750e-17
1.004000e+02 1.334153e-17 1.334153e-17
1.005000e+02 1.348557e-17 1.348557e-17
1.006000e+02 1.361295e-17 1.361295e-17
1.007000e+02 1.363754e-17 1.363754e-17
1.008000e+02 1.356392e-17 1.356392e-17
1.009000e+02 1.347825e-17 1.347825e-17
1.010000e+02 1.339257e-17 1.339257e-17
1.011000e+02 1.330690e-17 1.330690e-17
1.012000e+02 1.330136e-17 1.330136e-17
1.013000e+02 1.364523e-17 1.364523e-17
1.014000e+02 1.432572e-17 1.432572e-17
1.015000e+02 1.387981e-17 1.387981e-17
1.016000e+02 1.206116e-17 1.206116e-17
1.017000e+02 1.122136e-17 1.122136e-17
1.018000e+02 1.161720e-17 1.161720e-17
1.019000e+02 1.262597e-17 1.262597e-17
1.020000e+02 1.419964e-17 1.419964e-17
1.021000e+02 1.290303e-17 1.290303e-17
1.022000e+02 1.046998e-17 1.046998e-17
1.023000e+02 9.998429e-18 9.998429e-18
1.024000e+02 9.724737e-18 9.724737e-18
1.025000e+02 9.568597e-18 9.568597e-18
1.026000e+02 9.735727e-18 9.735727e-18
1.027000e+02 1.018283e-17 1.018283e-17
1.028000e+02 1.233699e-17 1.233699e-17
1.029000e+02 1.516240e-17 1.516240e-17
1.030000e+02 1.345517e-17 1.345517e-17
1.031000e+02 1.013683e-17 1.013683e-17
1.032000e+02 8.976679e-18 8.976679e-18
1.033000e+02 8.106733e-18 8.106733e-18
1.034000e+02 7.632976e-18 7.632976e-18
1.035000e+02 7.423125e-18 7.423125e-18
1.036000e+02 7.285900e-18 7.285900e-18
1.037000e+02 7.465578e-18 7.465578e-18
1.038000e+02 7.853103e-18 7.853103e-18
1.039000e+02 8.244477e-18 8.244477e-18
1.040000e+02 8.654400e-18 8.654400e-18
1.041000e+02 9.295019e-18 9.295019e-18
1.042000e+02 1.020691e-17 1.020691e-17
1.043000e+02 1.181032e-17 1.181032e-17
1.044000e+02 1.478084e-17 1.478084e-17
1.045000e+02 1.442352e-17 1.442352e-17
1.046000e+02 9.733486e-18 9.733486e-18
1.047000e+02 6.637210e-18 6.637209e-18
1.048000e+02 5.801922e-18 5.801922e-18
1.049000e+02 5.541697e-18 5.541696e-18
1.050000e+02 5.450098e-18 5.450096e-18
1.051000e+02 5.264543e-18 5.264540e-18
1.052000e+02 5.105722e-18 5.105716e-18
1.053000e+02 5.082693e-18 5.082682e-18
1.054000e+02 5.084140e-18 5.084120e-18
1.055000e+02 5.085597e-18 5.085558e-18
1.056000e+02 5.087068e-18 5.086996e-18
1.057000e+02 5.105624e-18 5.105494e-18
1.058000e+02 5.655877e-18 5.655641e-18
1.059000e+02 5.925259e-18 5.924841e-18
1.060000e+02 5.366693e-18 5.365961e-18
1.061000e+02 4.826461e-18 4.825198e-18
1.062000e+02 4.374574e-18 4.372425e-18
1.063000e+02 3.971847e-18 3.968237e-18
1.064000e+02 3.723957e-18 3.717979e-18
1.065000e+02 3.497782e-18 3.488019e-18
1.066000e+02 3.456282e-18 3.440555e-18
1.067000e+02 3.754388e-18 3.729402e-18
1.068000e+02 4.144525e-18 4.105370e-18
1.069000e+02 4.641520e-18 4.581004e-18
1.070000e+02 5.197255e-18 5.105006e-18
1.071000e+02 5.462546e-18 5.323850e-18
1.072000e+02 5.159066e-18 4.953397e-18
1.073000e+02 5.560408e-18 5.259606e-18
1.074000e+02 8.225478e-18 7.791568e-18
1.075000e+02 1.127597e-17 1.065863e-17
1.076000e+02 1.025814e-17 9.391867e-18
1.077000e+02 6.484538e-18 5.285614e-18
1.078000e+02 4.376962e-18 2.740387e-18
1.079000e+02 4.101969e-18 1.898605e-18
1.080000e+02 4.559423e-18 1.633632e-18
1.081000e+02 5.374907e-18 1.543069e-18
1.082000e+02 6.428740e-18 1.479054e-18
1.083000e+02 7.690984e-18 1.384970e-18
1.084000e+02 9.273877e-18 1.349977e-18
1.085000e+02 1.114598e-17 1.325562e-18
1.086000e+02 1.331367e-17 1.309626e-18
1.087000e+02 1.575403e-17 1.281907e-18
1.088000e+02 1.847290e-17 1.264366e-18
1.089000e+02 2.152790e-17 1.345975e-18
1.090000e+02 2.477647e-17 1.431784e-18
1.091000e+02 2.808726e-17 1.454238e-18
1.092000e+02 3.144911e-17 1.480955e-18
1.093000e+02 3.481964e-17 1.560847e-18
1.094000e+02 3.792086e-17 1.515933e-18
1.095000e+02 4.054131e-17 1.238756e-18
1.096000e+02 4.282442e-17 9.750887e-19
1.097000e+02 4.479753e-17 8.470832e-19
1.098000e+02 4.637541e-17 8.509032e-19
1.099000e+02 4.741867e-17 9.099722e-19
1.100000e+02 4.777998e-17 9.169568e-19
1.101000e+02 4.745431e-17 8.813869e-19
1.102000e+02 4.648151e-17 8.311950e-19
1.103000e+02 4.489895e-17 7.661851e-19
1.104000e+02 4.279147e-17 7.105078e-19
1.105000e+02 4.024755e-17 6.728826e-19
1.106000e+02 3.733732e-17 6.297288e-19
1.107000e+02 3.414644e-17 5.648239e-19
1.108000e+02 3.078818e-17 4.873623e-19
1.109000e+02 2.739797e-17 4.321163e-19
1.110000e+02 2.408416e-17 4.151073e-19
1.111000e+02 2.089792e-17 4.073228e-19
1.112000e+02 1.787931e-17 3.834406e-19
1.113000e+02 1.509457e-17 3.604810e-19
1.114000e+02 1.257458e-17 3.363729e-19
1.115000e+02 1.034660e-17 3.207934e-19
1.116000e+02 8.440573e-18 3.397751e-19
1.117000e+02 6.820249e-18 3.645531e-19
1.118000e+02 5.438561e-18 3.643899e-19
1.119000e+02 4.274987e-18 3.413533e-19
1.120000e+02 3.330783e-18 3.231187e-19
1.121000e+02 2.589881e-18 3.217317e-19
1.122000e+02 2.010186e-18 3.231656e-19
1.123000e+02 1.562189e-18 3.246016e-19
1.124000e+02 1.156045e-18 2.606026e-19
1.125000e+02 7.369505e-19 9.794239e-20
