# NH3 cross sections
# From the Leiden database for photodissociation and photoionization of astrophysically relevant molecules, http://home.strw.leidenuniv.nl/~ewine/photo/
# File last modified by Alan Heays 2017-03-01
# references: samson1987, wu2007 10.1063/1.2790440, liang2007c http://stacks.iop.org/1538-4357/657/i=2/a=L117, xia1991 10.1016/0022-4073(91)90102-V, slanger1982 10.1063/1.444111, leach2005 10.1039/B409046M,
# no info on lines
# wavelength: (nm)
# photoabsorption   -- Photoabsorption cross section (cm2)
# photoionisation   -- Photoionisation cross section (cm2)
# This version has been resampled to a uniform 0.1nm grid while maintaining a constant integrated cross section (using trapezoidal integration).
# wavelength photoabsorption photoionisation
8.000000e+00 2.500000e-19 2.500000e-19
8.100000e+00 2.660000e-19 2.660000e-19
8.200000e+00 2.820000e-19 2.820000e-19
8.300000e+00 2.980000e-19 2.980000e-19
8.400000e+00 3.140000e-19 3.140000e-19
8.500000e+00 3.300000e-19 3.300000e-19
8.600000e+00 3.460000e-19 3.460000e-19
8.700000e+00 3.620000e-19 3.620000e-19
8.800000e+00 3.780000e-19 3.780000e-19
8.900000e+00 3.940000e-19 3.940000e-19
9.000000e+00 4.100000e-19 4.100000e-19
9.100000e+00 4.270000e-19 4.270000e-19
9.200000e+00 4.440000e-19 4.440000e-19
9.300000e+00 4.610000e-19 4.610000e-19
9.400000e+00 4.780000e-19 4.780000e-19
9.500000e+00 4.950000e-19 4.950000e-19
9.600000e+00 5.120000e-19 5.120000e-19
9.700000e+00 5.290000e-19 5.290000e-19
9.800000e+00 5.460000e-19 5.460000e-19
9.900000e+00 5.630000e-19 5.630000e-19
1.000000e+01 5.800000e-19 5.800000e-19
1.010000e+01 5.980000e-19 5.980000e-19
1.020000e+01 6.160000e-19 6.160000e-19
1.030000e+01 6.340000e-19 6.340000e-19
1.040000e+01 6.520000e-19 6.520000e-19
1.050000e+01 6.700000e-19 6.700000e-19
1.060000e+01 6.880000e-19 6.880000e-19
1.070000e+01 7.060000e-19 7.060000e-19
1.080000e+01 7.240000e-19 7.240000e-19
1.090000e+01 7.420000e-19 7.420000e-19
1.100000e+01 7.600000e-19 7.600000e-19
1.110000e+01 7.800000e-19 7.800000e-19
1.120000e+01 8.000000e-19 8.000000e-19
1.130000e+01 8.200000e-19 8.200000e-19
1.140000e+01 8.400000e-19 8.400000e-19
1.150000e+01 8.600000e-19 8.600000e-19
1.160000e+01 8.800000e-19 8.800000e-19
1.170000e+01 9.000000e-19 9.000000e-19
1.180000e+01 9.200000e-19 9.200000e-19
1.190000e+01 9.400000e-19 9.400000e-19
1.200000e+01 9.600000e-19 9.600000e-19
1.210000e+01 9.790000e-19 9.790000e-19
1.220000e+01 9.980000e-19 9.980000e-19
1.230000e+01 1.017000e-18 1.017000e-18
1.240000e+01 1.036000e-18 1.036000e-18
1.250000e+01 1.055000e-18 1.055000e-18
1.260000e+01 1.074000e-18 1.074000e-18
1.270000e+01 1.093000e-18 1.093000e-18
1.280000e+01 1.112000e-18 1.112000e-18
1.290000e+01 1.131000e-18 1.131000e-18
1.300000e+01 1.150000e-18 1.150000e-18
1.310000e+01 1.170000e-18 1.170000e-18
1.320000e+01 1.190000e-18 1.190000e-18
1.330000e+01 1.210000e-18 1.210000e-18
1.340000e+01 1.230000e-18 1.230000e-18
1.350000e+01 1.250000e-18 1.250000e-18
1.360000e+01 1.270000e-18 1.270000e-18
1.370000e+01 1.290000e-18 1.290000e-18
1.380000e+01 1.310000e-18 1.310000e-18
1.390000e+01 1.330000e-18 1.330000e-18
1.400000e+01 1.350000e-18 1.350000e-18
1.410000e+01 1.372000e-18 1.372000e-18
1.420000e+01 1.394000e-18 1.394000e-18
1.430000e+01 1.416000e-18 1.416000e-18
1.440000e+01 1.438000e-18 1.438000e-18
1.450000e+01 1.460000e-18 1.460000e-18
1.460000e+01 1.482000e-18 1.482000e-18
1.470000e+01 1.504000e-18 1.504000e-18
1.480000e+01 1.526000e-18 1.526000e-18
1.490000e+01 1.548000e-18 1.548000e-18
1.500000e+01 1.570000e-18 1.570000e-18
1.510000e+01 1.598000e-18 1.598000e-18
1.520000e+01 1.626000e-18 1.626000e-18
1.530000e+01 1.654000e-18 1.654000e-18
1.540000e+01 1.682000e-18 1.682000e-18
1.550000e+01 1.710000e-18 1.710000e-18
1.560000e+01 1.738000e-18 1.738000e-18
1.570000e+01 1.766000e-18 1.766000e-18
1.580000e+01 1.794000e-18 1.794000e-18
1.590000e+01 1.822000e-18 1.822000e-18
1.600000e+01 1.850000e-18 1.850000e-18
1.610000e+01 1.880000e-18 1.880000e-18
1.620000e+01 1.910000e-18 1.910000e-18
1.630000e+01 1.940000e-18 1.940000e-18
1.640000e+01 1.970000e-18 1.970000e-18
1.650000e+01 2.000000e-18 2.000000e-18
1.660000e+01 2.030000e-18 2.030000e-18
1.670000e+01 2.060000e-18 2.060000e-18
1.680000e+01 2.090000e-18 2.090000e-18
1.690000e+01 2.120000e-18 2.120000e-18
1.700000e+01 2.150000e-18 2.150000e-18
1.710000e+01 2.182000e-18 2.182000e-18
1.720000e+01 2.214000e-18 2.214000e-18
1.730000e+01 2.246000e-18 2.246000e-18
1.740000e+01 2.278000e-18 2.278000e-18
1.750000e+01 2.310000e-18 2.310000e-18
1.760000e+01 2.342000e-18 2.342000e-18
1.770000e+01 2.374000e-18 2.374000e-18
1.780000e+01 2.406000e-18 2.406000e-18
1.790000e+01 2.438000e-18 2.438000e-18
1.800000e+01 2.470000e-18 2.470000e-18
1.810000e+01 2.505000e-18 2.505000e-18
1.820000e+01 2.540000e-18 2.540000e-18
1.830000e+01 2.575000e-18 2.575000e-18
1.840000e+01 2.610000e-18 2.610000e-18
1.850000e+01 2.645000e-18 2.645000e-18
1.860000e+01 2.680000e-18 2.680000e-18
1.870000e+01 2.715000e-18 2.715000e-18
1.880000e+01 2.750000e-18 2.750000e-18
1.890000e+01 2.785000e-18 2.785000e-18
1.900000e+01 2.820000e-18 2.820000e-18
1.910000e+01 2.856000e-18 2.856000e-18
1.920000e+01 2.892000e-18 2.892000e-18
1.930000e+01 2.928000e-18 2.928000e-18
1.940000e+01 2.964000e-18 2.964000e-18
1.950000e+01 3.000000e-18 3.000000e-18
1.960000e+01 3.036000e-18 3.036000e-18
1.970000e+01 3.072000e-18 3.072000e-18
1.980000e+01 3.108000e-18 3.108000e-18
1.990000e+01 3.144000e-18 3.144000e-18
2.000000e+01 3.180000e-18 3.180000e-18
2.010000e+01 3.220000e-18 3.220000e-18
2.020000e+01 3.260000e-18 3.260000e-18
2.030000e+01 3.300000e-18 3.300000e-18
2.040000e+01 3.340000e-18 3.340000e-18
2.050000e+01 3.380000e-18 3.380000e-18
2.060000e+01 3.420000e-18 3.420000e-18
2.070000e+01 3.460000e-18 3.460000e-18
2.080000e+01 3.500000e-18 3.500000e-18
2.090000e+01 3.540000e-18 3.540000e-18
2.100000e+01 3.580000e-18 3.580000e-18
2.110000e+01 3.622000e-18 3.622000e-18
2.120000e+01 3.664000e-18 3.664000e-18
2.130000e+01 3.706000e-18 3.706000e-18
2.140000e+01 3.748000e-18 3.748000e-18
2.150000e+01 3.790000e-18 3.790000e-18
2.160000e+01 3.832000e-18 3.832000e-18
2.170000e+01 3.874000e-18 3.874000e-18
2.180000e+01 3.916000e-18 3.916000e-18
2.190000e+01 3.958000e-18 3.958000e-18
2.200000e+01 4.000000e-18 4.000000e-18
2.210000e+01 4.042000e-18 4.042000e-18
2.220000e+01 4.084000e-18 4.084000e-18
2.230000e+01 4.126000e-18 4.126000e-18
2.240000e+01 4.168000e-18 4.168000e-18
2.250000e+01 4.210000e-18 4.210000e-18
2.260000e+01 4.252000e-18 4.252000e-18
2.270000e+01 4.294000e-18 4.294000e-18
2.280000e+01 4.336000e-18 4.336000e-18
2.290000e+01 4.378000e-18 4.378000e-18
2.300000e+01 4.420000e-18 4.420000e-18
2.310000e+01 4.468000e-18 4.468000e-18
2.320000e+01 4.516000e-18 4.516000e-18
2.330000e+01 4.564000e-18 4.564000e-18
2.340000e+01 4.612000e-18 4.612000e-18
2.350000e+01 4.660000e-18 4.660000e-18
2.360000e+01 4.708000e-18 4.708000e-18
2.370000e+01 4.756000e-18 4.756000e-18
2.380000e+01 4.804000e-18 4.804000e-18
2.390000e+01 4.852000e-18 4.852000e-18
2.400000e+01 4.900000e-18 4.900000e-18
2.410000e+01 4.948000e-18 4.948000e-18
2.420000e+01 4.996000e-18 4.996000e-18
2.430000e+01 5.044000e-18 5.044000e-18
2.440000e+01 5.092000e-18 5.092000e-18
2.450000e+01 5.140000e-18 5.140000e-18
2.460000e+01 5.188000e-18 5.188000e-18
2.470000e+01 5.236000e-18 5.236000e-18
2.480000e+01 5.284000e-18 5.284000e-18
2.490000e+01 5.332000e-18 5.332000e-18
2.500000e+01 5.380000e-18 5.380000e-18
2.510000e+01 5.430000e-18 5.430000e-18
2.520000e+01 5.480000e-18 5.480000e-18
2.530000e+01 5.530000e-18 5.530000e-18
2.540000e+01 5.580000e-18 5.580000e-18
2.550000e+01 5.630000e-18 5.630000e-18
2.560000e+01 5.680000e-18 5.680000e-18
2.570000e+01 5.730000e-18 5.730000e-18
2.580000e+01 5.780000e-18 5.780000e-18
2.590000e+01 5.830000e-18 5.830000e-18
2.600000e+01 5.880000e-18 5.880000e-18
2.610000e+01 5.934000e-18 5.934000e-18
2.620000e+01 5.988000e-18 5.988000e-18
2.630000e+01 6.042000e-18 6.042000e-18
2.640000e+01 6.096000e-18 6.096000e-18
2.650000e+01 6.150000e-18 6.150000e-18
2.660000e+01 6.204000e-18 6.204000e-18
2.670000e+01 6.258000e-18 6.258000e-18
2.680000e+01 6.312000e-18 6.312000e-18
2.690000e+01 6.366000e-18 6.366000e-18
2.700000e+01 6.420000e-18 6.420000e-18
2.710000e+01 6.473000e-18 6.473000e-18
2.720000e+01 6.526000e-18 6.526000e-18
2.730000e+01 6.579000e-18 6.579000e-18
2.740000e+01 6.632000e-18 6.632000e-18
2.750000e+01 6.685000e-18 6.685000e-18
2.760000e+01 6.738000e-18 6.738000e-18
2.770000e+01 6.791000e-18 6.791000e-18
2.780000e+01 6.844000e-18 6.844000e-18
2.790000e+01 6.897000e-18 6.897000e-18
2.800000e+01 6.950000e-18 6.950000e-18
2.810000e+01 7.005000e-18 7.005000e-18
2.820000e+01 7.060000e-18 7.060000e-18
2.830000e+01 7.115000e-18 7.115000e-18
2.840000e+01 7.170000e-18 7.170000e-18
2.850000e+01 7.225000e-18 7.225000e-18
2.860000e+01 7.280000e-18 7.280000e-18
2.870000e+01 7.335000e-18 7.335000e-18
2.880000e+01 7.390000e-18 7.390000e-18
2.890000e+01 7.445000e-18 7.445000e-18
2.900000e+01 7.500000e-18 7.500000e-18
2.910000e+01 7.560000e-18 7.560000e-18
2.920000e+01 7.620000e-18 7.620000e-18
2.930000e+01 7.680000e-18 7.680000e-18
2.940000e+01 7.740000e-18 7.740000e-18
2.950000e+01 7.800000e-18 7.800000e-18
2.960000e+01 7.860000e-18 7.860000e-18
2.970000e+01 7.920000e-18 7.920000e-18
2.980000e+01 7.980000e-18 7.980000e-18
2.990000e+01 8.040000e-18 8.040000e-18
3.000000e+01 8.100000e-18 8.100000e-18
3.010000e+01 8.160000e-18 8.160000e-18
3.020000e+01 8.220000e-18 8.220000e-18
3.030000e+01 8.280000e-18 8.280000e-18
3.040000e+01 8.340000e-18 8.340000e-18
3.050000e+01 8.400000e-18 8.400000e-18
3.060000e+01 8.460000e-18 8.460000e-18
3.070000e+01 8.520000e-18 8.520000e-18
3.080000e+01 8.580000e-18 8.580000e-18
3.090000e+01 8.640000e-18 8.640000e-18
3.100000e+01 8.700000e-18 8.700000e-18
3.110000e+01 8.760000e-18 8.760000e-18
3.120000e+01 8.820000e-18 8.820000e-18
3.130000e+01 8.880000e-18 8.880000e-18
3.140000e+01 8.940000e-18 8.940000e-18
3.150000e+01 9.000000e-18 9.000000e-18
3.160000e+01 9.060000e-18 9.060000e-18
3.170000e+01 9.120000e-18 9.120000e-18
3.180000e+01 9.180000e-18 9.180000e-18
3.190000e+01 9.240000e-18 9.240000e-18
3.200000e+01 9.300000e-18 9.300000e-18
3.210000e+01 9.360000e-18 9.360000e-18
3.220000e+01 9.420000e-18 9.420000e-18
3.230000e+01 9.480000e-18 9.480000e-18
3.240000e+01 9.540000e-18 9.540000e-18
3.250000e+01 9.600000e-18 9.600000e-18
3.260000e+01 9.660000e-18 9.660000e-18
3.270000e+01 9.720000e-18 9.720000e-18
3.280000e+01 9.780000e-18 9.780000e-18
3.290000e+01 9.840000e-18 9.840000e-18
3.300000e+01 9.900000e-18 9.900000e-18
3.310000e+01 9.960000e-18 9.960000e-18
3.320000e+01 1.002000e-17 1.002000e-17
3.330000e+01 1.008000e-17 1.008000e-17
3.340000e+01 1.014000e-17 1.014000e-17
3.350000e+01 1.020000e-17 1.020000e-17
3.360000e+01 1.026000e-17 1.026000e-17
3.370000e+01 1.032000e-17 1.032000e-17
3.380000e+01 1.038000e-17 1.038000e-17
3.390000e+01 1.044000e-17 1.044000e-17
3.400000e+01 1.050000e-17 1.050000e-17
3.410000e+01 1.057000e-17 1.057000e-17
3.420000e+01 1.064000e-17 1.064000e-17
3.430000e+01 1.071000e-17 1.071000e-17
3.440000e+01 1.078000e-17 1.078000e-17
3.450000e+01 1.085000e-17 1.085000e-17
3.460000e+01 1.092000e-17 1.092000e-17
3.470000e+01 1.099000e-17 1.099000e-17
3.480000e+01 1.106000e-17 1.106000e-17
3.490000e+01 1.113000e-17 1.113000e-17
3.500000e+01 1.120000e-17 1.120000e-17
3.510000e+01 1.128000e-17 1.128000e-17
3.520000e+01 1.136000e-17 1.136000e-17
3.530000e+01 1.144000e-17 1.144000e-17
3.540000e+01 1.152000e-17 1.152000e-17
3.550000e+01 1.160000e-17 1.160000e-17
3.560000e+01 1.168000e-17 1.168000e-17
3.570000e+01 1.176000e-17 1.176000e-17
3.580000e+01 1.184000e-17 1.184000e-17
3.590000e+01 1.192000e-17 1.192000e-17
3.600000e+01 1.200000e-17 1.200000e-17
3.610000e+01 1.207000e-17 1.207000e-17
3.620000e+01 1.214000e-17 1.214000e-17
3.630000e+01 1.221000e-17 1.221000e-17
3.640000e+01 1.228000e-17 1.228000e-17
3.650000e+01 1.235000e-17 1.235000e-17
3.660000e+01 1.242000e-17 1.242000e-17
3.670000e+01 1.249000e-17 1.249000e-17
3.680000e+01 1.256000e-17 1.256000e-17
3.690000e+01 1.263000e-17 1.263000e-17
3.700000e+01 1.270000e-17 1.270000e-17
3.710000e+01 1.278000e-17 1.278000e-17
3.720000e+01 1.286000e-17 1.286000e-17
3.730000e+01 1.294000e-17 1.294000e-17
3.740000e+01 1.302000e-17 1.302000e-17
3.750000e+01 1.310000e-17 1.310000e-17
3.760000e+01 1.318000e-17 1.318000e-17
3.770000e+01 1.326000e-17 1.326000e-17
3.780000e+01 1.334000e-17 1.334000e-17
3.790000e+01 1.342000e-17 1.342000e-17
3.800000e+01 1.350000e-17 1.350000e-17
3.810000e+01 1.358000e-17 1.358000e-17
3.820000e+01 1.366000e-17 1.366000e-17
3.830000e+01 1.374000e-17 1.374000e-17
3.840000e+01 1.382000e-17 1.382000e-17
3.850000e+01 1.390000e-17 1.390000e-17
3.860000e+01 1.398000e-17 1.398000e-17
3.870000e+01 1.406000e-17 1.406000e-17
3.880000e+01 1.414000e-17 1.414000e-17
3.890000e+01 1.422000e-17 1.422000e-17
3.900000e+01 1.430000e-17 1.430000e-17
3.910000e+01 1.438000e-17 1.438000e-17
3.920000e+01 1.446000e-17 1.446000e-17
3.930000e+01 1.454000e-17 1.454000e-17
3.940000e+01 1.462000e-17 1.462000e-17
3.950000e+01 1.470000e-17 1.470000e-17
3.960000e+01 1.478000e-17 1.478000e-17
3.970000e+01 1.486000e-17 1.486000e-17
3.980000e+01 1.494000e-17 1.494000e-17
3.990000e+01 1.502000e-17 1.502000e-17
4.000000e+01 1.510000e-17 1.510000e-17
4.010000e+01 1.517000e-17 1.517000e-17
4.020000e+01 1.524000e-17 1.524000e-17
4.030000e+01 1.531000e-17 1.531000e-17
4.040000e+01 1.538000e-17 1.538000e-17
4.050000e+01 1.545000e-17 1.545000e-17
4.060000e+01 1.552000e-17 1.552000e-17
4.070000e+01 1.559000e-17 1.559000e-17
4.080000e+01 1.566000e-17 1.566000e-17
4.090000e+01 1.573000e-17 1.573000e-17
4.100000e+01 1.580000e-17 1.580000e-17
4.110000e+01 1.587000e-17 1.587000e-17
4.120000e+01 1.594000e-17 1.594000e-17
4.130000e+01 1.601000e-17 1.601000e-17
4.140000e+01 1.608000e-17 1.608000e-17
4.150000e+01 1.615000e-17 1.615000e-17
4.160000e+01 1.622000e-17 1.622000e-17
4.170000e+01 1.629000e-17 1.629000e-17
4.180000e+01 1.636000e-17 1.636000e-17
4.190000e+01 1.643000e-17 1.643000e-17
4.200000e+01 1.650000e-17 1.650000e-17
4.210000e+01 1.657000e-17 1.657000e-17
4.220000e+01 1.664000e-17 1.664000e-17
4.230000e+01 1.671000e-17 1.671000e-17
4.240000e+01 1.678000e-17 1.678000e-17
4.250000e+01 1.685000e-17 1.685000e-17
4.260000e+01 1.692000e-17 1.692000e-17
4.270000e+01 1.699000e-17 1.699000e-17
4.280000e+01 1.706000e-17 1.706000e-17
4.290000e+01 1.713000e-17 1.713000e-17
4.300000e+01 1.720000e-17 1.720000e-17
4.310000e+01 1.727000e-17 1.727000e-17
4.320000e+01 1.734000e-17 1.734000e-17
4.330000e+01 1.741000e-17 1.741000e-17
4.340000e+01 1.748000e-17 1.748000e-17
4.350000e+01 1.755000e-17 1.755000e-17
4.360000e+01 1.762000e-17 1.762000e-17
4.370000e+01 1.769000e-17 1.769000e-17
4.380000e+01 1.776000e-17 1.776000e-17
4.390000e+01 1.783000e-17 1.783000e-17
4.400000e+01 1.790000e-17 1.790000e-17
4.410000e+01 1.795000e-17 1.795000e-17
4.420000e+01 1.800000e-17 1.800000e-17
4.430000e+01 1.805000e-17 1.805000e-17
4.440000e+01 1.810000e-17 1.810000e-17
4.450000e+01 1.815000e-17 1.815000e-17
4.460000e+01 1.820000e-17 1.820000e-17
4.470000e+01 1.825000e-17 1.825000e-17
4.480000e+01 1.830000e-17 1.830000e-17
4.490000e+01 1.835000e-17 1.835000e-17
4.500000e+01 1.840000e-17 1.840000e-17
4.510000e+01 1.844000e-17 1.844000e-17
4.520000e+01 1.848000e-17 1.848000e-17
4.530000e+01 1.852000e-17 1.852000e-17
4.540000e+01 1.856000e-17 1.856000e-17
4.550000e+01 1.860000e-17 1.860000e-17
4.560000e+01 1.864000e-17 1.864000e-17
4.570000e+01 1.868000e-17 1.868000e-17
4.580000e+01 1.872000e-17 1.872000e-17
4.590000e+01 1.876000e-17 1.876000e-17
4.600000e+01 1.880000e-17 1.880000e-17
4.610000e+01 1.888000e-17 1.888000e-17
4.620000e+01 1.896000e-17 1.896000e-17
4.630000e+01 1.904000e-17 1.904000e-17
4.640000e+01 1.912000e-17 1.912000e-17
4.650000e+01 1.920000e-17 1.920000e-17
4.660000e+01 1.928000e-17 1.928000e-17
4.670000e+01 1.936000e-17 1.936000e-17
4.680000e+01 1.944000e-17 1.944000e-17
4.690000e+01 1.952000e-17 1.952000e-17
4.700000e+01 1.960000e-17 1.960000e-17
4.710000e+01 1.969000e-17 1.969000e-17
4.720000e+01 1.978000e-17 1.978000e-17
4.730000e+01 1.987000e-17 1.987000e-17
4.740000e+01 1.996000e-17 1.996000e-17
4.750000e+01 2.005000e-17 2.005000e-17
4.760000e+01 2.014000e-17 2.014000e-17
4.770000e+01 2.023000e-17 2.023000e-17
4.780000e+01 2.032000e-17 2.032000e-17
4.790000e+01 2.041000e-17 2.041000e-17
4.800000e+01 2.050000e-17 2.050000e-17
4.810000e+01 2.055000e-17 2.055000e-17
4.820000e+01 2.060000e-17 2.060000e-17
4.830000e+01 2.065000e-17 2.065000e-17
4.840000e+01 2.070000e-17 2.070000e-17
4.850000e+01 2.075000e-17 2.075000e-17
4.860000e+01 2.080000e-17 2.080000e-17
4.870000e+01 2.085000e-17 2.085000e-17
4.880000e+01 2.090000e-17 2.090000e-17
4.890000e+01 2.095000e-17 2.095000e-17
4.900000e+01 2.100000e-17 2.100000e-17
4.910000e+01 2.107000e-17 2.107000e-17
4.920000e+01 2.114000e-17 2.114000e-17
4.930000e+01 2.121000e-17 2.121000e-17
4.940000e+01 2.128000e-17 2.128000e-17
4.950000e+01 2.135000e-17 2.135000e-17
4.960000e+01 2.142000e-17 2.142000e-17
4.970000e+01 2.149000e-17 2.149000e-17
4.980000e+01 2.156000e-17 2.156000e-17
4.990000e+01 2.163000e-17 2.163000e-17
5.000000e+01 2.170000e-17 2.170000e-17
5.010000e+01 2.178000e-17 2.178000e-17
5.020000e+01 2.186000e-17 2.186000e-17
5.030000e+01 2.194000e-17 2.194000e-17
5.040000e+01 2.202000e-17 2.202000e-17
5.050000e+01 2.210000e-17 2.210000e-17
5.060000e+01 2.218000e-17 2.218000e-17
5.070000e+01 2.226000e-17 2.226000e-17
5.080000e+01 2.234000e-17 2.234000e-17
5.090000e+01 2.242000e-17 2.242000e-17
5.100000e+01 2.250000e-17 2.250000e-17
5.110000e+01 2.258000e-17 2.258000e-17
5.120000e+01 2.266000e-17 2.266000e-17
5.130000e+01 2.274000e-17 2.274000e-17
5.140000e+01 2.282000e-17 2.282000e-17
5.150000e+01 2.290000e-17 2.290000e-17
5.160000e+01 2.298000e-17 2.298000e-17
5.170000e+01 2.306000e-17 2.306000e-17
5.180000e+01 2.314000e-17 2.314000e-17
5.190000e+01 2.322000e-17 2.322000e-17
5.200000e+01 2.330000e-17 2.330000e-17
5.210000e+01 2.338000e-17 2.338000e-17
5.220000e+01 2.346000e-17 2.346000e-17
5.230000e+01 2.354000e-17 2.354000e-17
5.240000e+01 2.362000e-17 2.362000e-17
5.250000e+01 2.370000e-17 2.370000e-17
5.260000e+01 2.378000e-17 2.378000e-17
5.270000e+01 2.386000e-17 2.386000e-17
5.280000e+01 2.394000e-17 2.394000e-17
5.290000e+01 2.402000e-17 2.402000e-17
5.300000e+01 2.410000e-17 2.410000e-17
5.310000e+01 2.416000e-17 2.416000e-17
5.320000e+01 2.422000e-17 2.422000e-17
5.330000e+01 2.428000e-17 2.428000e-17
5.340000e+01 2.434000e-17 2.434000e-17
5.350000e+01 2.440000e-17 2.440000e-17
5.360000e+01 2.446000e-17 2.446000e-17
5.370000e+01 2.452000e-17 2.452000e-17
5.380000e+01 2.458000e-17 2.458000e-17
5.390000e+01 2.464000e-17 2.464000e-17
5.400000e+01 2.470000e-17 2.470000e-17
5.410000e+01 2.474000e-17 2.474000e-17
5.420000e+01 2.478000e-17 2.478000e-17
5.430000e+01 2.482000e-17 2.482000e-17
5.440000e+01 2.486000e-17 2.486000e-17
5.450000e+01 2.490000e-17 2.490000e-17
5.460000e+01 2.494000e-17 2.494000e-17
5.470000e+01 2.498000e-17 2.498000e-17
5.480000e+01 2.502000e-17 2.502000e-17
5.490000e+01 2.506000e-17 2.506000e-17
5.500000e+01 2.510000e-17 2.510000e-17
5.510000e+01 2.515000e-17 2.515000e-17
5.520000e+01 2.520000e-17 2.520000e-17
5.530000e+01 2.525000e-17 2.525000e-17
5.540000e+01 2.530000e-17 2.530000e-17
5.550000e+01 2.535000e-17 2.535000e-17
5.560000e+01 2.540000e-17 2.540000e-17
5.570000e+01 2.545000e-17 2.545000e-17
5.580000e+01 2.550000e-17 2.550000e-17
5.590000e+01 2.555000e-17 2.555000e-17
5.600000e+01 2.560000e-17 2.560000e-17
5.610000e+01 2.565000e-17 2.565000e-17
5.620000e+01 2.570000e-17 2.570000e-17
5.630000e+01 2.575000e-17 2.575000e-17
5.640000e+01 2.580000e-17 2.580000e-17
5.650000e+01 2.585000e-17 2.585000e-17
5.660000e+01 2.590000e-17 2.590000e-17
5.670000e+01 2.595000e-17 2.595000e-17
5.680000e+01 2.600000e-17 2.600000e-17
5.690000e+01 2.605000e-17 2.605000e-17
5.700000e+01 2.610000e-17 2.610000e-17
5.710000e+01 2.616000e-17 2.616000e-17
5.720000e+01 2.622000e-17 2.622000e-17
5.730000e+01 2.628000e-17 2.628000e-17
5.740000e+01 2.634000e-17 2.634000e-17
5.750000e+01 2.640000e-17 2.640000e-17
5.760000e+01 2.646000e-17 2.646000e-17
5.770000e+01 2.652000e-17 2.652000e-17
5.780000e+01 2.658000e-17 2.658000e-17
5.790000e+01 2.664000e-17 2.664000e-17
5.800000e+01 2.670000e-17 2.670000e-17
5.810000e+01 2.676000e-17 2.676000e-17
5.820000e+01 2.682000e-17 2.682000e-17
5.830000e+01 2.688000e-17 2.688000e-17
5.840000e+01 2.694000e-17 2.694000e-17
5.850000e+01 2.700000e-17 2.700000e-17
5.860000e+01 2.706000e-17 2.706000e-17
5.870000e+01 2.712000e-17 2.712000e-17
5.880000e+01 2.718000e-17 2.718000e-17
5.890000e+01 2.724000e-17 2.724000e-17
5.900000e+01 2.730000e-17 2.730000e-17
5.910000e+01 2.736000e-17 2.736000e-17
5.920000e+01 2.742000e-17 2.742000e-17
5.930000e+01 2.748000e-17 2.748000e-17
5.940000e+01 2.754000e-17 2.754000e-17
5.950000e+01 2.760000e-17 2.760000e-17
5.960000e+01 2.766000e-17 2.766000e-17
5.970000e+01 2.772000e-17 2.772000e-17
5.980000e+01 2.778000e-17 2.778000e-17
5.990000e+01 2.784000e-17 2.784000e-17
6.000000e+01 2.790000e-17 2.790000e-17
6.010000e+01 2.795000e-17 2.795000e-17
6.020000e+01 2.800000e-17 2.800000e-17
6.030000e+01 2.805000e-17 2.805000e-17
6.040000e+01 2.810000e-17 2.810000e-17
6.050000e+01 2.815000e-17 2.815000e-17
6.060000e+01 2.820000e-17 2.820000e-17
6.070000e+01 2.825000e-17 2.825000e-17
6.080000e+01 2.830000e-17 2.830000e-17
6.090000e+01 2.835000e-17 2.835000e-17
6.100000e+01 2.840000e-17 2.840000e-17
6.110000e+01 2.844000e-17 2.844000e-17
6.120000e+01 2.848000e-17 2.848000e-17
6.130000e+01 2.852000e-17 2.852000e-17
6.140000e+01 2.856000e-17 2.856000e-17
6.150000e+01 2.860000e-17 2.860000e-17
6.160000e+01 2.864000e-17 2.864000e-17
6.170000e+01 2.868000e-17 2.868000e-17
6.180000e+01 2.872000e-17 2.872000e-17
6.190000e+01 2.876000e-17 2.876000e-17
6.200000e+01 2.880000e-17 2.880000e-17
6.210000e+01 2.885000e-17 2.885000e-17
6.220000e+01 2.890000e-17 2.890000e-17
6.230000e+01 2.895000e-17 2.895000e-17
6.240000e+01 2.900000e-17 2.900000e-17
6.250000e+01 2.905000e-17 2.905000e-17
6.260000e+01 2.910000e-17 2.910000e-17
6.270000e+01 2.915000e-17 2.915000e-17
6.280000e+01 2.920000e-17 2.920000e-17
6.290000e+01 2.925000e-17 2.925000e-17
6.300000e+01 2.930000e-17 2.930000e-17
6.310000e+01 2.933000e-17 2.933000e-17
6.320000e+01 2.936000e-17 2.936000e-17
6.330000e+01 2.939000e-17 2.939000e-17
6.340000e+01 2.942000e-17 2.942000e-17
6.350000e+01 2.945000e-17 2.945000e-17
6.360000e+01 2.948000e-17 2.948000e-17
6.370000e+01 2.951000e-17 2.951000e-17
6.380000e+01 2.954000e-17 2.954000e-17
6.390000e+01 2.957000e-17 2.957000e-17
6.400000e+01 2.960000e-17 2.960000e-17
6.410000e+01 2.964000e-17 2.964000e-17
6.420000e+01 2.968000e-17 2.968000e-17
6.430000e+01 2.972000e-17 2.972000e-17
6.440000e+01 2.976000e-17 2.976000e-17
6.450000e+01 2.980000e-17 2.980000e-17
6.460000e+01 2.984000e-17 2.984000e-17
6.470000e+01 2.988000e-17 2.988000e-17
6.480000e+01 2.992000e-17 2.992000e-17
6.490000e+01 2.996000e-17 2.996000e-17
6.500000e+01 3.000000e-17 3.000000e-17
6.510000e+01 3.003000e-17 3.003000e-17
6.520000e+01 3.006000e-17 3.006000e-17
6.530000e+01 3.009000e-17 3.009000e-17
6.540000e+01 3.012000e-17 3.012000e-17
6.550000e+01 3.015000e-17 3.015000e-17
6.560000e+01 3.018000e-17 3.018000e-17
6.570000e+01 3.021000e-17 3.021000e-17
6.580000e+01 3.024000e-17 3.024000e-17
6.590000e+01 3.027000e-17 3.027000e-17
6.600000e+01 3.030000e-17 3.030000e-17
6.610000e+01 3.033000e-17 3.033000e-17
6.620000e+01 3.036000e-17 3.036000e-17
6.630000e+01 3.039000e-17 3.039000e-17
6.640000e+01 3.042000e-17 3.042000e-17
6.650000e+01 3.045000e-17 3.045000e-17
6.660000e+01 3.048000e-17 3.048000e-17
6.670000e+01 3.051000e-17 3.051000e-17
6.680000e+01 3.054000e-17 3.054000e-17
6.690000e+01 3.057000e-17 3.057000e-17
6.700000e+01 3.060000e-17 3.060000e-17
6.710000e+01 3.062000e-17 3.062000e-17
6.720000e+01 3.064000e-17 3.064000e-17
6.730000e+01 3.066000e-17 3.066000e-17
6.740000e+01 3.068000e-17 3.068000e-17
6.750000e+01 3.070000e-17 3.070000e-17
6.760000e+01 3.072000e-17 3.072000e-17
6.770000e+01 3.074000e-17 3.074000e-17
6.780000e+01 3.076000e-17 3.076000e-17
6.790000e+01 3.078000e-17 3.078000e-17
6.800000e+01 3.080000e-17 3.080000e-17
6.810000e+01 3.083000e-17 3.080000e-17
6.820000e+01 3.086000e-17 3.080000e-17
6.830000e+01 3.089000e-17 3.080000e-17
6.840000e+01 3.092000e-17 3.080000e-17
6.850000e+01 3.095000e-17 3.080000e-17
6.860000e+01 3.098000e-17 3.080000e-17
6.870000e+01 3.101000e-17 3.080000e-17
6.880000e+01 3.104000e-17 3.080000e-17
6.890000e+01 3.107000e-17 3.080000e-17
6.900000e+01 3.110000e-17 3.080000e-17
6.910000e+01 3.113000e-17 3.080000e-17
6.920000e+01 3.116000e-17 3.080000e-17
6.930000e+01 3.119000e-17 3.080000e-17
6.940000e+01 3.122000e-17 3.080000e-17
6.950000e+01 3.125000e-17 3.080000e-17
6.960000e+01 3.128000e-17 3.080000e-17
6.970000e+01 3.131000e-17 3.080000e-17
6.980000e+01 3.134000e-17 3.080000e-17
6.990000e+01 3.137000e-17 3.080000e-17
7.000000e+01 3.140000e-17 3.080000e-17
7.010000e+01 3.146000e-17 3.081000e-17
7.020000e+01 3.152000e-17 3.082000e-17
7.030000e+01 3.158000e-17 3.083000e-17
7.040000e+01 3.164000e-17 3.084000e-17
7.050000e+01 3.170000e-17 3.085000e-17
7.060000e+01 3.176000e-17 3.086000e-17
7.070000e+01 3.182000e-17 3.087000e-17
7.080000e+01 3.188000e-17 3.088000e-17
7.090000e+01 3.194000e-17 3.089000e-17
7.100000e+01 3.200000e-17 3.090000e-17
7.110000e+01 3.205000e-17 3.088000e-17
7.120000e+01 3.210000e-17 3.086000e-17
7.130000e+01 3.215000e-17 3.084000e-17
7.140000e+01 3.220000e-17 3.082000e-17
7.150000e+01 3.225000e-17 3.080000e-17
7.160000e+01 3.230000e-17 3.078000e-17
7.170000e+01 3.235000e-17 3.076000e-17
7.180000e+01 3.240000e-17 3.074000e-17
7.190000e+01 3.245000e-17 3.072000e-17
7.200000e+01 3.250000e-17 3.070000e-17
7.210000e+01 3.253000e-17 3.061000e-17
7.220000e+01 3.256000e-17 3.052000e-17
7.230000e+01 3.259000e-17 3.043000e-17
7.240000e+01 3.262000e-17 3.034000e-17
7.250000e+01 3.265000e-17 3.025000e-17
7.260000e+01 3.268000e-17 3.016000e-17
7.270000e+01 3.271000e-17 3.007000e-17
7.280000e+01 3.274000e-17 2.998000e-17
7.290000e+01 3.277000e-17 2.989000e-17
7.300000e+01 3.280000e-17 2.980000e-17
7.310000e+01 3.283333e-17 2.965000e-17
7.320000e+01 3.286667e-17 2.950000e-17
7.330000e+01 3.290000e-17 2.935000e-17
7.340000e+01 3.293333e-17 2.920000e-17
7.350000e+01 3.296667e-17 2.905000e-17
7.360000e+01 3.300000e-17 2.890000e-17
7.370000e+01 3.300000e-17 2.860000e-17
7.380000e+01 3.300000e-17 2.830000e-17
7.390000e+01 3.300000e-17 2.800000e-17
7.400000e+01 3.300000e-17 2.770000e-17
7.410000e+01 3.302500e-17 2.747500e-17
7.420000e+01 3.305000e-17 2.725000e-17
7.430000e+01 3.307500e-17 2.702500e-17
7.440000e+01 3.310000e-17 2.680000e-17
7.450000e+01 3.311667e-17 2.660000e-17
7.460000e+01 3.313333e-17 2.640000e-17
7.470000e+01 3.315000e-17 2.620000e-17
7.480000e+01 3.316667e-17 2.600000e-17
7.490000e+01 3.318333e-17 2.580000e-17
7.500000e+01 3.320000e-17 2.560000e-17
7.510000e+01 3.320000e-17 2.540000e-17
7.520000e+01 3.320000e-17 2.520000e-17
7.530000e+01 3.320000e-17 2.500000e-17
7.540000e+01 3.320000e-17 2.480000e-17
7.550000e+01 3.320000e-17 2.460000e-17
7.560000e+01 3.320000e-17 2.440000e-17
7.570000e+01 3.320000e-17 2.420000e-17
7.580000e+01 3.320000e-17 2.400000e-17
7.590000e+01 3.320000e-17 2.380000e-17
7.600000e+01 3.320000e-17 2.360000e-17
7.610000e+01 3.319000e-17 2.340000e-17
7.620000e+01 3.318000e-17 2.320000e-17
7.630000e+01 3.317000e-17 2.300000e-17
7.640000e+01 3.316000e-17 2.280000e-17
7.650000e+01 3.315000e-17 2.260000e-17
7.660000e+01 3.314000e-17 2.240000e-17
7.670000e+01 3.313000e-17 2.220000e-17
7.680000e+01 3.312000e-17 2.200000e-17
7.690000e+01 3.311000e-17 2.180000e-17
7.700000e+01 3.310000e-17 2.160000e-17
7.710000e+01 3.308000e-17 2.144000e-17
7.720000e+01 3.306000e-17 2.128000e-17
7.730000e+01 3.304000e-17 2.112000e-17
7.740000e+01 3.302000e-17 2.096000e-17
7.750000e+01 3.300000e-17 2.080000e-17
7.760000e+01 3.298000e-17 2.064000e-17
7.770000e+01 3.296000e-17 2.048000e-17
7.780000e+01 3.294000e-17 2.032000e-17
7.790000e+01 3.292000e-17 2.016000e-17
7.800000e+01 3.290000e-17 2.000000e-17
7.810000e+01 3.286000e-17 1.982000e-17
7.820000e+01 3.282000e-17 1.964000e-17
7.830000e+01 3.278000e-17 1.946000e-17
7.840000e+01 3.274000e-17 1.928000e-17
7.850000e+01 3.270000e-17 1.910000e-17
7.860000e+01 3.266000e-17 1.892000e-17
7.870000e+01 3.262000e-17 1.874000e-17
7.880000e+01 3.258000e-17 1.856000e-17
7.890000e+01 3.254000e-17 1.838000e-17
7.900000e+01 3.250000e-17 1.820000e-17
7.910000e+01 3.246000e-17 1.805000e-17
7.920000e+01 3.242000e-17 1.790000e-17
7.930000e+01 3.238000e-17 1.775000e-17
7.940000e+01 3.234000e-17 1.760000e-17
7.950000e+01 3.230000e-17 1.745000e-17
7.960000e+01 3.226000e-17 1.730000e-17
7.970000e+01 3.222000e-17 1.715000e-17
7.980000e+01 3.218000e-17 1.700000e-17
7.990000e+01 3.214000e-17 1.685000e-17
8.000000e+01 3.210000e-17 1.670000e-17
8.010000e+01 3.203000e-17 1.656000e-17
8.020000e+01 3.196000e-17 1.642000e-17
8.030000e+01 3.189000e-17 1.628000e-17
8.040000e+01 3.182000e-17 1.614000e-17
8.050000e+01 3.175000e-17 1.600000e-17
8.060000e+01 3.168000e-17 1.586000e-17
8.070000e+01 3.161000e-17 1.572000e-17
8.080000e+01 3.154000e-17 1.558000e-17
8.090000e+01 3.147000e-17 1.544000e-17
8.100000e+01 3.140000e-17 1.530000e-17
8.110000e+01 3.131000e-17 1.517000e-17
8.120000e+01 3.122000e-17 1.504000e-17
8.130000e+01 3.113000e-17 1.491000e-17
8.140000e+01 3.104000e-17 1.478000e-17
8.150000e+01 3.095000e-17 1.465000e-17
8.160000e+01 3.086000e-17 1.452000e-17
8.170000e+01 3.077000e-17 1.439000e-17
8.180000e+01 3.068000e-17 1.426000e-17
8.190000e+01 3.059000e-17 1.413000e-17
8.200000e+01 3.050000e-17 1.400000e-17
8.210000e+01 3.038000e-17 1.390000e-17
8.220000e+01 3.026000e-17 1.380000e-17
8.230000e+01 3.014000e-17 1.370000e-17
8.240000e+01 3.002000e-17 1.360000e-17
8.250000e+01 2.990000e-17 1.350000e-17
8.260000e+01 2.978000e-17 1.340000e-17
8.270000e+01 2.966000e-17 1.330000e-17
8.280000e+01 2.954000e-17 1.320000e-17
8.290000e+01 2.942000e-17 1.310000e-17
8.300000e+01 2.930000e-17 1.300000e-17
8.310000e+01 2.919000e-17 1.295000e-17
8.320000e+01 2.908000e-17 1.290000e-17
8.330000e+01 2.897000e-17 1.285000e-17
8.340000e+01 2.886000e-17 1.280000e-17
8.350000e+01 2.875000e-17 1.275000e-17
8.360000e+01 2.864000e-17 1.270000e-17
8.370000e+01 2.853000e-17 1.265000e-17
8.380000e+01 2.842000e-17 1.260000e-17
8.390000e+01 2.831000e-17 1.255000e-17
8.400000e+01 2.820000e-17 1.250000e-17
8.410000e+01 2.808000e-17 1.241000e-17
8.420000e+01 2.796000e-17 1.232000e-17
8.430000e+01 2.784000e-17 1.223000e-17
8.440000e+01 2.772000e-17 1.214000e-17
8.450000e+01 2.760000e-17 1.205000e-17
8.460000e+01 2.748000e-17 1.196000e-17
8.470000e+01 2.736000e-17 1.187000e-17
8.480000e+01 2.724000e-17 1.178000e-17
8.490000e+01 2.712000e-17 1.169000e-17
8.500000e+01 2.700000e-17 1.160000e-17
8.510000e+01 2.690000e-17 1.158000e-17
8.520000e+01 2.680000e-17 1.156000e-17
8.530000e+01 2.670000e-17 1.154000e-17
8.540000e+01 2.660000e-17 1.152000e-17
8.550000e+01 2.650000e-17 1.150000e-17
8.560000e+01 2.640000e-17 1.148000e-17
8.570000e+01 2.630000e-17 1.146000e-17
8.580000e+01 2.620000e-17 1.144000e-17
8.590000e+01 2.610000e-17 1.142000e-17
8.600000e+01 2.600000e-17 1.140000e-17
8.610000e+01 2.589000e-17 1.137000e-17
8.620000e+01 2.578000e-17 1.134000e-17
8.630000e+01 2.567000e-17 1.131000e-17
8.640000e+01 2.556000e-17 1.128000e-17
8.650000e+01 2.545000e-17 1.125000e-17
8.660000e+01 2.534000e-17 1.122000e-17
8.670000e+01 2.523000e-17 1.119000e-17
8.680000e+01 2.512000e-17 1.116000e-17
8.690000e+01 2.501000e-17 1.113000e-17
8.700000e+01 2.490000e-17 1.110000e-17
8.710000e+01 2.479000e-17 1.106000e-17
8.720000e+01 2.468000e-17 1.102000e-17
8.730000e+01 2.457000e-17 1.098000e-17
8.740000e+01 2.446000e-17 1.094000e-17
8.750000e+01 2.435000e-17 1.090000e-17
8.760000e+01 2.424000e-17 1.086000e-17
8.770000e+01 2.413000e-17 1.082000e-17
8.780000e+01 2.402000e-17 1.078000e-17
8.790000e+01 2.391000e-17 1.074000e-17
8.800000e+01 2.380000e-17 1.070000e-17
8.810000e+01 2.367000e-17 1.065000e-17
8.820000e+01 2.354000e-17 1.060000e-17
8.830000e+01 2.341000e-17 1.055000e-17
8.840000e+01 2.328000e-17 1.050000e-17
8.850000e+01 2.315000e-17 1.045000e-17
8.860000e+01 2.302000e-17 1.040000e-17
8.870000e+01 2.289000e-17 1.035000e-17
8.880000e+01 2.276000e-17 1.030000e-17
8.890000e+01 2.263000e-17 1.025000e-17
8.900000e+01 2.250000e-17 1.020000e-17
8.910000e+01 2.237000e-17 1.016000e-17
8.920000e+01 2.224000e-17 1.012000e-17
8.930000e+01 2.211000e-17 1.008000e-17
8.940000e+01 2.198000e-17 1.004000e-17
8.950000e+01 2.185000e-17 1.000000e-17
8.960000e+01 2.172000e-17 9.960000e-18
8.970000e+01 2.159000e-17 9.920000e-18
8.980000e+01 2.146000e-17 9.880000e-18
8.990000e+01 2.133000e-17 9.840000e-18
9.000000e+01 2.120000e-17 9.800000e-18
9.010000e+01 2.104000e-17 9.760000e-18
9.020000e+01 2.088000e-17 9.720000e-18
9.030000e+01 2.072000e-17 9.680000e-18
9.040000e+01 2.056000e-17 9.640000e-18
9.050000e+01 2.040000e-17 9.600000e-18
9.060000e+01 2.024000e-17 9.560000e-18
9.070000e+01 2.008000e-17 9.520000e-18
9.080000e+01 1.992000e-17 9.480000e-18
9.090000e+01 1.976000e-17 9.440000e-18
9.100000e+01 1.960000e-17 9.400000e-18
9.110000e+01 1.942000e-17 9.340000e-18
9.120000e+01 1.924000e-17 9.280000e-18
9.130000e+01 1.906000e-17 9.220000e-18
9.140000e+01 1.888000e-17 9.160000e-18
9.150000e+01 1.870000e-17 9.100000e-18
9.160000e+01 1.852000e-17 9.040000e-18
9.170000e+01 1.834000e-17 8.980000e-18
9.180000e+01 1.816000e-17 8.920000e-18
9.190000e+01 1.798000e-17 8.860000e-18
9.200000e+01 1.780000e-17 8.800000e-18
9.210000e+01 1.766000e-17 8.760000e-18
9.220000e+01 1.752000e-17 8.720000e-18
9.230000e+01 1.738000e-17 8.680000e-18
9.240000e+01 1.724000e-17 8.640000e-18
9.250000e+01 1.710000e-17 8.600000e-18
9.260000e+01 1.696000e-17 8.560000e-18
9.270000e+01 1.682000e-17 8.520000e-18
9.280000e+01 1.668000e-17 8.480000e-18
9.290000e+01 1.654000e-17 8.440000e-18
9.300000e+01 1.640000e-17 8.400000e-18
9.310000e+01 1.633000e-17 8.380000e-18
9.320000e+01 1.626000e-17 8.360000e-18
9.330000e+01 1.619000e-17 8.340000e-18
9.340000e+01 1.612000e-17 8.320000e-18
9.350000e+01 1.605000e-17 8.300000e-18
9.360000e+01 1.598000e-17 8.280000e-18
9.370000e+01 1.591000e-17 8.260000e-18
9.380000e+01 1.584000e-17 8.240000e-18
9.390000e+01 1.577000e-17 8.220000e-18
9.400000e+01 1.570000e-17 8.200000e-18
9.410000e+01 1.575000e-17 8.240000e-18
9.420000e+01 1.580000e-17 8.280000e-18
9.430000e+01 1.585000e-17 8.320000e-18
9.440000e+01 1.590000e-17 8.360000e-18
9.450000e+01 1.595000e-17 8.400000e-18
9.460000e+01 1.600000e-17 8.440000e-18
9.470000e+01 1.605000e-17 8.480000e-18
9.480000e+01 1.610000e-17 8.520000e-18
9.490000e+01 1.615000e-17 8.560000e-18
9.500000e+01 1.620000e-17 8.600000e-18
9.510000e+01 1.628000e-17 8.620000e-18
9.520000e+01 1.636000e-17 8.640000e-18
9.530000e+01 1.644000e-17 8.660000e-18
9.540000e+01 1.652000e-17 8.680000e-18
9.550000e+01 1.660000e-17 8.700000e-18
9.560000e+01 1.668000e-17 8.720000e-18
9.570000e+01 1.676000e-17 8.740000e-18
9.580000e+01 1.684000e-17 8.760000e-18
9.590000e+01 1.692000e-17 8.780000e-18
9.600000e+01 1.700000e-17 8.800000e-18
9.610000e+01 1.709000e-17 8.820000e-18
9.620000e+01 1.718000e-17 8.840000e-18
9.630000e+01 1.727000e-17 8.860000e-18
9.640000e+01 1.736000e-17 8.880000e-18
9.650000e+01 1.745000e-17 8.900000e-18
9.660000e+01 1.754000e-17 8.920000e-18
9.670000e+01 1.763000e-17 8.940000e-18
9.680000e+01 1.772000e-17 8.960000e-18
9.690000e+01 1.781000e-17 8.980000e-18
9.700000e+01 1.790000e-17 9.000000e-18
9.710000e+01 1.801000e-17 8.980000e-18
9.720000e+01 1.812000e-17 8.960000e-18
9.730000e+01 1.823000e-17 8.940000e-18
9.740000e+01 1.834000e-17 8.920000e-18
9.750000e+01 1.845000e-17 8.900000e-18
9.760000e+01 1.856000e-17 8.880000e-18
9.770000e+01 1.867000e-17 8.860000e-18
9.780000e+01 1.878000e-17 8.840000e-18
9.790000e+01 1.889000e-17 8.820000e-18
9.800000e+01 1.900000e-17 8.800000e-18
9.810000e+01 1.910000e-17 8.770000e-18
9.820000e+01 1.920000e-17 8.740000e-18
9.830000e+01 1.930000e-17 8.710000e-18
9.840000e+01 1.940000e-17 8.680000e-18
9.850000e+01 1.950000e-17 8.650000e-18
9.860000e+01 1.960000e-17 8.620000e-18
9.870000e+01 1.970000e-17 8.590000e-18
9.880000e+01 1.980000e-17 8.560000e-18
9.890000e+01 1.990000e-17 8.530000e-18
9.900000e+01 2.000000e-17 8.500000e-18
9.910000e+01 2.009000e-17 8.490000e-18
9.920000e+01 2.018000e-17 8.480000e-18
9.930000e+01 2.027000e-17 8.470000e-18
9.940000e+01 2.036000e-17 8.460000e-18
9.950000e+01 2.045000e-17 8.450000e-18
9.960000e+01 2.054000e-17 8.440000e-18
9.970000e+01 2.063000e-17 8.430000e-18
9.980000e+01 2.072000e-17 8.420000e-18
9.990000e+01 2.081000e-17 8.410000e-18
1.000000e+02 2.090000e-17 8.400000e-18
1.001000e+02 2.098000e-17 8.380000e-18
1.002000e+02 2.106000e-17 8.360000e-18
1.003000e+02 2.114000e-17 8.340000e-18
1.004000e+02 2.122000e-17 8.320000e-18
1.005000e+02 2.130000e-17 8.300000e-18
1.006000e+02 2.138000e-17 8.280000e-18
1.007000e+02 2.146000e-17 8.260000e-18
1.008000e+02 2.154000e-17 8.240000e-18
1.009000e+02 2.162000e-17 8.220000e-18
1.010000e+02 2.170000e-17 8.200000e-18
1.011000e+02 2.176000e-17 8.200000e-18
1.012000e+02 2.182000e-17 8.200000e-18
1.013000e+02 2.188000e-17 8.200000e-18
1.014000e+02 2.194000e-17 8.200000e-18
1.015000e+02 2.200000e-17 8.200000e-18
1.016000e+02 2.206000e-17 8.200000e-18
1.017000e+02 2.212000e-17 8.200000e-18
1.018000e+02 2.218000e-17 8.200000e-18
1.019000e+02 2.224000e-17 8.200000e-18
1.020000e+02 2.230000e-17 8.200000e-18
1.021000e+02 2.237000e-17 8.200000e-18
1.022000e+02 2.244000e-17 8.200000e-18
1.023000e+02 2.251000e-17 8.200000e-18
1.024000e+02 2.258000e-17 8.200000e-18
1.025000e+02 2.265000e-17 8.200000e-18
1.026000e+02 2.272000e-17 8.200000e-18
1.027000e+02 2.279000e-17 8.200000e-18
1.028000e+02 2.286000e-17 8.200000e-18
1.029000e+02 2.293000e-17 8.200000e-18
1.030000e+02 2.300000e-17 8.200000e-18
1.031000e+02 2.314000e-17 8.220000e-18
1.032000e+02 2.328000e-17 8.240000e-18
1.033000e+02 2.342000e-17 8.260000e-18
1.034000e+02 2.356000e-17 8.280000e-18
1.035000e+02 2.370000e-17 8.300000e-18
1.036000e+02 2.384000e-17 8.320000e-18
1.037000e+02 2.398000e-17 8.340000e-18
1.038000e+02 2.412000e-17 8.360000e-18
1.039000e+02 2.426000e-17 8.380000e-18
1.040000e+02 2.440000e-17 8.400000e-18
1.041000e+02 2.436000e-17 8.360000e-18
1.042000e+02 2.432000e-17 8.320000e-18
1.043000e+02 2.428000e-17 8.280000e-18
1.044000e+02 2.424000e-17 8.240000e-18
1.045000e+02 2.420000e-17 8.200000e-18
1.046000e+02 2.416000e-17 8.160000e-18
1.047000e+02 2.412000e-17 8.120000e-18
1.048000e+02 2.408000e-17 8.080000e-18
1.049000e+02 2.404000e-17 8.040000e-18
1.050000e+02 2.400000e-17 8.000000e-18
1.051000e+02 2.410000e-17 8.020000e-18
1.052000e+02 2.420000e-17 8.040000e-18
1.053000e+02 2.430000e-17 8.060000e-18
1.054000e+02 2.440000e-17 8.080000e-18
1.055000e+02 2.450000e-17 8.100000e-18
1.056000e+02 2.460000e-17 8.120000e-18
1.057000e+02 2.470000e-17 8.140000e-18
1.058000e+02 2.480000e-17 8.160000e-18
1.059000e+02 2.490000e-17 8.180000e-18
1.060000e+02 2.445552e-17 8.269503e-18
1.061000e+02 2.520351e-17 9.141252e-18
1.062000e+02 2.548676e-17 1.098672e-17
1.063000e+02 2.534206e-17 1.100221e-17
1.064000e+02 2.527350e-17 1.100348e-17
1.065000e+02 2.527083e-17 1.096634e-17
1.066000e+02 2.532224e-17 1.093566e-17
1.067000e+02 2.542775e-17 1.091142e-17
1.068000e+02 2.585277e-17 1.088551e-17
1.069000e+02 2.601471e-17 1.084607e-17
1.070000e+02 2.547993e-17 1.077546e-17
1.071000e+02 2.552092e-17 1.073925e-17
1.072000e+02 2.574159e-17 1.072021e-17
1.073000e+02 2.535867e-17 1.072294e-17
1.074000e+02 2.516783e-17 1.071684e-17
1.075000e+02 2.516907e-17 1.070193e-17
1.076000e+02 2.485140e-17 1.065055e-17
1.077000e+02 2.461047e-17 1.062046e-17
1.078000e+02 2.463126e-17 1.064952e-17
1.079000e+02 2.481437e-17 1.067581e-17
1.080000e+02 2.505935e-17 1.069533e-17
1.081000e+02 2.523522e-17 1.066455e-17
1.082000e+02 2.533588e-17 1.063908e-17
1.083000e+02 2.536131e-17 1.061892e-17
1.084000e+02 2.532589e-17 1.050804e-17
1.085000e+02 2.525292e-17 1.039535e-17
1.086000e+02 2.510809e-17 1.030196e-17
1.087000e+02 2.496330e-17 1.025034e-17
1.088000e+02 2.479338e-17 1.021899e-17
1.089000e+02 2.439707e-17 1.020902e-17
1.090000e+02 2.427645e-17 1.018166e-17
1.091000e+02 2.443153e-17 1.013693e-17
1.092000e+02 2.423213e-17 1.004443e-17
1.093000e+02 2.430010e-17 9.961203e-18
1.094000e+02 2.508387e-17 9.912008e-18
1.095000e+02 2.497558e-17 9.881910e-18
1.096000e+02 2.453760e-17 9.851030e-18
1.097000e+02 2.457331e-17 9.739445e-18
1.098000e+02 2.459473e-17 9.619902e-18
1.099000e+02 2.460187e-17 9.492403e-18
1.100000e+02 2.449393e-17 9.408603e-18
1.101000e+02 2.442644e-17 9.321438e-18
1.102000e+02 2.448317e-17 9.215096e-18
1.103000e+02 2.399592e-17 9.182786e-18
1.104000e+02 2.337713e-17 9.188769e-18
1.105000e+02 2.367270e-17 9.253821e-18
1.106000e+02 2.396539e-17 9.285962e-18
1.107000e+02 2.425522e-17 9.285192e-18
1.108000e+02 2.426684e-17 9.245783e-18
1.109000e+02 2.432082e-17 9.177794e-18
1.110000e+02 2.454578e-17 9.053132e-18
1.111000e+02 2.435678e-17 8.923913e-18
1.112000e+02 2.402461e-17 8.794705e-18
1.113000e+02 2.400067e-17 8.683161e-18
1.114000e+02 2.343364e-17 8.568277e-18
1.115000e+02 2.232351e-17 8.450053e-18
1.116000e+02 2.211632e-17 8.376244e-18
1.117000e+02 2.219684e-17 8.324897e-18
1.118000e+02 2.271457e-17 8.314445e-18
1.119000e+02 2.250057e-17 8.281726e-18
1.120000e+02 2.206934e-17 8.232533e-18
1.121000e+02 2.250556e-17 8.120972e-18
1.122000e+02 2.301818e-17 8.020690e-18
1.123000e+02 2.360721e-17 7.931687e-18
1.124000e+02 2.366435e-17 7.772930e-18
1.125000e+02 2.347944e-17 7.604730e-18
1.126000e+02 2.286766e-17 7.432575e-18
1.127000e+02 2.199661e-17 7.355415e-18
1.128000e+02 2.108157e-17 7.307939e-18
1.129000e+02 2.077060e-17 7.161225e-18
1.130000e+02 2.068404e-17 7.072708e-18
1.131000e+02 2.082187e-17 7.042387e-18
1.132000e+02 2.088430e-17 7.038212e-18
1.133000e+02 2.087050e-17 7.037035e-18
1.134000e+02 2.069837e-17 7.036077e-18
1.135000e+02 2.096663e-17 7.008653e-18
1.136000e+02 2.140978e-17 6.957118e-18
1.137000e+02 2.172831e-17 6.790673e-18
1.138000e+02 2.174576e-17 6.622031e-18
1.139000e+02 2.146215e-17 6.451192e-18
1.140000e+02 2.058550e-17 6.358715e-18
1.141000e+02 1.967749e-17 6.260898e-18
1.142000e+02 1.885003e-17 6.130300e-18
1.143000e+02 1.827209e-17 6.041224e-18
1.144000e+02 1.791117e-17 5.977001e-18
1.145000e+02 1.854112e-17 5.976313e-18
1.146000e+02 1.841991e-17 5.949246e-18
1.147000e+02 1.754755e-17 5.895802e-18
1.148000e+02 1.845603e-17 5.825777e-18
1.149000e+02 1.945550e-17 5.739700e-18
1.150000e+02 2.020559e-17 5.620469e-18
1.151000e+02 2.034791e-17 5.404861e-18
1.152000e+02 2.020399e-17 5.159534e-18
1.153000e+02 1.982817e-17 5.018471e-18
1.154000e+02 1.870164e-17 4.863980e-18
1.155000e+02 1.682440e-17 4.696061e-18
1.156000e+02 1.627456e-17 4.618846e-18
1.157000e+02 1.626087e-17 4.569897e-18
1.158000e+02 1.608167e-17 4.403965e-18
1.159000e+02 1.641225e-17 4.312633e-18
1.160000e+02 1.579519e-17 4.343875e-18
1.161000e+02 1.525538e-17 4.353259e-18
1.162000e+02 1.586516e-17 4.292025e-18
1.163000e+02 1.758988e-17 4.303036e-18
1.164000e+02 1.905643e-17 4.222786e-18
1.165000e+02 1.852099e-17 3.904285e-18
1.166000e+02 1.850371e-17 3.577570e-18
1.167000e+02 1.861240e-17 3.383404e-18
1.168000e+02 1.660116e-17 3.287031e-18
1.169000e+02 1.433374e-17 3.197315e-18
1.170000e+02 1.282186e-17 3.114017e-18
1.171000e+02 1.240506e-17 2.979520e-18
1.172000e+02 1.398549e-17 2.905210e-18
1.173000e+02 1.424996e-17 2.916316e-18
1.174000e+02 1.321502e-17 2.967132e-18
1.175000e+02 1.271227e-17 2.937452e-18
1.176000e+02 1.227488e-17 2.807307e-18
1.177000e+02 1.490661e-17 2.714976e-18
1.178000e+02 1.798837e-17 2.577913e-18
1.179000e+02 1.701131e-17 2.401662e-18
1.180000e+02 1.667840e-17 2.274316e-18
1.181000e+02 1.724314e-17 2.116618e-18
1.182000e+02 1.571832e-17 1.935186e-18
1.183000e+02 1.362630e-17 1.853425e-18
1.184000e+02 1.151989e-17 1.800457e-18
1.185000e+02 1.029344e-17 1.740812e-18
1.186000e+02 1.193969e-17 1.740805e-18
1.187000e+02 1.415392e-17 1.756280e-18
1.188000e+02 1.336883e-17 1.734354e-18
1.189000e+02 1.165587e-17 1.627123e-18
1.190000e+02 1.086226e-17 1.546516e-18
1.191000e+02 1.199193e-17 1.513839e-18
1.192000e+02 1.664726e-17 1.369668e-18
1.193000e+02 1.749791e-17 1.232136e-18
1.194000e+02 1.558330e-17 1.154561e-18
1.195000e+02 1.589898e-17 1.126072e-18
1.196000e+02 1.508307e-17 1.106612e-18
1.197000e+02 1.366802e-17 1.020183e-18
1.198000e+02 1.103206e-17 9.378885e-19
1.199000e+02 8.669132e-18 9.142090e-19
1.200000e+02 8.073414e-18 8.468927e-19
1.201000e+02 1.057823e-17 7.890577e-19
1.202000e+02 1.373898e-17 7.895123e-19
1.203000e+02 1.253396e-17 7.634619e-19
1.204000e+02 9.829237e-18 7.275512e-19
1.205000e+02 9.917439e-18 6.453789e-19
1.206000e+02 1.187740e-17 5.484187e-19
1.207000e+02 1.745964e-17 5.256810e-19
1.208000e+02 1.743025e-17 5.245931e-19
1.209000e+02 1.285977e-17 5.075353e-19
1.210000e+02 1.373881e-17 4.371642e-19
1.211000e+02 1.371521e-17 3.704335e-19
1.212000e+02 1.164193e-17 3.570160e-19
1.213000e+02 8.805751e-18 3.559285e-19
1.214000e+02 6.668096e-18 3.548406e-19
1.215000e+02 7.391959e-18 3.472241e-19
1.216000e+02 8.969537e-18 2.461799e-19
1.217000e+02 1.244607e-17 1.242848e-19
1.218000e+02 1.426316e-17 9.220643e-20
1.219000e+02 1.116252e-17 7.751674e-20
1.220000e+02 9.249761e-18 6.047865e-20
1.221000e+02 1.337521e-17 5.343136e-20
1.222000e+02 1.808399e-17 5.234377e-20
1.223000e+02 1.618582e-17 5.125602e-20
1.224000e+02 1.215447e-17 5.016507e-20
1.225000e+02 1.188397e-17 4.907384e-20
1.226000e+02 1.224483e-17 4.798737e-20
1.227000e+02 1.030839e-17 4.690083e-20
1.228000e+02 7.087972e-18 4.270424e-20
1.229000e+02 4.934500e-18 2.731234e-20
1.230000e+02 5.394937e-18 1.300742e-20
1.231000e+02 6.647805e-18 9.898318e-21
1.232000e+02 8.438643e-18 8.810716e-21
1.233000e+02 1.479525e-17 7.723114e-21
1.234000e+02 1.616541e-17 6.635508e-21
1.235000e+02 1.142327e-17 5.547898e-21
1.236000e+02 9.972398e-18 4.460287e-21
1.237000e+02 1.346429e-17 3.372678e-21
1.238000e+02 1.859403e-17 2.285067e-21
1.239000e+02 1.596781e-17 1.694563e-20
1.240000e+02 1.199743e-17 7.163228e-20
1.241000e+02 1.149590e-17 5.555728e-20
