#
# NH + PHOTON = N + H
#
# 59
#
#
#
#
#
#
117.64  0.110e-19 0.110e-19
118.25  0.190e-19 0.190e-19
118.87  0.340e-19 0.340e-19
119.50  0.600e-19 0.600e-19
120.12  0.102e-18 0.102e-18
120.76  0.172e-18 0.172e-18
121.40  0.292e-18 0.292e-18
122.05  0.461e-18 0.461e-18
122.71  0.714e-18 0.714e-18
123.37  0.107e-17 0.107e-17
124.05  0.156e-17 0.156e-17
124.73  0.222e-17 0.222e-17
125.41  0.306e-17 0.306e-17
126.11  0.410e-17 0.410e-17
126.81  0.538e-17 0.538e-17
127.52  0.689e-17 0.689e-17
128.24  0.862e-17 0.862e-17
128.96  0.106e-16 0.106e-16
129.70  0.126e-16 0.126e-16
130.44  0.145e-16 0.145e-16
131.19  0.158e-16 0.158e-16
131.57  0.162e-16 0.162e-16
131.95  0.163e-16 0.163e-16
132.33  0.160e-16 0.160e-16
132.72  0.155e-16 0.155e-16
133.50  0.139e-16 0.139e-16
134.29  0.121e-16 0.121e-16
135.08  0.105e-16 0.105e-16
135.89  0.934e-17 0.934e-17
136.70  0.867e-17 0.867e-17
137.53  0.841e-17 0.841e-17
138.36  0.835e-17 0.835e-17
139.21  0.841e-17 0.841e-17
140.06  0.854e-17 0.854e-17
140.93  0.854e-17 0.854e-17
141.81  0.843e-17 0.843e-17
142.70  0.820e-17 0.820e-17
143.59  0.771e-17 0.771e-17
144.51  0.712e-17 0.712e-17
145.43  0.639e-17 0.639e-17
146.36  0.553e-17 0.553e-17
147.31  0.473e-17 0.473e-17
148.27  0.389e-17 0.389e-17
149.24  0.314e-17 0.314e-17
150.22  0.249e-17 0.249e-17
151.22  0.192e-17 0.192e-17
152.23  0.147e-17 0.147e-17
153.26  0.109e-17 0.109e-17
154.29  0.799e-18 0.799e-18
155.35  0.585e-18 0.585e-18
156.41  0.413e-18 0.413e-18
157.49  0.296e-18 0.296e-18
158.59  0.203e-18 0.203e-18
159.70  0.140e-18 0.140e-18
160.83  0.950e-19 0.950e-19
161.97  0.620e-19 0.620e-19
163.13  0.420e-19 0.420e-19
164.31  0.260e-19 0.260e-19
165.50  0.170e-19 0.170e-19
