# NH cross sections
# From the Leiden database for photodissociation and photoionization of astrophysically relevant molecules, http://home.strw.leidenuniv.nl/~ewine/photo/
# File last modified by Alan Heays 2017-03-01
# references: kirby1991 10.1063/1.460036, patel-misra1991 10.1063/1.459912, wang1990 10.1063/1.459369,
# no info on lines
# wavelength: (nm)
# photoabsorption   -- Photoabsorption cross section (cm2)
# photodissociation -- Photodissociation cross section (cm2)
# This version has been resampled to a uniform 0.1nm grid while maintaining a constant integrated cross section (using trapezoidal integration).
# wavelength photoabsorption photodissociation
9.199605e+01 7.429530e-18 3.463944e-30
9.209605e+01 1.866799e-20 1.866799e-20
9.219605e+01 2.192841e-20 2.192841e-20
9.229605e+01 2.637036e-20 2.637036e-20
9.239605e+01 3.086092e-20 3.086092e-20
9.249605e+01 3.692239e-20 3.692239e-20
9.259605e+01 4.304849e-20 4.304849e-20
9.269605e+01 5.124114e-20 5.124114e-20
9.279605e+01 5.951881e-20 5.951881e-20
9.289605e+01 7.048602e-20 7.048602e-20
9.299605e+01 8.156388e-20 8.156388e-20
9.309605e+01 9.610422e-20 9.610422e-20
9.319605e+01 1.107870e-19 1.107870e-19
9.329605e+01 1.298785e-19 1.298785e-19
9.339605e+01 1.491513e-19 1.491513e-19
9.349605e+01 1.739751e-19 1.739751e-19
9.359605e+01 1.990273e-19 1.990273e-19
9.369605e+01 2.309896e-19 2.309896e-19
9.379605e+01 2.632362e-19 2.632362e-19
9.389605e+01 3.039856e-19 3.039856e-19
9.399605e+01 3.450848e-19 3.450848e-19
9.409605e+01 3.965234e-19 3.965234e-19
9.419605e+01 4.483873e-19 4.483873e-19
9.429605e+01 5.126723e-19 5.126723e-19
9.439605e+01 5.774684e-19 5.774684e-19
9.449605e+01 6.570014e-19 6.570014e-19
9.459605e+01 7.371407e-19 7.371407e-19
9.469605e+01 8.345416e-19 8.345416e-19
9.479605e+01 9.326527e-19 9.326527e-19
9.489605e+01 1.050715e-18 1.050715e-18
9.499605e+01 1.169599e-18 1.169599e-18
9.509605e+01 1.311225e-18 1.311225e-18
9.519605e+01 1.453788e-18 1.453788e-18
9.529605e+01 1.621904e-18 1.621904e-18
9.539605e+01 1.791070e-18 1.791070e-18
9.549605e+01 1.988511e-18 1.988511e-18
9.559605e+01 2.187115e-18 2.187115e-18
9.569605e+01 2.416497e-18 2.416497e-18
9.579605e+01 2.647146e-18 2.647146e-18
9.589605e+01 2.910717e-18 2.910717e-18
9.599605e+01 3.175642e-18 3.175642e-18
9.609605e+01 3.475113e-18 3.475113e-18
9.619605e+01 3.776006e-18 3.776006e-18
9.629605e+01 4.112381e-18 4.112381e-18
9.639605e+01 4.450216e-18 4.450216e-18
9.649605e+01 4.823619e-18 4.823619e-18
9.659605e+01 5.198486e-18 5.198486e-18
9.669605e+01 5.608001e-18 5.608001e-18
9.679605e+01 6.018941e-18 6.018941e-18
9.689605e+01 6.462469e-18 6.462469e-18
9.699605e+01 6.907337e-18 6.907337e-18
9.709605e+01 7.381493e-18 7.381493e-18
9.719605e+01 7.856853e-18 7.856853e-18
9.729605e+01 8.356902e-18 8.356902e-18
9.739605e+01 8.857966e-18 8.857966e-18
9.749605e+01 9.377817e-18 9.377817e-18
9.759605e+01 9.898441e-18 9.898441e-18
9.769605e+01 1.043070e-17 1.043070e-17
9.779605e+01 1.096344e-17 1.096344e-17
9.789605e+01 1.149955e-17 1.149955e-17
9.799605e+01 1.203579e-17 1.203579e-17
9.809605e+01 1.256618e-17 1.256618e-17
9.819605e+01 1.309633e-17 1.309633e-17
9.829605e+01 1.361072e-17 1.361072e-17
9.839605e+01 1.412447e-17 1.412447e-17
9.849605e+01 1.461216e-17 1.461216e-17
9.859605e+01 1.509879e-17 1.509879e-17
9.869605e+01 1.554902e-17 1.554902e-17
9.879605e+01 1.599777e-17 1.599777e-17
9.889605e+01 1.640012e-17 1.640012e-17
9.899605e+01 1.680057e-17 1.680057e-17
9.909605e+01 1.714536e-17 1.714536e-17
9.919605e+01 1.748785e-17 1.748785e-17
9.929605e+01 1.776647e-17 1.776647e-17
9.939605e+01 1.804247e-17 1.804247e-17
9.949605e+01 1.824783e-17 1.824783e-17
9.959605e+01 1.845029e-17 1.845029e-17
9.969605e+01 1.857705e-17 1.857705e-17
9.979605e+01 1.870069e-17 1.870069e-17
9.989605e+01 1.874552e-17 1.874552e-17
9.999605e+01 1.878710e-17 1.878710e-17
1.000960e+02 1.874881e-17 1.874881e-17
1.001960e+02 1.870722e-17 1.870722e-17
1.002960e+02 1.858682e-17 1.858682e-17
1.003960e+02 1.846317e-17 1.846317e-17
1.004960e+02 1.826383e-17 1.826383e-17
1.005960e+02 1.806138e-17 1.806138e-17
1.006960e+02 1.778829e-17 1.778829e-17
1.007960e+02 1.751229e-17 1.751229e-17
1.008960e+02 1.717242e-17 1.717242e-17
1.009960e+02 1.682993e-17 1.682993e-17
1.010960e+02 1.643177e-17 1.643177e-17
1.011960e+02 1.603132e-17 1.603132e-17
1.012960e+02 1.558449e-17 1.558449e-17
1.013960e+02 1.513575e-17 1.513575e-17
1.014960e+02 1.465062e-17 1.465062e-17
1.015960e+02 1.416400e-17 1.416400e-17
1.016960e+02 1.365133e-17 1.365133e-17
1.017960e+02 1.313758e-17 1.313758e-17
1.018960e+02 1.260808e-17 1.260808e-17
1.019960e+02 1.207793e-17 1.207793e-17
1.020960e+02 1.154193e-17 1.154193e-17
1.021960e+02 1.100569e-17 1.100569e-17
1.022960e+02 1.047281e-17 1.047281e-17
1.023960e+02 9.940068e-18 9.940068e-18
1.024960e+02 9.418965e-18 9.418965e-18
1.025960e+02 8.898341e-18 8.898341e-18
1.026960e+02 8.396504e-18 8.396504e-18
1.027960e+02 7.895439e-18 7.895439e-18
1.028960e+02 7.419063e-18 7.419063e-18
1.029960e+02 6.943702e-18 6.943702e-18
1.030960e+02 6.497629e-18 6.497629e-18
1.031960e+02 6.052760e-18 6.052760e-18
1.032960e+02 5.640479e-18 5.640479e-18
1.033960e+02 5.229539e-18 5.229539e-18
1.034960e+02 4.853247e-18 4.853247e-18
1.035960e+02 4.478380e-18 4.478380e-18
1.036960e+02 4.139082e-18 4.139082e-18
1.037960e+02 3.801247e-18 3.801247e-18
1.038960e+02 3.498895e-18 3.498895e-18
1.039960e+02 3.198002e-18 3.198002e-18
1.040960e+02 2.931656e-18 2.931656e-18
1.041960e+02 2.666730e-18 2.666730e-18
1.042960e+02 2.434727e-18 2.434727e-18
1.043960e+02 2.204078e-18 2.204078e-18
1.044960e+02 2.004208e-18 2.004208e-18
1.045960e+02 1.805604e-18 1.805604e-18
1.046960e+02 1.635274e-18 1.635274e-18
1.047960e+02 1.466107e-18 1.466107e-18
1.048960e+02 1.322493e-18 1.322493e-18
1.049960e+02 1.179930e-18 1.179930e-18
1.050960e+02 1.060111e-18 1.060111e-18
1.051960e+02 9.412278e-19 9.412278e-19
1.052960e+02 8.422959e-19 8.422959e-19
1.053960e+02 7.441848e-19 7.441848e-19
1.054960e+02 6.633352e-19 6.633352e-19
1.055960e+02 5.831959e-19 5.831959e-19
1.056960e+02 5.177935e-19 5.177935e-19
1.057960e+02 4.529975e-19 4.529975e-19
1.058960e+02 4.006224e-19 4.006224e-19
1.059960e+02 3.487585e-19 3.487585e-19
1.060960e+02 3.072338e-19 3.072338e-19
1.061960e+02 2.661346e-19 2.661346e-19
1.062960e+02 2.335382e-19 2.335382e-19
1.063960e+02 2.012916e-19 2.012916e-19
1.064960e+02 1.759551e-19 1.759551e-19
1.065960e+02 1.509029e-19 1.509029e-19
1.066960e+02 1.314017e-19 1.314017e-19
1.067960e+02 1.121289e-19 1.121289e-19
1.068960e+02 9.726468e-20 9.726468e-20
1.069960e+02 8.258189e-20 8.258189e-20
1.070960e+02 7.136156e-20 7.136156e-20
1.071960e+02 6.028370e-20 6.028370e-20
1.072960e+02 5.189537e-20 5.189537e-20
1.073960e+02 4.361769e-20 4.361769e-20
1.074960e+02 3.740657e-20 3.740657e-20
1.075960e+02 3.128046e-20 3.128046e-20
1.076960e+02 2.672527e-20 2.672527e-20
1.077960e+02 2.223471e-20 2.223471e-20
1.078960e+02 1.892567e-20 1.892567e-20
1.079960e+02 1.566525e-20 1.566525e-20
1.080960e+02 1.328421e-20 1.328421e-20
1.081960e+02 1.093934e-20 1.093934e-20
1.082960e+02 9.242188e-21 9.242188e-21
1.083960e+02 7.571686e-21 7.571686e-21
1.084960e+02 6.373368e-21 6.373368e-21
1.085960e+02 5.194477e-21 5.194477e-21
1.086960e+02 4.356303e-21 4.356303e-21
1.087960e+02 3.532147e-21 3.532147e-21
1.088960e+02 2.951359e-21 2.951359e-21
1.089960e+02 2.380584e-21 2.380584e-21
1.090960e+02 1.981896e-21 1.981896e-21
1.091960e+02 1.590289e-21 1.590289e-21
1.092960e+02 1.319152e-21 1.319152e-21
1.093960e+02 1.052971e-21 1.052971e-21
1.094960e+02 8.702888e-22 8.702888e-22
1.095960e+02 6.910421e-22 6.910421e-22
1.096960e+02 5.690978e-22 5.690978e-22
1.097960e+02 4.495111e-22 4.495111e-22
1.098960e+02 3.688631e-22 3.688631e-22
1.099960e+02 2.898172e-22 2.898172e-22
1.100960e+02 2.369727e-22 2.369727e-22
1.101960e+02 1.852063e-22 1.852063e-22
1.102960e+02 1.508990e-22 1.508990e-22
1.103960e+02 1.173100e-22 1.173100e-22
1.104960e+02 9.524212e-23 9.524212e-23
1.105960e+02 7.364824e-23 7.364824e-23
1.106960e+02 5.958357e-23 5.958357e-23
1.107960e+02 4.582869e-23 4.582869e-23
1.108960e+02 3.694696e-23 3.694696e-23
1.109960e+02 2.826574e-23 2.826574e-23
1.110960e+02 2.270836e-23 2.270836e-23
1.111960e+02 1.727950e-23 1.727950e-23
1.112960e+02 1.383399e-23 1.383399e-23
1.113960e+02 1.047008e-23 1.047008e-23
1.114960e+02 8.353408e-24 8.353408e-24
1.115960e+02 6.288056e-24 6.288056e-24
1.116960e+02 4.999593e-24 4.999593e-24
1.117960e+02 3.743095e-24 3.743095e-24
1.118960e+02 2.965926e-24 2.965926e-24
1.119960e+02 2.208478e-24 2.208478e-24
1.120960e+02 1.743976e-24 1.743976e-24
1.121960e+02 1.291527e-24 1.291527e-24
1.122960e+02 1.016425e-24 1.016425e-24
1.123960e+02 7.486202e-25 7.486202e-25
1.124960e+02 5.871713e-25 5.871713e-25
1.125960e+02 4.300982e-25 4.300982e-25
1.126960e+02 3.362086e-25 3.362086e-25
1.127960e+02 2.449185e-25 2.449185e-25
1.128960e+02 1.908127e-25 1.908127e-25
1.129960e+02 1.382368e-25 1.382368e-25
1.130960e+02 1.073397e-25 1.073397e-25
1.131960e+02 7.733455e-26 7.733455e-26
1.132960e+02 5.985052e-26 5.985052e-26
1.133960e+02 4.288165e-26 4.288165e-26
1.134960e+02 3.307729e-26 3.307729e-26
1.135960e+02 2.356771e-26 2.356771e-26
1.136960e+02 1.811951e-26 1.811951e-26
1.137960e+02 1.283841e-26 1.283841e-26
1.138960e+02 1.161883e-26 1.161883e-26
1.139960e+02 1.056635e-26 1.056635e-26
1.140960e+02 9.513875e-27 9.513875e-27
1.141960e+02 8.461399e-27 8.461399e-27
1.142960e+02 7.408923e-27 7.408923e-27
1.143960e+02 6.356447e-27 6.356447e-27
1.144960e+02 5.303971e-27 5.303971e-27
1.145960e+02 4.251495e-27 4.251495e-27
1.146960e+02 3.199019e-27 3.199019e-27
1.147960e+02 2.146543e-27 2.146543e-27
1.148960e+02 1.094067e-27 1.094067e-27
1.149960e+02 4.159143e-29 4.159143e-29
1.150960e+02 0.000000e+00 0.000000e+00
1.181960e+02 0.000000e+00 0.000000e+00
1.182960e+02 6.823739e-21 6.823739e-21
1.183960e+02 1.392823e-20 1.392823e-20
1.184960e+02 2.212689e-20 2.212689e-20
1.185960e+02 3.037056e-20 3.037056e-20
1.186960e+02 3.442247e-20 3.442247e-20
1.187960e+02 3.830191e-20 3.830191e-20
1.188960e+02 3.810967e-20 3.810967e-20
1.189960e+02 3.774992e-20 3.774992e-20
1.190960e+02 3.739016e-20 3.739016e-20
1.191960e+02 3.703040e-20 3.703040e-20
1.192960e+02 3.185867e-20 3.185867e-20
1.193960e+02 2.648895e-20 2.648895e-20
1.194960e+02 2.061384e-20 2.061384e-20
1.195960e+02 1.471793e-20 1.471793e-20
1.196960e+02 1.050116e-20 1.050116e-20
1.197960e+02 6.353479e-21 6.353479e-21
1.198960e+02 6.529567e-21 6.529567e-21
1.199960e+02 6.883550e-21 6.883550e-21
1.200960e+02 7.237533e-21 7.237533e-21
1.201960e+02 7.591515e-21 7.591515e-21
1.202960e+02 2.123287e-20 2.123287e-20
1.203960e+02 3.542092e-20 3.542092e-20
1.204960e+02 5.109368e-20 5.109368e-20
1.205960e+02 6.682753e-20 6.682753e-20
1.206960e+02 8.434353e-20 8.434353e-20
1.207960e+02 1.019328e-19 1.019328e-19
1.208960e+02 1.254924e-19 1.254924e-19
1.209960e+02 1.492975e-19 1.492975e-19
1.210960e+02 1.786376e-19 1.786376e-19
1.211960e+02 2.082053e-19 2.082053e-19
1.212960e+02 2.352656e-19 2.352656e-19
1.213960e+02 2.622227e-19 2.622227e-19
1.214960e+02 2.903650e-19 2.903650e-19
1.215960e+02 3.185561e-19 3.185561e-19
1.216960e+02 3.459701e-19 3.459701e-19
1.217960e+02 3.733522e-19 3.733522e-19
1.218960e+02 4.044630e-19 4.044630e-19
1.219960e+02 4.357272e-19 4.357272e-19
1.220960e+02 4.821010e-19 4.821010e-19
1.221960e+02 5.290964e-19 5.290964e-19
1.222960e+02 5.748195e-19 5.748195e-19
1.223960e+02 6.204902e-19 6.204902e-19
1.224960e+02 6.540224e-19 6.540224e-19
1.225960e+02 6.870551e-19 6.870551e-19
1.226960e+02 7.200878e-19 7.200878e-19
1.227960e+02 7.531205e-19 7.531205e-19
1.228960e+02 8.092123e-19 8.092123e-19
1.229960e+02 8.662528e-19 8.662528e-19
1.230960e+02 9.385552e-19 9.385552e-19
1.231960e+02 1.011486e-18 1.011486e-18
1.232960e+02 1.079334e-18 1.079334e-18
1.233960e+02 1.146973e-18 1.146973e-18
1.234960e+02 1.212126e-18 1.212126e-18
1.235960e+02 1.277176e-18 1.277176e-18
1.236960e+02 1.356024e-18 1.356024e-18
1.237960e+02 1.435441e-18 1.435441e-18
1.238960e+02 1.532874e-18 1.532874e-18
1.239960e+02 1.631048e-18 1.631048e-18
1.240960e+02 1.733852e-18 1.733852e-18
1.241960e+02 1.836847e-18 1.836847e-18
1.242960e+02 1.941393e-18 1.941393e-18
1.243960e+02 2.046003e-18 2.046003e-18
1.244960e+02 2.145030e-18 2.145030e-18
1.245960e+02 2.243827e-18 2.243827e-18
1.246960e+02 2.340951e-18 2.340951e-18
1.247960e+02 2.438006e-18 2.438006e-18
1.248960e+02 2.534554e-18 2.534554e-18
1.249960e+02 2.631081e-18 2.631081e-18
1.250960e+02 2.727440e-18 2.727440e-18
1.251960e+02 2.823791e-18 2.823791e-18
1.252960e+02 2.919838e-18 2.919838e-18
1.253960e+02 3.015873e-18 3.015873e-18
1.254960e+02 3.151776e-18 3.151776e-18
1.255960e+02 3.289320e-18 3.289320e-18
1.256960e+02 3.449537e-18 3.449537e-18
1.257960e+02 3.610687e-18 3.610687e-18
1.258960e+02 3.761088e-18 3.761088e-18
1.259960e+02 3.911047e-18 3.911047e-18
1.260960e+02 4.039943e-18 4.039943e-18
1.261960e+02 4.167972e-18 4.167972e-18
1.262960e+02 4.323810e-18 4.323810e-18
1.263960e+02 4.480792e-18 4.480792e-18
1.264960e+02 4.699874e-18 4.699874e-18
1.265960e+02 4.921512e-18 4.921512e-18
1.266960e+02 5.100720e-18 5.100720e-18
1.267960e+02 5.278181e-18 5.278181e-18
1.268960e+02 5.483455e-18 5.483455e-18
1.269960e+02 5.689873e-18 5.689873e-18
1.270960e+02 5.947997e-18 5.947997e-18
1.271960e+02 6.208249e-18 6.208249e-18
1.272960e+02 6.404843e-18 6.404843e-18
1.273960e+02 6.598819e-18 6.598819e-18
1.274960e+02 6.844977e-18 6.844977e-18
1.275960e+02 7.093282e-18 7.093282e-18
1.276960e+02 7.358480e-18 7.358480e-18
1.277960e+02 7.624372e-18 7.624372e-18
1.278960e+02 7.890264e-18 7.890264e-18
1.279960e+02 8.156156e-18 8.156156e-18
1.280960e+02 8.412999e-18 8.412999e-18
1.281960e+02 8.669470e-18 8.669470e-18
1.282960e+02 8.976823e-18 8.976823e-18
1.283960e+02 9.286269e-18 9.286269e-18
1.284960e+02 9.543202e-18 9.543202e-18
1.285960e+02 9.797975e-18 9.797975e-18
1.286960e+02 1.004242e-17 1.004242e-17
1.287960e+02 1.028645e-17 1.028645e-17
1.288960e+02 1.051178e-17 1.051178e-17
1.289960e+02 1.073635e-17 1.073635e-17
1.290960e+02 1.094927e-17 1.094927e-17
1.291960e+02 1.116171e-17 1.116171e-17
1.292960e+02 1.149933e-17 1.149933e-17
1.293960e+02 1.184209e-17 1.184209e-17
1.294960e+02 1.215675e-17 1.215675e-17
1.295960e+02 1.247024e-17 1.247024e-17
1.296960e+02 1.274410e-17 1.274410e-17
1.297960e+02 1.301632e-17 1.301632e-17
1.298960e+02 1.323418e-17 1.323418e-17
1.299960e+02 1.344981e-17 1.344981e-17
1.300960e+02 1.368555e-17 1.368555e-17
1.301960e+02 1.392213e-17 1.392213e-17
1.302960e+02 1.419055e-17 1.419055e-17
1.303960e+02 1.446028e-17 1.446028e-17
1.304960e+02 1.472493e-17 1.472493e-17
1.305960e+02 1.498937e-17 1.498937e-17
1.306960e+02 1.514648e-17 1.514648e-17
1.307960e+02 1.529917e-17 1.529917e-17
1.308960e+02 1.546396e-17 1.546396e-17
1.309960e+02 1.562926e-17 1.562926e-17
1.310960e+02 1.576723e-17 1.576723e-17
1.311960e+02 1.590407e-17 1.590407e-17
1.312960e+02 1.597628e-17 1.597628e-17
1.313960e+02 1.604583e-17 1.604583e-17
1.314960e+02 1.611911e-17 1.611911e-17
1.315960e+02 1.619254e-17 1.619254e-17
1.316960e+02 1.621703e-17 1.621703e-17
1.317960e+02 1.623951e-17 1.623951e-17
1.318960e+02 1.622059e-17 1.622059e-17
1.319960e+02 1.619996e-17 1.619996e-17
1.320960e+02 1.614273e-17 1.614273e-17
1.321960e+02 1.608400e-17 1.608400e-17
1.322960e+02 1.600586e-17 1.600586e-17
1.323960e+02 1.592693e-17 1.592693e-17
1.324960e+02 1.581132e-17 1.581132e-17
1.325960e+02 1.569419e-17 1.569419e-17
1.326960e+02 1.555030e-17 1.555030e-17
1.327960e+02 1.540530e-17 1.540530e-17
1.328960e+02 1.521149e-17 1.521149e-17
1.329960e+02 1.501567e-17 1.501567e-17
1.330960e+02 1.495638e-17 1.495638e-17
1.331960e+02 1.490270e-17 1.490270e-17
1.332960e+02 1.463969e-17 1.463969e-17
1.333960e+02 1.436807e-17 1.436807e-17
1.334960e+02 1.398177e-17 1.398177e-17
1.335960e+02 1.359076e-17 1.359076e-17
1.336960e+02 1.344516e-17 1.344516e-17
1.337960e+02 1.330965e-17 1.330965e-17
1.338960e+02 1.301795e-17 1.301795e-17
1.339960e+02 1.271983e-17 1.271983e-17
1.340960e+02 1.246320e-17 1.246320e-17
1.341960e+02 1.220827e-17 1.220827e-17
1.342960e+02 1.195783e-17 1.195783e-17
1.343960e+02 1.170757e-17 1.170757e-17
1.344960e+02 1.149115e-17 1.149115e-17
1.345960e+02 1.127613e-17 1.127613e-17
1.346960e+02 1.110495e-17 1.110495e-17
1.347960e+02 1.093557e-17 1.093557e-17
1.348960e+02 1.080059e-17 1.080059e-17
1.349960e+02 1.066703e-17 1.066703e-17
1.350960e+02 1.047927e-17 1.047927e-17
1.351960e+02 1.028927e-17 1.028927e-17
1.352960e+02 1.014668e-17 1.014668e-17
1.353960e+02 1.000604e-17 1.000604e-17
1.354960e+02 9.878921e-18 9.878921e-18
1.355960e+02 9.752357e-18 9.752357e-18
1.356960e+02 9.653107e-18 9.653107e-18
1.357960e+02 9.554981e-18 9.554981e-18
1.358960e+02 9.457401e-18 9.457401e-18
1.359960e+02 9.359844e-18 9.359844e-18
1.360960e+02 9.282485e-18 9.282485e-18
1.361960e+02 9.205956e-18 9.205956e-18
1.362960e+02 9.138836e-18 9.138836e-18
1.363960e+02 9.072102e-18 9.072102e-18
1.364960e+02 9.005269e-18 9.005269e-18
1.365960e+02 8.938431e-18 8.938431e-18
1.366960e+02 8.875634e-18 8.875634e-18
1.367960e+02 8.813004e-18 8.813004e-18
1.368960e+02 8.781884e-18 8.781884e-18
1.369960e+02 8.752061e-18 8.752061e-18
1.370960e+02 8.720463e-18 8.720463e-18
1.371960e+02 8.688793e-18 8.688793e-18
1.372960e+02 8.665359e-18 8.665359e-18
1.373960e+02 8.642264e-18 8.642264e-18
1.374960e+02 8.618278e-18 8.618278e-18
1.375960e+02 8.594254e-18 8.594254e-18
1.376960e+02 8.579502e-18 8.579502e-18
1.377960e+02 8.565131e-18 8.565131e-18
1.378960e+02 8.543140e-18 8.543140e-18
1.379960e+02 8.520835e-18 8.520835e-18
1.380960e+02 8.503833e-18 8.503833e-18
1.381960e+02 8.487050e-18 8.487050e-18
1.382960e+02 8.487731e-18 8.487731e-18
1.383960e+02 8.489131e-18 8.489131e-18
1.384960e+02 8.491231e-18 8.491231e-18
1.385960e+02 8.493361e-18 8.493361e-18
1.386960e+02 8.510233e-18 8.510233e-18
1.387960e+02 8.527712e-18 8.527712e-18
1.388960e+02 8.529242e-18 8.529242e-18
1.389960e+02 8.530116e-18 8.530116e-18
1.390960e+02 8.535566e-18 8.535566e-18
1.391960e+02 8.541205e-18 8.541205e-18
1.392960e+02 8.550201e-18 8.550201e-18
1.393960e+02 8.559334e-18 8.559334e-18
1.394960e+02 8.568642e-18 8.568642e-18
1.395960e+02 8.577957e-18 8.577957e-18
1.396960e+02 8.590367e-18 8.590367e-18
1.397960e+02 8.602905e-18 8.602905e-18
1.398960e+02 8.604049e-18 8.604049e-18
1.399960e+02 8.604724e-18 8.604724e-18
1.400960e+02 8.607165e-18 8.607165e-18
1.401960e+02 8.609679e-18 8.609679e-18
1.402960e+02 8.615846e-18 8.615846e-18
1.403960e+02 8.622163e-18 8.622163e-18
1.404960e+02 8.616925e-18 8.616925e-18
1.405960e+02 8.611212e-18 8.611212e-18
1.406960e+02 8.605499e-18 8.605499e-18
1.407960e+02 8.599786e-18 8.599786e-18
1.408960e+02 8.598972e-18 8.598972e-18
1.409960e+02 8.598359e-18 8.598359e-18
1.410960e+02 8.586890e-18 8.586890e-18
1.411960e+02 8.574975e-18 8.574975e-18
1.412960e+02 8.563060e-18 8.563060e-18
1.413960e+02 8.551145e-18 8.551145e-18
1.414960e+02 8.539355e-18 8.539355e-18
1.415960e+02 8.527571e-18 8.527571e-18
1.416960e+02 8.498915e-18 8.498915e-18
1.417960e+02 8.469565e-18 8.469565e-18
1.418960e+02 8.434597e-18 8.434597e-18
1.419960e+02 8.399399e-18 8.399399e-18
1.420960e+02 8.367205e-18 8.367205e-18
1.421960e+02 8.335135e-18 8.335135e-18
1.422960e+02 8.311488e-18 8.311488e-18
1.423960e+02 8.288188e-18 8.288188e-18
1.424960e+02 8.252659e-18 8.252659e-18
1.425960e+02 8.216628e-18 8.216628e-18
1.426960e+02 8.180596e-18 8.180596e-18
1.427960e+02 8.144565e-18 8.144565e-18
1.428960e+02 8.103470e-18 8.103470e-18
1.429960e+02 8.062168e-18 8.062168e-18
1.430960e+02 8.006170e-18 8.006170e-18
1.431960e+02 7.949568e-18 7.949568e-18
1.432960e+02 7.885794e-18 7.885794e-18
1.433960e+02 7.821725e-18 7.821725e-18
1.434960e+02 7.755237e-18 7.755237e-18
1.435960e+02 7.688649e-18 7.688649e-18
1.436960e+02 7.612664e-18 7.612664e-18
1.437960e+02 7.536292e-18 7.536292e-18
1.438960e+02 7.459919e-18 7.459919e-18
1.439960e+02 7.383547e-18 7.383547e-18
1.440960e+02 7.315749e-18 7.315749e-18
1.441960e+02 7.248304e-18 7.248304e-18
1.442960e+02 7.172725e-18 7.172725e-18
1.443960e+02 7.096812e-18 7.096812e-18
1.444960e+02 7.021095e-18 7.021095e-18
1.445960e+02 6.945386e-18 6.945386e-18
1.446960e+02 6.878329e-18 6.878329e-18
1.447960e+02 6.811628e-18 6.811628e-18
1.448960e+02 6.745665e-18 6.745665e-18
1.449960e+02 6.679733e-18 6.679733e-18
1.450960e+02 6.594929e-18 6.594929e-18
1.451960e+02 6.509349e-18 6.509349e-18
1.452960e+02 6.415588e-18 6.415588e-18
1.453960e+02 6.321491e-18 6.321491e-18
1.454960e+02 6.227394e-18 6.227394e-18
1.455960e+02 6.133297e-18 6.133297e-18
1.456960e+02 6.035658e-18 6.035658e-18
1.457960e+02 5.937873e-18 5.937873e-18
1.458960e+02 5.839941e-18 5.839941e-18
1.459960e+02 5.742002e-18 5.742002e-18
1.460960e+02 5.654310e-18 5.654310e-18
1.461960e+02 5.567040e-18 5.567040e-18
1.462960e+02 5.479740e-18 5.479740e-18
1.463960e+02 5.392440e-18 5.392440e-18
1.464960e+02 5.296002e-18 5.296002e-18
1.465960e+02 5.199188e-18 5.199188e-18
1.466960e+02 5.111848e-18 5.111848e-18
1.467960e+02 5.024897e-18 5.024897e-18
1.468960e+02 4.947949e-18 4.947949e-18
1.469960e+02 4.871411e-18 4.871411e-18
1.470960e+02 4.794655e-18 4.794655e-18
1.471960e+02 4.717890e-18 4.717890e-18
1.472960e+02 4.631876e-18 4.631876e-18
1.473960e+02 4.545481e-18 4.545481e-18
1.474960e+02 4.454485e-18 4.454485e-18
1.475960e+02 4.363299e-18 4.363299e-18
1.476960e+02 4.286859e-18 4.286859e-18
1.477960e+02 4.211026e-18 4.211026e-18
1.478960e+02 4.133443e-18 4.133443e-18
1.479960e+02 4.055787e-18 4.055787e-18
1.480960e+02 3.975466e-18 3.975466e-18
1.481960e+02 3.895034e-18 3.895034e-18
1.482960e+02 3.811252e-18 3.811252e-18
1.483960e+02 3.727332e-18 3.727332e-18
1.484960e+02 3.637604e-18 3.637604e-18
1.485960e+02 3.547637e-18 3.547637e-18
1.486960e+02 3.465000e-18 3.465000e-18
1.487960e+02 3.382663e-18 3.382663e-18
1.488960e+02 3.311051e-18 3.311051e-18
1.489960e+02 3.239880e-18 3.239880e-18
1.490960e+02 3.167384e-18 3.167384e-18
1.491960e+02 3.094834e-18 3.094834e-18
1.492960e+02 3.022649e-18 3.022649e-18
1.493960e+02 2.950478e-18 2.950478e-18
1.494960e+02 2.881411e-18 2.881411e-18
1.495960e+02 2.812472e-18 2.812472e-18
1.496960e+02 2.745460e-18 2.745460e-18
1.497960e+02 2.678527e-18 2.678527e-18
1.498960e+02 2.609903e-18 2.609903e-18
1.499960e+02 2.541209e-18 2.541209e-18
1.500960e+02 2.478348e-18 2.478348e-18
1.501960e+02 2.415726e-18 2.415726e-18
1.502960e+02 2.366455e-18 2.366455e-18
1.503960e+02 2.317732e-18 2.317732e-18
1.504960e+02 2.269009e-18 2.269009e-18
1.505960e+02 2.220285e-18 2.220285e-18
1.506960e+02 2.159378e-18 2.159378e-18
1.507960e+02 2.097970e-18 2.097970e-18
1.508960e+02 2.033489e-18 2.033489e-18
1.509960e+02 1.968881e-18 1.968881e-18
1.510960e+02 1.904815e-18 1.904815e-18
1.511960e+02 1.840772e-18 1.840772e-18
1.512960e+02 1.799592e-18 1.799592e-18
1.513960e+02 1.759352e-18 1.759352e-18
1.514960e+02 1.719112e-18 1.719112e-18
1.515960e+02 1.678873e-18 1.678873e-18
1.516960e+02 1.638031e-18 1.638031e-18
1.517960e+02 1.597165e-18 1.597165e-18
1.518960e+02 1.556082e-18 1.556082e-18
1.519960e+02 1.514991e-18 1.514991e-18
1.520960e+02 1.473900e-18 1.473900e-18
1.521960e+02 1.432809e-18 1.432809e-18
1.522960e+02 1.395665e-18 1.395665e-18
1.523960e+02 1.358683e-18 1.358683e-18
1.524960e+02 1.322990e-18 1.322990e-18
1.525960e+02 1.287351e-18 1.287351e-18
1.526960e+02 1.251712e-18 1.251712e-18
1.527960e+02 1.216073e-18 1.216073e-18
1.528960e+02 1.182332e-18 1.182332e-18
1.529960e+02 1.148669e-18 1.148669e-18
1.530960e+02 1.119081e-18 1.119081e-18
1.531960e+02 1.089660e-18 1.089660e-18
1.532960e+02 1.060239e-18 1.060239e-18
1.533960e+02 1.030817e-18 1.030817e-18
1.534960e+02 1.001396e-18 1.001396e-18
1.535960e+02 9.719754e-19 9.719754e-19
1.536960e+02 9.475596e-19 9.475596e-19
1.537960e+02 9.233498e-19 9.233498e-19
1.538960e+02 8.999979e-19 8.999979e-19
1.539960e+02 8.766813e-19 8.766813e-19
1.540960e+02 8.539962e-19 8.539962e-19
1.541960e+02 8.313371e-19 8.313371e-19
1.542960e+02 8.107240e-19 8.107240e-19
1.543960e+02 7.901951e-19 7.901951e-19
1.544960e+02 7.696663e-19 7.696663e-19
1.545960e+02 7.491374e-19 7.491374e-19
1.546960e+02 7.286085e-19 7.286085e-19
1.547960e+02 7.080796e-19 7.080796e-19
1.548960e+02 6.869163e-19 6.869163e-19
1.549960e+02 6.657269e-19 6.657269e-19
1.550960e+02 6.428735e-19 6.428735e-19
1.551960e+02 6.199516e-19 6.199516e-19
1.552960e+02 5.970297e-19 5.970297e-19
1.553960e+02 5.741078e-19 5.741078e-19
1.554960e+02 5.557980e-19 5.557980e-19
1.555960e+02 5.376780e-19 5.376780e-19
1.556960e+02 5.224685e-19 5.224685e-19
1.557960e+02 5.073788e-19 5.073788e-19
1.558960e+02 4.922890e-19 4.922890e-19
1.559960e+02 4.771993e-19 4.771993e-19
1.560960e+02 4.621095e-19 4.621095e-19
1.561960e+02 4.470198e-19 4.470198e-19
1.562960e+02 4.320176e-19 4.320176e-19
1.563960e+02 4.170190e-19 4.170190e-19
1.564960e+02 4.020821e-19 4.020821e-19
1.565960e+02 3.871477e-19 3.871477e-19
1.566960e+02 3.722134e-19 3.722134e-19
1.567960e+02 3.572790e-19 3.572790e-19
1.568960e+02 3.423446e-19 3.423446e-19
1.569960e+02 3.274103e-19 3.274103e-19
1.570960e+02 3.155371e-19 3.155371e-19
1.571960e+02 3.037900e-19 3.037900e-19
1.572960e+02 2.948873e-19 2.948873e-19
1.573960e+02 2.861016e-19 2.861016e-19
1.574960e+02 2.773159e-19 2.773159e-19
1.575960e+02 2.685302e-19 2.685302e-19
1.576960e+02 2.597445e-19 2.597445e-19
1.577960e+02 2.509589e-19 2.509589e-19
1.578960e+02 2.421732e-19 2.421732e-19
1.579960e+02 2.333875e-19 2.333875e-19
1.580960e+02 1.921960e-19 1.921960e-19
1.581960e+02 1.496711e-19 1.496711e-19
1.582960e+02 1.272244e-19 1.272244e-19
1.583960e+02 1.056038e-19 1.056038e-19
1.584960e+02 1.006888e-19 1.006888e-19
1.585960e+02 9.646100e-20 9.646100e-20
1.586960e+02 9.223325e-20 9.223325e-20
1.587960e+02 8.800549e-20 8.800549e-20
1.588960e+02 8.377774e-20 8.377774e-20
1.589960e+02 7.954998e-20 7.954998e-20
1.590960e+02 7.532223e-20 7.532223e-20
1.591960e+02 7.109447e-20 7.109447e-20
1.592960e+02 6.647474e-20 6.647474e-20
1.593960e+02 6.183888e-20 6.183888e-20
1.594960e+02 5.717366e-20 5.717366e-20
1.595960e+02 5.250723e-20 5.250723e-20
1.596960e+02 4.784080e-20 4.784080e-20
1.597960e+02 4.317437e-20 4.317437e-20
1.598960e+02 3.850794e-20 3.850794e-20
1.599960e+02 3.384151e-20 3.384151e-20
1.600960e+02 3.578536e-20 3.578536e-20
1.601960e+02 3.800118e-20 3.800118e-20
1.602960e+02 4.290893e-20 4.290893e-20
1.603960e+02 4.792744e-20 4.792744e-20
1.604960e+02 5.294594e-20 5.294594e-20
1.605960e+02 5.796445e-20 5.796445e-20
1.606960e+02 6.298296e-20 6.298296e-20
1.607960e+02 6.800146e-20 6.800146e-20
1.608960e+02 7.092996e-20 7.092996e-20
1.609960e+02 7.377247e-20 7.377247e-20
1.610960e+02 7.407257e-20 7.407257e-20
1.611960e+02 7.426806e-20 7.426806e-20
1.612960e+02 7.446355e-20 7.446355e-20
1.613960e+02 7.465905e-20 7.465905e-20
1.614960e+02 7.485454e-20 7.485454e-20
1.615960e+02 7.505003e-20 7.505003e-20
1.616960e+02 7.524552e-20 7.524552e-20
1.617960e+02 7.544102e-20 7.544102e-20
1.618960e+02 7.563504e-20 7.563504e-20
1.619960e+02 7.582901e-20 7.582901e-20
1.620960e+02 7.602223e-20 7.602223e-20
1.621960e+02 7.621542e-20 7.621542e-20
1.622960e+02 7.640861e-20 7.640861e-20
1.623960e+02 7.660180e-20 7.660180e-20
1.624960e+02 7.679499e-20 7.679499e-20
1.625960e+02 7.698818e-20 7.698818e-20
1.626960e+02 7.718137e-20 7.718137e-20
1.627960e+02 7.737456e-20 7.737456e-20
1.628960e+02 7.756594e-20 7.756594e-20
1.629960e+02 7.775725e-20 7.775725e-20
1.630960e+02 7.794816e-20 7.794816e-20
1.631960e+02 7.813905e-20 7.813905e-20
1.632960e+02 7.832994e-20 7.832994e-20
1.633960e+02 7.852083e-20 7.852083e-20
1.634960e+02 7.871172e-20 7.871172e-20
1.635960e+02 7.890261e-20 7.890261e-20
1.636960e+02 7.909350e-20 7.909350e-20
1.637960e+02 7.928439e-20 7.928439e-20
1.638960e+02 7.585176e-20 7.585176e-20
1.639960e+02 7.227005e-20 7.227005e-20
1.640960e+02 6.833902e-20 6.833902e-20
1.641960e+02 6.439361e-20 6.439361e-20
1.642960e+02 6.044821e-20 6.044821e-20
1.643960e+02 5.650280e-20 5.650280e-20
1.644960e+02 5.255740e-20 5.255740e-20
1.645960e+02 4.861199e-20 4.861199e-20
1.646960e+02 4.466659e-20 4.466659e-20
1.647960e+02 4.072118e-20 4.072118e-20
1.648960e+02 1.410159e-19 1.410159e-19
1.649960e+02 2.455994e-19 2.455994e-19
1.650960e+02 1.298006e-19 1.298006e-19
1.651960e+02 4.934423e-21 4.934423e-21
1.652960e+02 0.000000e+00 0.000000e+00
1.697960e+02 0.000000e+00 0.000000e+00
2.584960e+02 2.017940e-30 1.008970e-30
2.585960e+02 3.197609e-30 1.598805e-30
2.586960e+02 4.932228e-30 2.466114e-30
2.587960e+02 7.420951e-30 3.710476e-30
2.588960e+02 1.174705e-29 5.873524e-30
2.589960e+02 1.818893e-29 9.094465e-30
2.590960e+02 2.745065e-29 1.372533e-29
2.591960e+02 4.070002e-29 2.035001e-29
2.592960e+02 6.288597e-29 3.144299e-29
2.593960e+02 9.512269e-29 4.756135e-29
2.594960e+02 1.404124e-28 7.020620e-29
2.595960e+02 2.053924e-28 1.026962e-28
2.596960e+02 3.097341e-28 1.548670e-28
2.597960e+02 4.576300e-28 2.288150e-28
2.598960e+02 6.605894e-28 3.302947e-28
2.599960e+02 9.541039e-28 4.770519e-28
2.600960e+02 1.404238e-27 7.021188e-28
2.601960e+02 2.026541e-27 1.013270e-27
2.602960e+02 2.860590e-27 1.430295e-27
2.603960e+02 4.081347e-27 2.040673e-27
2.604960e+02 5.863051e-27 2.931525e-27
2.605960e+02 8.265562e-27 4.132781e-27
2.606960e+02 1.141060e-26 5.705302e-27
2.607960e+02 1.608410e-26 8.042052e-27
2.608960e+02 2.255636e-26 1.127818e-26
2.609960e+02 3.107050e-26 1.553525e-26
2.610960e+02 4.199111e-26 2.099555e-26
2.611960e+02 5.842317e-26 2.921158e-26
2.612960e+02 8.000751e-26 4.000375e-26
2.613960e+02 1.077184e-25 5.385922e-26
2.614960e+02 1.441024e-25 7.205121e-26
2.615960e+02 1.957061e-25 9.785307e-26
2.616960e+02 2.618134e-25 1.309067e-25
2.617960e+02 3.446957e-25 1.723478e-25
2.618960e+02 4.561470e-25 2.280735e-25
2.619960e+02 6.049564e-25 3.024782e-25
2.620960e+02 7.909901e-25 3.954951e-25
2.621960e+02 1.018964e-24 5.094818e-25
2.622960e+02 1.332659e-24 6.663297e-25
2.623960e+02 1.726836e-24 8.634178e-25
2.624960e+02 2.208134e-24 1.104067e-24
2.625960e+02 2.804550e-24 1.402275e-24
2.626960e+02 3.595969e-24 1.797984e-24
2.627960e+02 4.555483e-24 2.277741e-24
2.628960e+02 5.701026e-24 2.850513e-24
2.629960e+02 7.156341e-24 3.578171e-24
2.630960e+02 8.968942e-24 4.484471e-24
2.631960e+02 1.111647e-23 5.558233e-24
2.632960e+02 1.362983e-23 6.814914e-24
2.633960e+02 1.688167e-23 8.440836e-24
2.634960e+02 2.069604e-23 1.034802e-23
2.635960e+02 2.511781e-23 1.255891e-23
2.636960e+02 3.041815e-23 1.520908e-23
2.637960e+02 3.684953e-23 1.842477e-23
2.638960e+02 4.422721e-23 2.211360e-23
2.639960e+02 5.260750e-23 2.630375e-23
2.640960e+02 6.282627e-23 3.141314e-23
2.641960e+02 7.450444e-23 3.725222e-23
2.642960e+02 8.762343e-23 4.381172e-23
2.643960e+02 1.026666e-22 5.133330e-23
2.644960e+02 1.202171e-22 6.010855e-23
2.645960e+02 1.396836e-22 6.984179e-23
2.646960e+02 1.611292e-22 8.056459e-23
2.647960e+02 1.859655e-22 9.298277e-23
2.648960e+02 2.133525e-22 1.066763e-22
2.649960e+02 2.431224e-22 1.215612e-22
2.650960e+02 2.759856e-22 1.379928e-22
2.651960e+02 3.124972e-22 1.562486e-22
2.652960e+02 3.516012e-22 1.758006e-22
2.653960e+02 3.933023e-22 1.966512e-22
2.654960e+02 4.392186e-22 2.196093e-22
2.655960e+02 4.877508e-22 2.438754e-22
2.656960e+02 5.386909e-22 2.693454e-22
2.657960e+02 5.926967e-22 2.963483e-22
2.658960e+02 6.494480e-22 3.247240e-22
2.659960e+02 7.079715e-22 3.539857e-22
2.660960e+02 7.682215e-22 3.841107e-22
2.661960e+02 8.304457e-22 4.152228e-22
2.662960e+02 8.933429e-22 4.466714e-22
2.663960e+02 9.567413e-22 4.783707e-22
2.664960e+02 1.020184e-21 5.100918e-22
2.665960e+02 1.082831e-21 5.414156e-22
2.666960e+02 1.144474e-21 5.722368e-22
2.667960e+02 1.204460e-21 6.022300e-22
2.668960e+02 1.261302e-21 6.306511e-22
2.669960e+02 1.315506e-21 6.577531e-22
2.670960e+02 1.366893e-21 6.834465e-22
2.671960e+02 1.412340e-21 7.061698e-22
2.672960e+02 1.453544e-21 7.267722e-22
2.673960e+02 1.490509e-21 7.452543e-22
2.674960e+02 1.520698e-21 7.603488e-22
2.675960e+02 1.544392e-21 7.721962e-22
2.676960e+02 1.562895e-21 7.814475e-22
2.677960e+02 1.574829e-21 7.874146e-22
2.678960e+02 1.578359e-21 7.891795e-22
2.679960e+02 1.576399e-21 7.881994e-22
2.680960e+02 1.568913e-21 7.844567e-22
2.681960e+02 1.551962e-21 7.759809e-22
2.682960e+02 1.529928e-21 7.649638e-22
2.683960e+02 1.502908e-21 7.514541e-22
2.684960e+02 1.468517e-21 7.342584e-22
2.685960e+02 1.429083e-21 7.145413e-22
2.686960e+02 1.385737e-21 6.928684e-22
2.687960e+02 1.337473e-21 6.687366e-22
2.688960e+02 1.285074e-21 6.425370e-22
2.689960e+02 1.230193e-21 6.150963e-22
2.690960e+02 1.172675e-21 5.863376e-22
2.691960e+02 1.112699e-21 5.563495e-22
2.692960e+02 1.051761e-21 5.258807e-22
2.693960e+02 9.899880e-22 4.949940e-22
2.694960e+02 9.278867e-22 4.639433e-22
2.695960e+02 8.661926e-22 4.330963e-22
2.696960e+02 8.049952e-22 4.024976e-22
2.697960e+02 7.453585e-22 3.726792e-22
2.698960e+02 6.873238e-22 3.436619e-22
2.699960e+02 6.307792e-22 3.153896e-22
2.700960e+02 5.768619e-22 2.884310e-22
2.701960e+02 5.255958e-22 2.627979e-22
2.702960e+02 4.764127e-22 2.382063e-22
2.703960e+02 4.302276e-22 2.151138e-22
2.704960e+02 3.874171e-22 1.937085e-22
2.705960e+02 3.469039e-22 1.734520e-22
2.706960e+02 3.092637e-22 1.546319e-22
2.707960e+02 2.753181e-22 1.376591e-22
2.708960e+02 2.435856e-22 1.217928e-22
2.709960e+02 2.143144e-22 1.071572e-22
2.710960e+02 1.886749e-22 9.433745e-23
2.711960e+02 1.649706e-22 8.248532e-23
2.712960e+02 1.432044e-22 7.160222e-23
2.713960e+02 1.247134e-22 6.235669e-23
2.714960e+02 1.077881e-22 5.389403e-23
2.715960e+02 9.240585e-23 4.620292e-23
2.716960e+02 7.953000e-23 3.976500e-23
2.717960e+02 6.795806e-23 3.397903e-23
2.718960e+02 5.755361e-23 2.877680e-23
2.719960e+02 4.894078e-23 2.447039e-23
2.720960e+02 4.135386e-23 2.067693e-23
2.721960e+02 3.460131e-23 1.730065e-23
2.722960e+02 2.906965e-23 1.453483e-23
2.723960e+02 2.429380e-23 1.214690e-23
2.724960e+02 2.008400e-23 1.004200e-23
2.725960e+02 1.667052e-23 8.335258e-24
2.726960e+02 1.378097e-23 6.890487e-24
2.727960e+02 1.125733e-23 5.628663e-24
2.728960e+02 9.232385e-24 4.616192e-24
2.729960e+02 7.550421e-24 3.775211e-24
2.730960e+02 6.094474e-24 3.047237e-24
2.731960e+02 4.939162e-24 2.469581e-24
2.732960e+02 3.996418e-24 1.998209e-24
2.733960e+02 3.187421e-24 1.593710e-24
2.734960e+02 2.553224e-24 1.276612e-24
2.735960e+02 2.043998e-24 1.021999e-24
2.736960e+02 1.610751e-24 8.053754e-25
2.737960e+02 1.275688e-24 6.378440e-25
2.738960e+02 1.010413e-24 5.052064e-25
2.739960e+02 7.866532e-25 3.933266e-25
2.740960e+02 6.162308e-25 3.081154e-25
2.741960e+02 4.828617e-25 2.414308e-25
2.742960e+02 3.713469e-25 1.856734e-25
2.743960e+02 2.878774e-25 1.439387e-25
2.744960e+02 2.231228e-25 1.115614e-25
2.745960e+02 1.694681e-25 8.473405e-26
2.746960e+02 1.300933e-25 6.504663e-26
2.747960e+02 9.971226e-26 4.985613e-26
2.748960e+02 7.477759e-26 3.738880e-26
2.749960e+02 5.688483e-26 2.844242e-26
2.750960e+02 4.310371e-26 2.155185e-26
2.751960e+02 3.190704e-26 1.595352e-26
2.752960e+02 2.407326e-26 1.203663e-26
2.753960e+02 1.802649e-26 9.013246e-27
2.754960e+02 1.316681e-26 6.583407e-27
2.755960e+02 9.861894e-27 4.930947e-27
2.756960e+02 7.294517e-27 3.647258e-27
2.757960e+02 5.255241e-27 2.627621e-27
2.758960e+02 3.911550e-27 1.955775e-27
2.759960e+02 2.856385e-27 1.428192e-27
2.760960e+02 2.028855e-27 1.014427e-27
2.761960e+02 1.502312e-27 7.511557e-28
2.762960e+02 1.082443e-27 5.412211e-28
2.763960e+02 7.576612e-28 3.788298e-28
2.764960e+02 5.587749e-28 2.793861e-28
2.765960e+02 3.969951e-28 1.984952e-28
2.766960e+02 2.764327e-28 1.382128e-28
2.767960e+02 2.012894e-28 1.006387e-28
2.768960e+02 1.409317e-28 7.045602e-29
2.769960e+02 9.783801e-29 4.890380e-29
2.770960e+02 7.026803e-29 3.510847e-29
2.771960e+02 4.848704e-29 2.420305e-29
2.772960e+02 3.367419e-29 1.677423e-29
2.773960e+02 2.392935e-29 1.186118e-29
2.774960e+02 1.641305e-29 8.046084e-30
2.775960e+02 1.165489e-29 5.577179e-30
2.776960e+02 8.568075e-30 3.880400e-30
2.777960e+02 6.401087e-30 2.588375e-30
2.778960e+02 5.513697e-30 1.797201e-30
2.779960e+02 5.489901e-30 1.229147e-30
