# NO cross sections
# From the Leiden database for photodissociation and photoionization of astrophysically relevant molecules, http://home.strw.leidenuniv.nl/~ewine/photo/
# File last modified by Alan Heays 2017-03-01
# references: chan1993c 10.1016/0301-0104(93)80097-S, watanabe1967 10.1364/AO.6.000391, watanabe1967_erratum 10.1364/AO.6.001220, iida1986 10.1016/0301-0104(86)80070-2, yoshino2006 10.1063/1.2138029,
# no info on lines
# wavelength: (nm)
# photoabsorption   -- Photoabsorption cross section (cm2)
# photodissociation -- Photodissociation cross section (cm2)
# This version has been resampled to a uniform 0.1nm grid while maintaining a constant integrated cross section (using trapezoidal integration).
# wavelength photoabsorption photodissociation
5.772500e+01 2.434838e-17 6.293259e-20
5.782500e+01 2.418441e-17 3.146630e-19
5.792500e+01 2.402044e-17 5.663933e-19
5.802500e+01 2.385647e-17 8.181237e-19
5.812500e+01 2.369250e-17 1.069854e-18
5.822500e+01 2.352854e-17 1.321584e-18
5.832500e+01 2.336457e-17 1.573315e-18
5.842500e+01 2.320060e-17 1.825045e-18
5.852500e+01 2.366030e-17 1.957230e-18
5.862500e+01 2.415283e-17 2.083123e-18
5.872500e+01 2.464536e-17 2.209016e-18
5.882500e+01 2.513789e-17 2.334909e-18
5.892500e+01 2.563042e-17 2.460802e-18
5.902500e+01 2.569772e-17 2.435141e-18
5.912500e+01 2.553606e-17 2.327873e-18
5.922500e+01 2.537440e-17 2.220606e-18
5.932500e+01 2.521274e-17 2.113338e-18
5.942500e+01 2.505108e-17 2.006070e-18
5.952500e+01 2.488942e-17 1.898803e-18
5.962500e+01 2.472775e-17 1.791535e-18
5.972500e+01 2.456609e-17 1.684268e-18
5.982500e+01 2.440443e-17 1.577000e-18
5.992500e+01 2.424277e-17 1.469733e-18
6.002500e+01 2.408111e-17 1.362465e-18
6.012500e+01 2.391945e-17 1.255198e-18
6.022500e+01 2.391924e-17 1.240033e-18
6.032500e+01 2.394752e-17 1.241122e-18
6.042500e+01 2.397580e-17 1.242211e-18
6.052500e+01 2.400408e-17 1.243300e-18
6.062500e+01 2.403237e-17 1.244390e-18
6.072500e+01 2.406065e-17 1.245479e-18
6.082500e+01 2.408893e-17 1.246568e-18
6.092500e+01 2.411721e-17 1.247657e-18
6.102500e+01 2.414549e-17 1.248746e-18
6.112500e+01 2.417377e-17 1.249835e-18
6.122500e+01 2.420206e-17 1.250924e-18
6.132500e+01 2.423034e-17 1.252013e-18
6.142500e+01 2.425862e-17 1.253102e-18
6.152500e+01 2.428690e-17 1.254191e-18
6.162500e+01 2.419276e-17 1.180084e-18
6.172500e+01 2.403270e-17 1.065486e-18
6.182500e+01 2.387265e-17 9.508884e-19
6.192500e+01 2.371259e-17 8.362906e-19
6.202500e+01 2.355253e-17 7.216929e-19
6.212500e+01 2.339247e-17 6.070952e-19
6.222500e+01 2.323241e-17 4.924974e-19
6.232500e+01 2.301921e-17 4.603842e-19
6.242500e+01 2.278829e-17 4.557658e-19
6.252500e+01 2.255737e-17 4.511474e-19
6.262500e+01 2.232645e-17 4.465290e-19
6.272500e+01 2.209553e-17 4.419106e-19
6.282500e+01 2.186461e-17 4.372922e-19
6.292500e+01 2.163369e-17 4.326738e-19
6.302500e+01 2.140277e-17 4.280554e-19
6.312500e+01 2.117185e-17 4.234370e-19
6.322500e+01 2.094093e-17 4.188186e-19
6.332500e+01 2.094344e-17 4.839280e-19
6.342500e+01 2.102376e-17 5.722800e-19
6.352500e+01 2.110408e-17 6.606320e-19
6.362500e+01 2.118440e-17 7.489840e-19
6.372500e+01 2.126472e-17 8.373360e-19
6.382500e+01 2.134504e-17 9.256880e-19
6.392500e+01 2.142536e-17 1.014040e-18
6.402500e+01 2.150568e-17 1.102392e-18
6.412500e+01 2.158600e-17 1.190744e-18
6.422500e+01 2.166632e-17 1.279096e-18
6.432500e+01 2.168640e-17 1.268654e-18
6.442500e+01 2.168640e-17 1.225282e-18
6.452500e+01 2.168640e-17 1.181909e-18
6.462500e+01 2.168640e-17 1.138536e-18
6.472500e+01 2.168640e-17 1.095163e-18
6.482500e+01 2.168640e-17 1.051790e-18
6.492500e+01 2.168640e-17 1.008418e-18
6.502500e+01 2.168640e-17 9.650448e-19
6.512500e+01 2.168640e-17 9.216720e-19
6.522500e+01 2.168640e-17 8.782992e-19
6.532500e+01 2.150216e-17 8.291651e-19
6.542500e+01 2.125650e-17 7.781107e-19
6.552500e+01 2.101084e-17 7.270562e-19
6.562500e+01 2.076518e-17 6.760017e-19
6.572500e+01 2.051952e-17 6.249473e-19
6.582500e+01 2.027386e-17 5.738928e-19
6.592500e+01 2.002820e-17 5.228383e-19
6.602500e+01 1.978254e-17 4.717839e-19
6.612500e+01 1.953688e-17 4.207294e-19
6.622500e+01 1.933893e-17 3.931107e-19
6.632500e+01 1.922958e-17 4.090157e-19
6.642500e+01 1.912024e-17 4.249206e-19
6.652500e+01 1.901089e-17 4.408256e-19
6.662500e+01 1.890154e-17 4.567305e-19
6.672500e+01 1.879220e-17 4.726355e-19
6.682500e+01 1.868285e-17 4.885404e-19
6.692500e+01 1.857350e-17 5.044454e-19
6.702500e+01 1.846416e-17 5.203503e-19
6.712500e+01 1.835481e-17 5.362553e-19
6.722500e+01 1.828383e-17 5.639060e-19
6.732500e+01 1.832796e-17 6.267939e-19
6.742500e+01 1.837210e-17 6.896818e-19
6.752500e+01 1.841623e-17 7.525697e-19
6.762500e+01 1.846036e-17 8.154576e-19
6.772500e+01 1.850449e-17 8.783455e-19
6.782500e+01 1.854862e-17 9.412335e-19
6.792500e+01 1.859276e-17 1.004121e-18
6.802500e+01 1.863689e-17 1.067009e-18
6.812500e+01 1.889451e-17 1.181167e-18
6.822500e+01 2.036189e-17 1.585857e-18
6.832500e+01 1.887520e-17 9.224829e-19
6.842500e+01 1.874468e-17 1.201788e-18
6.852500e+01 1.860412e-17 1.377839e-18
6.862500e+01 2.038120e-17 1.708966e-18
6.872500e+01 2.331790e-17 2.699333e-18
6.882500e+01 2.008000e-17 1.615938e-18
6.892500e+01 2.055969e-17 1.406158e-18
6.902500e+01 2.346013e-17 1.845687e-18
6.912500e+01 2.146629e-17 1.981201e-18
6.922500e+01 2.117436e-17 1.754641e-18
6.932500e+01 2.071064e-17 1.575370e-18
6.942500e+01 1.838889e-17 1.641258e-18
6.952500e+01 2.535817e-17 1.894747e-18
6.962500e+01 2.499960e-17 1.858022e-18
6.972500e+01 2.206518e-17 2.239605e-18
6.982500e+01 2.187465e-17 2.571370e-18
6.992500e+01 1.916583e-17 1.625862e-18
7.002500e+01 1.974229e-17 1.904343e-18
7.012500e+01 1.920359e-17 1.774033e-18
7.022500e+01 2.003142e-17 2.369926e-18
7.032500e+01 2.122026e-17 3.088663e-18
7.042500e+01 2.011195e-17 3.597525e-18
7.052500e+01 2.319957e-17 4.010200e-18
7.062500e+01 2.657958e-17 4.200683e-18
7.072500e+01 2.420298e-17 3.676462e-18
7.082500e+01 2.119132e-17 3.285619e-18
7.092500e+01 1.939451e-17 2.647860e-18
7.102500e+01 1.794148e-17 2.093340e-18
7.112500e+01 1.852380e-17 2.696242e-18
7.122500e+01 2.050261e-17 4.429456e-18
7.132500e+01 2.049447e-17 4.718279e-18
7.142500e+01 2.163620e-17 4.110053e-18
7.152500e+01 1.965003e-17 2.900294e-18
7.162500e+01 1.689994e-17 1.656207e-18
7.172500e+01 1.821439e-17 2.465755e-18
7.182500e+01 2.134002e-17 4.255203e-18
7.192500e+01 2.188433e-17 4.653505e-18
7.202500e+01 2.381025e-17 5.751066e-18
7.212500e+01 2.121406e-17 4.424265e-18
7.222500e+01 1.764302e-17 2.454410e-18
7.232500e+01 1.920987e-17 3.343786e-18
7.242500e+01 2.224174e-17 5.202866e-18
7.252500e+01 2.514898e-17 6.165702e-18
7.262500e+01 2.684983e-17 6.521091e-18
7.272500e+01 2.337611e-17 3.726573e-18
7.282500e+01 2.496115e-17 4.113910e-18
7.292500e+01 3.149607e-17 8.028686e-18
7.302500e+01 2.653513e-17 6.438637e-18
7.312500e+01 2.392867e-17 6.294943e-18
7.322500e+01 2.536550e-17 7.485847e-18
7.332500e+01 2.093340e-17 5.028987e-18
7.342500e+01 1.583810e-17 2.088841e-18
7.352500e+01 1.739634e-17 2.392497e-18
7.362500e+01 1.771693e-17 2.740347e-18
7.372500e+01 1.947760e-17 3.168768e-18
7.382500e+01 2.463645e-17 6.474711e-18
7.392500e+01 2.243349e-17 6.680088e-18
7.402500e+01 1.976495e-17 5.133515e-18
7.412500e+01 1.589723e-17 2.938592e-18
7.422500e+01 1.751107e-17 5.553620e-18
7.432500e+01 1.685199e-17 7.672691e-18
7.442500e+01 2.159090e-17 9.766807e-18
7.452500e+01 2.220446e-17 8.250849e-18
7.462500e+01 1.805766e-17 3.633074e-18
7.472500e+01 1.543929e-17 1.810367e-18
7.482500e+01 1.689037e-17 4.083263e-18
7.492500e+01 1.727937e-17 6.949717e-18
7.502500e+01 1.893413e-17 9.115804e-18
7.512500e+01 1.921710e-17 9.041115e-18
7.522500e+01 1.750759e-17 6.798146e-18
7.532500e+01 1.678911e-17 6.410018e-18
7.542500e+01 1.628049e-17 6.017358e-18
7.552500e+01 2.025876e-17 9.824336e-18
7.562500e+01 1.831209e-17 9.499259e-18
7.572500e+01 1.761590e-17 8.359935e-18
7.582500e+01 1.663771e-17 7.342778e-18
7.592500e+01 1.367154e-17 5.767931e-18
7.602500e+01 1.977378e-17 8.062823e-18
7.612500e+01 1.968897e-17 7.723085e-18
7.622500e+01 1.346273e-17 5.543267e-18
7.632500e+01 1.372211e-17 6.359523e-18
7.642500e+01 2.188720e-17 1.002550e-17
7.652500e+01 2.518719e-17 1.164489e-17
7.662500e+01 1.474159e-17 6.622011e-18
7.672500e+01 1.182006e-17 4.439064e-18
7.682500e+01 9.988642e-18 3.284088e-18
7.692500e+01 1.229984e-17 4.651787e-18
7.702500e+01 1.818495e-17 7.982930e-18
7.712500e+01 3.694177e-17 1.629964e-17
7.722500e+01 3.330314e-17 1.506732e-17
7.732500e+01 1.284385e-17 5.735119e-18
7.742500e+01 1.214840e-17 5.185858e-18
7.752500e+01 1.380249e-17 6.935732e-18
7.762500e+01 1.593926e-17 8.976399e-18
7.772500e+01 1.749295e-17 9.851552e-18
7.782500e+01 1.403614e-17 6.948604e-18
7.792500e+01 1.225854e-17 5.473771e-18
7.802500e+01 8.331642e-18 2.443245e-18
7.812500e+01 9.495182e-18 4.702371e-18
7.822500e+01 1.137532e-17 8.573507e-18
7.832500e+01 8.023215e-17 4.285135e-17
7.842500e+01 5.541465e-17 2.952798e-17
7.852500e+01 1.964426e-17 1.119506e-17
7.862500e+01 1.653811e-17 8.758506e-18
7.872500e+01 1.657957e-17 7.295245e-18
7.882500e+01 1.524359e-17 5.042222e-18
7.892500e+01 1.634727e-17 1.187631e-18
7.902500e+01 2.525562e-17 8.443921e-18
7.912500e+01 2.686704e-17 1.007710e-17
7.922500e+01 3.247940e-17 1.607675e-17
7.932500e+01 2.210473e-17 9.803107e-18
7.942500e+01 1.585316e-17 5.540803e-18
7.952500e+01 1.893453e-17 7.354756e-18
7.962500e+01 1.920378e-17 8.193439e-18
7.972500e+01 1.819522e-17 8.567674e-18
7.982500e+01 1.878071e-17 9.899897e-18
7.992500e+01 2.597013e-17 1.456597e-17
8.002500e+01 3.079017e-17 1.643134e-17
8.012500e+01 3.124225e-17 1.296461e-17
8.022500e+01 2.886180e-17 1.062145e-17
8.032500e+01 2.368083e-17 8.110197e-18
8.042500e+01 2.055261e-17 6.791809e-18
8.052500e+01 1.791136e-17 6.529045e-18
8.062500e+01 1.635992e-17 6.085985e-18
8.072500e+01 1.933816e-17 6.186098e-18
8.082500e+01 2.442659e-17 1.188274e-17
8.092500e+01 4.503896e-17 2.640197e-17
8.102500e+01 8.722478e-17 4.700527e-17
8.112500e+01 6.794256e-17 3.525875e-17
8.122500e+01 1.884173e-17 1.043147e-17
8.132500e+01 1.824365e-17 1.053188e-17
8.142500e+01 1.053407e-17 4.153670e-18
8.152500e+01 8.999258e-18 2.260597e-18
8.162500e+01 1.058885e-17 3.304837e-18
8.172500e+01 1.083617e-17 4.638737e-18
8.182500e+01 1.097515e-17 4.730828e-18
8.192500e+01 1.437226e-17 6.909293e-18
8.202500e+01 1.567802e-17 8.025600e-18
8.212500e+01 1.500389e-17 7.138263e-18
8.222500e+01 1.025934e-17 3.536072e-18
8.232500e+01 9.659393e-18 3.402717e-18
8.242500e+01 1.232051e-17 5.760472e-18
8.252500e+01 1.379683e-17 7.204043e-18
8.262500e+01 1.538421e-17 8.584067e-18
8.272500e+01 1.573519e-17 9.080244e-18
8.282500e+01 1.411337e-17 7.606109e-18
8.292500e+01 1.353781e-17 6.629427e-18
8.302500e+01 1.258586e-17 5.065467e-18
8.312500e+01 1.198346e-17 4.578192e-18
8.322500e+01 1.499307e-17 7.091028e-18
8.332500e+01 1.684330e-17 9.719166e-18
8.342500e+01 2.009287e-17 1.175465e-17
8.352500e+01 1.961283e-17 1.095415e-17
8.362500e+01 1.602482e-17 8.681923e-18
8.372500e+01 1.509056e-17 7.361289e-18
8.382500e+01 1.308692e-17 5.126494e-18
8.392500e+01 1.328018e-17 5.522832e-18
8.402500e+01 1.419465e-17 6.288575e-18
8.412500e+01 1.390540e-17 6.294487e-18
8.422500e+01 1.691968e-17 9.181909e-18
8.432500e+01 2.224697e-17 1.439757e-17
8.442500e+01 1.935895e-17 1.259540e-17
8.452500e+01 1.634638e-17 9.614525e-18
8.462500e+01 1.446388e-17 7.327573e-18
8.472500e+01 1.336993e-17 5.874141e-18
8.482500e+01 1.386393e-17 6.260619e-18
8.492500e+01 1.484642e-17 6.625062e-18
8.502500e+01 1.751980e-17 8.749985e-18
8.512500e+01 1.879074e-17 1.024488e-17
8.522500e+01 2.164854e-17 1.382120e-17
8.532500e+01 2.099364e-17 1.348066e-17
8.542500e+01 1.878484e-17 9.723369e-18
8.552500e+01 1.559289e-17 7.532881e-18
8.562500e+01 1.627975e-17 8.588665e-18
8.572500e+01 1.595430e-17 7.706477e-18
8.582500e+01 1.371715e-17 5.096374e-18
8.592500e+01 1.290857e-17 4.925527e-18
8.602500e+01 1.595858e-17 7.828931e-18
8.612500e+01 1.864571e-17 1.044577e-17
8.622500e+01 1.915967e-17 1.209646e-17
8.632500e+01 1.993797e-17 1.357133e-17
8.642500e+01 1.604196e-17 8.910496e-18
8.652500e+01 1.249452e-17 5.144951e-18
8.662500e+01 1.340675e-17 6.229646e-18
8.672500e+01 1.374256e-17 6.382261e-18
8.682500e+01 1.714832e-17 9.743301e-18
8.692500e+01 2.126472e-17 1.312559e-17
8.702500e+01 2.066567e-17 1.193732e-17
8.712500e+01 1.602253e-17 8.433142e-18
8.722500e+01 1.394250e-17 7.012586e-18
8.732500e+01 1.405600e-17 6.532436e-18
8.742500e+01 1.313806e-17 5.652251e-18
8.752500e+01 1.334864e-17 6.180005e-18
8.762500e+01 1.459963e-17 6.910860e-18
8.772500e+01 1.762387e-17 9.523538e-18
8.782500e+01 1.962262e-17 1.171024e-17
8.792500e+01 1.853830e-17 1.014044e-17
8.802500e+01 1.994468e-17 1.057090e-17
8.812500e+01 2.623309e-17 1.406059e-17
8.822500e+01 3.267877e-17 1.779794e-17
8.832500e+01 2.588647e-17 1.338605e-17
8.842500e+01 2.465464e-17 1.097901e-17
8.852500e+01 3.150118e-17 1.416124e-17
8.862500e+01 2.592962e-17 1.173282e-17
8.872500e+01 1.899895e-17 8.552461e-18
8.882500e+01 2.072310e-17 1.089946e-17
8.892500e+01 6.381424e-17 4.789926e-17
8.902500e+01 4.515323e-17 3.241546e-17
8.912500e+01 2.313307e-17 1.337520e-17
8.922500e+01 1.816523e-17 7.412459e-18
8.932500e+01 2.061427e-17 7.793130e-18
8.942500e+01 2.469840e-17 9.870075e-18
8.952500e+01 3.380285e-17 1.624581e-17
8.962500e+01 7.950456e-17 4.335564e-17
8.972500e+01 1.856909e-16 1.075633e-16
8.982500e+01 1.748233e-16 1.034699e-16
8.992500e+01 5.650847e-17 3.485072e-17
9.002500e+01 3.524757e-17 2.176464e-17
9.012500e+01 2.705780e-17 1.638620e-17
9.022500e+01 2.542881e-17 1.494408e-17
9.032500e+01 2.510820e-17 1.482814e-17
9.042500e+01 2.658449e-17 1.608677e-17
9.052500e+01 3.031076e-17 1.848956e-17
9.062500e+01 4.297837e-17 2.718108e-17
9.072500e+01 5.231467e-17 3.570707e-17
9.082500e+01 4.766211e-17 2.997581e-17
9.092500e+01 4.028550e-17 2.469464e-17
9.102500e+01 3.375950e-17 2.087442e-17
9.112500e+01 3.043510e-17 1.886976e-17
9.122500e+01 2.842201e-17 1.802409e-17
9.132500e+01 2.810105e-17 1.805670e-17
9.142500e+01 2.783922e-17 1.820369e-17
9.152500e+01 2.883990e-17 1.897259e-17
9.162500e+01 3.049650e-17 2.074590e-17
9.172500e+01 3.132480e-17 2.263217e-17
9.182500e+01 3.260490e-17 2.445367e-17
9.192500e+01 3.426150e-17 2.536782e-17
9.202500e+01 3.223916e-17 2.236270e-17
9.212500e+01 2.987259e-17 1.857404e-17
9.222500e+01 3.056064e-17 1.661754e-17
9.232500e+01 3.212159e-17 1.658202e-17
9.242500e+01 3.359732e-17 1.686179e-17
9.252500e+01 3.374581e-17 1.694752e-17
9.262500e+01 3.420649e-17 1.689629e-17
9.272500e+01 3.347336e-17 1.692603e-17
9.282500e+01 3.066216e-17 1.671319e-17
9.292500e+01 2.994430e-17 1.800799e-17
9.302500e+01 3.232880e-17 2.264020e-17
9.312500e+01 3.101942e-17 2.476754e-17
9.322500e+01 2.595340e-17 2.038097e-17
9.332500e+01 2.035924e-17 1.446823e-17
9.342500e+01 1.665699e-17 1.012308e-17
9.352500e+01 1.543239e-17 8.190810e-18
9.362500e+01 1.568108e-17 7.890313e-18
9.372500e+01 1.716840e-17 8.492836e-18
9.382500e+01 2.146050e-17 9.740055e-18
9.392500e+01 2.636465e-17 1.094987e-17
9.402500e+01 3.139651e-17 1.234830e-17
9.412500e+01 3.446891e-17 1.471272e-17
9.422500e+01 3.743625e-17 1.737267e-17
9.432500e+01 3.581143e-17 1.681038e-17
9.442500e+01 2.845474e-17 1.296264e-17
9.452500e+01 2.150483e-17 9.342348e-18
9.462500e+01 1.949911e-17 8.449879e-18
9.472500e+01 1.712896e-17 7.657436e-18
9.482500e+01 1.507506e-17 6.995069e-18
9.492500e+01 1.372970e-17 6.836738e-18
9.502500e+01 1.465003e-17 7.753306e-18
9.512500e+01 1.455800e-17 7.721764e-18
9.522500e+01 1.398429e-17 7.013227e-18
9.532500e+01 1.593133e-17 6.706648e-18
9.542500e+01 1.812220e-17 7.164544e-18
9.552500e+01 1.882500e-17 7.986820e-18
9.562500e+01 1.776662e-17 8.309731e-18
9.572500e+01 1.716840e-17 8.278984e-18
9.582500e+01 1.686720e-17 8.179086e-18
9.592500e+01 1.858027e-17 8.997126e-18
9.602500e+01 2.032383e-17 9.534916e-18
9.612500e+01 1.931194e-17 9.192875e-18
9.622500e+01 1.847360e-17 9.703660e-18
9.632500e+01 1.853538e-17 9.941454e-18
9.642500e+01 1.812220e-17 9.129372e-18
9.652500e+01 1.824770e-17 8.322909e-18
9.662500e+01 1.944413e-17 8.100607e-18
9.672500e+01 1.971187e-17 7.949337e-18
9.682500e+01 2.084137e-17 8.613718e-18
9.692500e+01 2.121022e-17 9.410808e-18
9.702500e+01 2.091971e-17 9.792833e-18
9.712500e+01 2.136010e-17 1.051398e-17
9.722500e+01 2.186210e-17 1.124964e-17
9.732500e+01 2.106727e-17 1.095498e-17
9.742500e+01 2.038538e-17 1.045745e-17
9.752500e+01 1.940544e-17 9.525607e-18
9.762500e+01 1.824268e-17 8.337718e-18
9.772500e+01 1.997332e-17 8.157814e-18
9.782500e+01 1.982211e-17 8.412221e-18
9.792500e+01 1.843641e-17 8.164918e-18
9.802500e+01 1.754490e-17 7.491597e-18
9.812500e+01 2.302507e-17 6.978941e-18
9.822500e+01 2.710083e-17 7.846690e-18
9.832500e+01 2.974498e-17 9.135573e-18
9.842500e+01 2.804925e-17 1.059622e-17
9.852500e+01 2.429680e-17 1.059044e-17
9.862500e+01 2.060083e-17 9.879573e-18
9.872500e+01 1.922346e-17 9.227262e-18
9.882500e+01 1.878421e-17 9.016422e-18
9.892500e+01 1.840058e-17 8.832279e-18
9.902500e+01 1.827280e-17 9.127264e-18
9.912500e+01 1.738289e-17 8.865274e-18
9.922500e+01 1.794022e-17 8.872034e-18
9.932500e+01 1.866733e-17 9.028689e-18
9.942500e+01 1.881783e-17 8.745063e-18
9.952500e+01 1.650464e-17 7.455704e-18
9.962500e+01 1.716840e-17 7.931801e-18
9.972500e+01 2.108400e-17 8.101527e-18
9.982500e+01 2.520458e-17 1.005443e-17
9.992500e+01 2.747195e-17 1.164477e-17
1.000250e+02 2.934549e-17 1.239696e-17
1.001250e+02 2.982717e-17 1.196868e-17
1.002250e+02 2.710800e-17 1.108818e-17
1.003250e+02 2.421791e-17 1.082950e-17
1.004250e+02 2.176170e-17 1.031501e-17
1.005250e+02 2.088513e-17 1.025659e-17
1.006250e+02 2.042901e-17 1.024207e-17
1.007250e+02 1.997960e-17 1.013814e-17
1.008250e+02 1.956127e-17 1.008121e-17
1.009250e+02 1.848273e-17 9.665645e-18
1.010250e+02 1.720513e-17 8.887751e-18
1.011250e+02 1.561220e-17 7.509848e-18
1.012250e+02 1.564357e-17 5.737295e-18
1.013250e+02 1.761393e-17 6.814242e-18
1.014250e+02 1.883419e-17 7.796385e-18
1.015250e+02 1.908437e-17 8.163691e-18
1.016250e+02 2.021387e-17 9.018486e-18
1.017250e+02 2.223302e-17 1.039820e-17
1.018250e+02 2.184641e-17 1.000285e-17
1.019250e+02 2.153266e-17 8.777972e-18
1.020250e+02 2.410676e-17 8.702744e-18
1.021250e+02 2.506863e-17 9.240847e-18
1.022250e+02 2.343713e-17 1.028061e-17
1.023250e+02 2.506988e-17 1.171327e-17
1.024250e+02 2.316923e-17 1.117707e-17
1.025250e+02 2.055188e-17 9.963847e-18
1.026250e+02 1.756283e-17 8.198234e-18
1.027250e+02 1.437545e-17 6.243739e-18
1.028250e+02 1.186089e-17 4.589238e-18
1.029250e+02 1.049356e-17 3.551130e-18
1.030250e+02 9.451115e-18 2.762158e-18
1.031250e+02 1.109648e-17 3.673819e-18
1.032250e+02 1.470269e-17 5.402022e-18
1.033250e+02 1.712411e-17 5.793582e-18
1.034250e+02 1.722577e-17 5.365663e-18
1.035250e+02 1.541977e-17 5.490709e-18
1.036250e+02 1.560946e-17 6.208006e-18
1.037250e+02 1.535348e-17 6.293420e-18
1.038250e+02 1.315943e-17 5.218712e-18
1.039250e+02 8.398460e-18 2.954546e-18
1.040250e+02 1.383010e-17 4.916036e-18
1.041250e+02 1.685465e-17 6.423090e-18
1.042250e+02 1.691023e-17 6.319786e-18
1.043250e+02 1.675007e-17 6.423860e-18
1.044250e+02 1.596360e-17 6.317643e-18
1.045250e+02 1.540722e-17 5.882185e-18
1.046250e+02 1.335685e-17 4.773308e-18
1.047250e+02 1.059332e-17 3.266481e-18
1.048250e+02 8.849374e-18 2.451281e-18
1.049250e+02 8.518594e-18 2.505323e-18
1.050250e+02 8.627707e-18 2.922847e-18
1.051250e+02 1.072802e-17 4.108588e-18
1.052250e+02 1.257426e-17 5.005885e-18
1.053250e+02 1.332531e-17 4.937560e-18
1.054250e+02 1.363432e-17 4.589083e-18
1.055250e+02 1.178445e-17 3.535335e-18
1.056250e+02 1.218187e-17 3.858707e-18
1.057250e+02 1.214213e-17 4.054738e-18
1.058250e+02 1.201663e-17 4.213704e-18
1.059250e+02 1.043730e-17 3.572318e-18
1.060250e+02 9.077985e-18 3.078291e-18
1.061250e+02 8.384313e-18 2.959454e-18
1.062250e+02 9.274729e-18 3.092219e-18
1.063250e+02 1.127994e-17 3.847881e-18
1.064250e+02 1.273072e-17 4.699438e-18
1.065250e+02 1.346518e-17 5.134649e-18
1.066250e+02 1.200920e-17 4.136826e-18
1.067250e+02 9.623558e-18 2.718832e-18
1.068250e+02 7.276849e-18 1.970712e-18
1.069250e+02 6.667229e-18 1.929167e-18
1.070250e+02 6.508430e-18 2.063989e-18
1.071250e+02 6.679635e-18 2.219876e-18
1.072250e+02 6.782020e-18 2.292682e-18
1.073250e+02 7.049714e-18 2.404253e-18
1.074250e+02 7.203700e-18 2.450969e-18
1.075250e+02 7.422283e-18 2.495979e-18
1.076250e+02 7.915106e-18 2.587382e-18
1.077250e+02 9.066747e-18 2.797179e-18
1.078250e+02 9.780215e-18 2.812057e-18
1.079250e+02 9.202915e-18 2.430956e-18
1.080250e+02 9.500350e-18 2.318361e-18
1.081250e+02 1.086691e-17 2.533943e-18
1.082250e+02 1.003068e-17 2.369773e-18
1.083250e+02 8.391558e-18 2.080274e-18
1.084250e+02 7.902108e-18 2.028225e-18
1.085250e+02 8.522621e-18 2.101563e-18
1.086250e+02 9.407480e-18 2.143786e-18
1.087250e+02 8.182600e-18 1.610664e-18
1.088250e+02 6.935632e-18 1.217322e-18
1.089250e+02 6.193908e-18 1.126874e-18
1.090250e+02 5.773000e-18 1.169967e-18
1.091250e+02 5.554630e-18 1.177635e-18
1.092250e+02 5.372906e-18 1.132753e-18
1.093250e+02 5.286060e-18 1.120011e-18
1.094250e+02 5.078985e-18 1.105692e-18
1.095250e+02 5.190680e-18 1.151716e-18
1.096250e+02 5.281877e-18 1.179602e-18
1.097250e+02 5.006195e-18 1.112334e-18
1.098250e+02 4.769314e-18 1.051394e-18
1.099250e+02 4.512039e-18 9.930775e-19
1.100250e+02 4.595722e-18 1.011059e-18
1.101250e+02 4.390605e-18 8.430787e-19
1.102250e+02 4.296898e-18 6.725504e-19
1.103250e+02 4.408560e-18 5.792031e-19
1.104250e+02 4.274127e-18 5.660212e-19
1.105250e+02 4.543484e-18 6.483147e-19
1.106250e+02 4.769651e-18 7.494338e-19
1.107250e+02 5.308875e-18 9.052145e-19
1.108250e+02 5.938643e-18 1.073613e-18
1.109250e+02 6.596923e-18 1.205503e-18
1.110250e+02 6.876968e-18 1.248167e-18
1.111250e+02 6.273487e-18 1.087802e-18
1.112250e+02 5.617085e-18 9.554363e-19
1.113250e+02 5.195119e-18 9.051018e-19
1.114250e+02 4.998240e-18 9.064025e-19
1.115250e+02 4.767458e-18 9.127197e-19
1.116250e+02 4.664038e-18 9.241391e-19
1.117250e+02 4.408865e-18 8.800161e-19
1.118250e+02 4.099755e-18 8.027161e-19
1.119250e+02 3.978772e-18 7.547983e-19
1.120250e+02 3.909108e-18 7.184583e-19
1.121250e+02 3.896719e-18 7.021152e-19
1.122250e+02 3.654349e-18 6.793572e-19
1.123250e+02 3.564405e-18 6.729093e-19
1.124250e+02 3.522514e-18 6.433959e-19
1.125250e+02 3.499388e-18 5.685024e-19
1.126250e+02 3.481354e-18 4.902956e-19
1.127250e+02 4.339676e-18 5.243452e-19
1.128250e+02 4.066686e-18 4.376752e-19
1.129250e+02 3.706081e-18 3.668951e-19
1.130250e+02 3.351831e-18 2.961493e-19
1.131250e+02 3.184765e-18 2.608139e-19
1.132250e+02 3.023579e-18 2.380872e-19
1.133250e+02 2.880884e-18 2.749850e-19
1.134250e+02 2.911545e-18 3.644733e-19
1.135250e+02 3.148002e-18 6.462135e-19
1.136250e+02 3.349019e-18 8.476879e-19
1.137250e+02 3.787461e-18 1.105157e-18
1.138250e+02 3.864510e-18 1.083168e-18
1.139250e+02 3.658770e-18 8.784632e-19
1.140250e+02 3.387589e-18 7.168242e-19
1.141250e+02 3.120039e-18 6.853441e-19
1.142250e+02 3.441430e-18 8.216080e-19
1.143250e+02 3.587895e-18 8.969681e-19
1.144250e+02 3.572704e-18 8.677334e-19
1.145250e+02 3.429437e-18 7.339683e-19
1.146250e+02 3.338595e-18 6.297468e-19
1.147250e+02 3.467295e-18 6.358548e-19
1.148250e+02 3.342617e-18 6.027034e-19
1.149250e+02 3.208842e-18 5.454212e-19
1.150250e+02 3.189274e-18 4.912419e-19
1.151250e+02 3.068617e-18 4.103631e-19
1.152250e+02 3.245718e-18 3.852972e-19
1.153250e+02 3.332435e-18 3.765986e-19
1.154250e+02 3.298283e-18 3.734259e-19
1.155250e+02 3.216915e-18 3.917567e-19
1.156250e+02 3.150810e-18 4.108599e-19
1.157250e+02 3.175274e-18 4.060427e-19
1.158250e+02 3.058323e-18 3.621543e-19
1.159250e+02 2.811510e-18 2.777696e-19
1.160250e+02 2.916810e-18 2.585696e-19
1.161250e+02 2.678130e-18 2.403745e-19
1.162250e+02 2.759847e-18 2.686606e-19
1.163250e+02 2.755175e-18 2.884409e-19
1.164250e+02 2.729376e-18 3.065946e-19
1.165250e+02 2.859334e-18 3.351135e-19
1.166250e+02 2.761014e-18 3.321418e-19
1.167250e+02 2.798412e-18 3.410054e-19
1.168250e+02 2.688089e-18 3.484095e-19
1.169250e+02 2.861389e-18 4.298231e-19
1.170250e+02 2.941731e-18 4.640010e-19
1.171250e+02 2.964195e-18 5.058855e-19
1.172250e+02 2.955101e-18 5.266976e-19
1.173250e+02 3.434096e-18 5.780259e-19
1.174250e+02 2.828621e-18 4.324990e-19
1.175250e+02 2.684097e-18 3.876374e-19
1.176250e+02 2.597985e-18 3.597875e-19
1.177250e+02 2.688309e-18 3.601950e-19
1.178250e+02 2.729526e-18 3.547204e-19
1.179250e+02 2.666638e-18 3.355237e-19
1.180250e+02 2.594025e-18 3.154134e-19
1.181250e+02 2.525408e-18 2.856334e-19
1.182250e+02 2.491361e-18 2.575463e-19
1.183250e+02 2.473210e-18 2.687445e-19
1.184250e+02 2.482650e-18 2.922318e-19
1.185250e+02 2.802416e-18 3.884723e-19
1.186250e+02 2.910822e-18 4.482795e-19
1.187250e+02 2.803220e-18 4.521864e-19
1.188250e+02 2.570900e-18 3.939816e-19
1.189250e+02 2.473497e-18 3.291331e-19
1.190250e+02 2.609466e-18 3.235308e-19
1.191250e+02 2.602414e-18 3.108919e-19
1.192250e+02 2.510747e-18 3.025028e-19
1.193250e+02 2.352797e-18 2.824459e-19
1.194250e+02 2.321683e-18 2.814223e-19
1.195250e+02 2.377328e-18 3.004000e-19
1.196250e+02 2.436567e-18 3.176606e-19
1.197250e+02 2.386985e-18 3.254056e-19
1.198250e+02 2.385732e-18 3.348756e-19
1.199250e+02 2.340900e-18 3.639109e-19
1.200250e+02 2.465935e-18 4.271644e-19
1.201250e+02 2.397769e-18 4.004774e-19
1.202250e+02 2.306070e-18 3.524622e-19
1.203250e+02 2.337660e-18 3.223533e-19
1.204250e+02 2.306597e-18 2.902952e-19
1.205250e+02 2.196382e-18 2.626469e-19
1.206250e+02 2.204982e-18 2.623922e-19
1.207250e+02 2.106585e-18 2.585464e-19
1.208250e+02 2.204219e-18 2.821313e-19
1.209250e+02 2.328423e-18 3.051352e-19
1.210250e+02 2.352402e-18 3.096682e-19
1.211250e+02 2.266206e-18 2.955954e-19
1.212250e+02 2.411370e-18 3.134781e-19
1.213250e+02 2.605218e-18 3.578657e-19
1.214250e+02 2.702494e-18 4.253369e-19
1.215250e+02 2.603388e-18 4.672908e-19
1.216250e+02 2.486396e-18 4.748990e-19
1.217250e+02 2.506140e-18 4.557965e-19
1.218250e+02 2.360036e-18 3.893961e-19
1.219250e+02 2.231859e-18 3.347788e-19
1.220250e+02 2.271973e-18 3.407959e-19
1.221250e+02 2.372760e-18 3.542886e-19
1.222250e+02 2.620215e-18 3.812548e-19
1.223250e+02 2.276235e-18 3.215578e-19
1.224250e+02 2.444088e-18 3.579582e-19
1.225250e+02 2.532465e-18 3.994756e-19
1.226250e+02 2.624979e-18 4.450237e-19
1.227250e+02 2.766758e-18 4.876948e-19
1.228250e+02 2.327308e-18 4.136766e-19
1.229250e+02 2.000071e-18 3.681840e-19
1.230250e+02 2.013447e-18 3.951826e-19
1.231250e+02 2.168626e-18 5.088512e-19
1.232250e+02 2.344241e-18 6.073534e-19
1.233250e+02 2.357740e-18 5.822367e-19
1.234250e+02 2.292531e-18 5.408285e-19
1.235250e+02 2.291132e-18 5.308259e-19
1.236250e+02 2.422330e-18 5.680549e-19
1.237250e+02 2.353784e-18 5.773080e-19
1.238250e+02 2.192295e-18 5.242357e-19
1.239250e+02 2.090205e-18 4.466514e-19
1.240250e+02 2.030242e-18 4.135014e-19
1.241250e+02 2.059492e-18 4.308174e-19
1.242250e+02 2.164573e-18 4.542884e-19
1.243250e+02 2.127060e-18 4.464267e-19
1.244250e+02 2.246095e-18 4.897936e-19
1.245250e+02 2.224462e-18 4.993834e-19
1.246250e+02 2.106383e-18 4.842386e-19
1.247250e+02 2.142376e-18 4.927056e-19
1.248250e+02 2.463230e-18 6.494450e-19
1.249250e+02 2.553964e-18 7.010194e-19
1.250250e+02 2.833510e-18 8.790623e-19
1.251250e+02 2.545466e-18 8.563707e-19
1.252250e+02 2.248247e-18 6.779862e-19
1.253250e+02 2.017153e-18 5.286883e-19
1.254250e+02 1.991706e-18 4.482392e-19
1.255250e+02 2.078856e-18 4.481698e-19
1.256250e+02 2.257769e-18 5.677396e-19
1.257250e+02 2.286969e-18 6.458481e-19
1.258250e+02 2.308995e-18 6.914278e-19
1.259250e+02 2.396532e-18 7.322219e-19
1.260250e+02 2.226803e-18 7.067707e-19
1.261250e+02 2.150753e-18 7.302292e-19
1.262250e+02 2.122848e-18 7.638534e-19
1.263250e+02 2.014001e-18 7.808896e-19
1.264250e+02 1.902420e-18 7.856082e-19
1.265250e+02 2.042820e-18 9.554922e-19
1.266250e+02 2.174055e-18 1.107928e-18
1.267250e+02 2.378276e-18 1.260896e-18
1.268250e+02 2.618460e-18 1.413977e-18
1.269250e+02 2.307574e-18 1.240130e-18
1.270250e+02 2.297295e-18 1.198911e-18
1.271250e+02 2.295311e-18 1.178517e-18
1.272250e+02 2.299928e-18 1.195475e-18
1.273250e+02 2.578797e-18 1.397574e-18
1.274250e+02 2.261179e-18 1.214732e-18
1.275250e+02 2.077197e-18 1.103712e-18
1.276250e+02 1.969110e-18 9.908757e-19
1.277250e+02 1.976400e-18 9.348309e-19
1.278250e+02 1.857071e-18 8.456999e-19
1.279250e+02 1.966162e-18 9.018479e-19
1.280250e+02 2.069682e-18 9.830593e-19
1.281250e+02 2.248155e-18 1.159558e-18
1.282250e+02 2.415319e-18 1.298890e-18
1.283250e+02 2.423336e-18 1.368402e-18
1.284250e+02 3.083854e-18 1.964975e-18
1.285250e+02 3.316950e-18 2.194916e-18
1.286250e+02 3.283856e-18 2.187904e-18
1.287250e+02 3.286170e-18 2.113838e-18
1.288250e+02 3.087923e-18 1.897710e-18
1.289250e+02 2.508773e-18 1.426887e-18
1.290250e+02 2.047580e-18 1.038866e-18
1.291250e+02 1.994279e-18 1.011454e-18
1.292250e+02 1.990170e-18 1.016516e-18
1.293250e+02 2.173300e-18 1.185131e-18
1.294250e+02 2.521496e-18 1.416530e-18
1.295250e+02 2.516670e-18 1.414726e-18
1.296250e+02 3.127410e-18 1.741803e-18
1.297250e+02 2.379780e-18 1.332163e-18
1.298250e+02 2.365447e-18 1.367738e-18
1.299250e+02 2.285010e-18 1.365448e-18
1.300250e+02 2.046330e-18 1.283997e-18
1.301250e+02 2.186730e-18 1.434615e-18
1.302250e+02 1.924358e-18 1.316639e-18
1.303250e+02 1.916460e-18 1.381088e-18
1.304250e+02 2.079675e-18 1.564450e-18
1.305250e+02 2.408737e-18 1.859248e-18
1.306250e+02 2.566687e-18 1.998951e-18
1.307250e+02 2.219856e-18 1.731996e-18
1.308250e+02 2.193360e-18 1.718180e-18
1.309250e+02 2.271360e-18 1.787678e-18
1.310250e+02 2.355210e-18 1.864687e-18
1.311250e+02 2.614072e-18 2.093708e-18
1.312250e+02 2.467057e-18 1.961317e-18
1.313250e+02 2.081978e-18 1.634711e-18
1.314250e+02 1.816425e-18 1.408546e-18
1.315250e+02 1.760014e-18 1.347491e-18
1.316250e+02 1.867759e-18 1.435548e-18
1.317250e+02 1.879605e-18 1.453899e-18
1.318250e+02 1.920768e-18 1.500995e-18
1.319250e+02 2.114775e-18 1.684573e-18
1.320250e+02 2.402595e-18 1.967552e-18
1.321250e+02 2.690415e-18 2.250532e-18
1.322250e+02 3.134903e-18 2.661185e-18
1.323250e+02 3.597349e-18 3.068111e-18
1.324250e+02 3.630457e-18 3.133743e-18
1.325250e+02 3.945679e-18 3.428379e-18
1.326250e+02 4.002152e-18 3.464703e-18
1.327250e+02 3.954015e-18 3.388633e-18
1.328250e+02 3.557385e-18 3.023526e-18
1.329250e+02 2.445885e-18 2.049143e-18
1.330250e+02 2.013708e-18 1.659459e-18
1.331250e+02 1.898910e-18 1.541163e-18
1.332250e+02 2.628990e-18 2.144710e-18
1.333250e+02 3.077392e-18 2.553508e-18
1.334250e+02 3.640633e-18 3.082900e-18
1.335250e+02 4.181914e-18 3.589250e-18
1.336250e+02 3.862865e-18 3.298290e-18
1.337250e+02 3.752852e-18 3.185402e-18
1.338250e+02 3.087396e-18 2.586473e-18
1.339250e+02 2.382789e-18 2.037187e-18
1.340250e+02 2.415582e-18 2.136294e-18
1.341250e+02 1.923098e-18 1.764205e-18
1.342250e+02 1.680287e-18 1.579630e-18
1.343250e+02 1.896317e-18 1.820744e-18
1.344250e+02 2.012432e-18 1.974499e-18
1.345250e+02 2.111762e-18 2.111762e-18
1.346250e+02 2.142854e-18 2.142854e-18
1.347250e+02 2.168863e-18 2.168863e-18
1.348250e+02 2.188219e-18 2.188219e-18
1.349250e+02 2.229574e-18 2.229574e-18
1.350250e+02 2.289040e-18 2.289040e-18
1.351250e+02 2.232850e-18 2.232850e-18
1.352250e+02 2.176661e-18 2.176661e-18
1.353250e+02 2.123592e-18 2.123592e-18
1.354250e+02 2.087791e-18 2.087791e-18
1.355250e+02 2.101375e-18 2.101375e-18
1.356250e+02 2.114959e-18 2.114959e-18
1.357250e+02 2.213668e-18 2.213668e-18
1.358250e+02 2.354455e-18 2.354455e-18
1.359250e+02 2.606484e-18 2.606484e-18
1.360250e+02 2.955985e-18 2.955985e-18
1.361250e+02 3.332308e-18 3.332308e-18
1.362250e+02 3.497698e-18 3.497698e-18
1.363250e+02 3.653644e-18 3.653644e-18
1.364250e+02 3.746906e-18 3.746906e-18
1.365250e+02 3.675968e-18 3.675968e-18
1.366250e+02 3.496824e-18 3.496824e-18
1.367250e+02 3.322899e-18 3.322899e-18
1.368250e+02 3.105942e-18 3.105942e-18
1.369250e+02 2.894544e-18 2.894544e-18
1.370250e+02 2.723572e-18 2.723572e-18
1.371250e+02 2.665984e-18 2.665984e-18
1.372250e+02 2.699284e-18 2.699284e-18
1.373250e+02 2.804971e-18 2.804971e-18
1.374250e+02 3.066482e-18 3.066482e-18
1.375250e+02 3.246405e-18 3.246405e-18
1.376250e+02 3.322093e-18 3.322093e-18
1.377250e+02 3.506320e-18 3.506320e-18
1.378250e+02 3.506928e-18 3.506928e-18
1.379250e+02 3.362190e-18 3.362190e-18
1.380250e+02 3.099750e-18 3.099750e-18
1.381250e+02 2.913608e-18 2.913608e-18
1.382250e+02 2.649474e-18 2.649474e-18
1.383250e+02 2.365567e-18 2.365567e-18
1.384250e+02 2.166474e-18 2.166474e-18
1.385250e+02 2.120575e-18 2.120575e-18
1.386250e+02 2.055323e-18 2.055323e-18
1.387250e+02 2.109589e-18 2.109589e-18
1.388250e+02 2.263857e-18 2.263857e-18
1.389250e+02 2.523586e-18 2.523586e-18
1.390250e+02 2.719102e-18 2.719102e-18
1.391250e+02 2.853506e-18 2.853506e-18
1.392250e+02 2.956307e-18 2.956307e-18
1.393250e+02 2.861316e-18 2.861316e-18
1.394250e+02 2.710711e-18 2.710711e-18
1.395250e+02 2.493231e-18 2.493231e-18
1.396250e+02 2.343494e-18 2.343494e-18
1.397250e+02 2.301544e-18 2.301544e-18
1.398250e+02 2.323229e-18 2.323229e-18
1.399250e+02 2.309645e-18 2.309645e-18
1.400250e+02 2.588640e-18 2.588640e-18
1.401250e+02 2.949799e-18 2.949799e-18
1.402250e+02 3.231646e-18 3.231646e-18
1.403250e+02 3.746370e-18 3.746370e-18
1.404250e+02 4.157415e-18 4.157415e-18
1.405250e+02 4.516535e-18 4.516535e-18
1.406250e+02 4.819724e-18 4.819724e-18
1.407250e+02 4.811203e-18 4.811203e-18
1.408250e+02 4.537532e-18 4.537532e-18
1.409250e+02 4.262901e-18 4.262901e-18
1.410250e+02 3.925585e-18 3.925585e-18
1.411250e+02 3.698555e-18 3.698555e-18
1.412250e+02 3.117445e-18 3.117445e-18
1.413250e+02 2.776886e-18 2.776886e-18
1.414250e+02 2.446823e-18 2.446823e-18
1.415250e+02 2.265852e-18 2.265852e-18
1.416250e+02 2.055259e-18 2.055259e-18
1.417250e+02 2.008374e-18 2.008374e-18
1.418250e+02 2.095950e-18 2.095950e-18
1.419250e+02 2.280154e-18 2.280154e-18
1.420250e+02 2.580807e-18 2.580807e-18
1.421250e+02 2.869288e-18 2.869288e-18
1.422250e+02 3.178750e-18 3.178750e-18
1.423250e+02 3.385883e-18 3.385883e-18
1.424250e+02 3.411309e-18 3.411309e-18
1.425250e+02 3.497900e-18 3.497900e-18
1.426250e+02 3.350108e-18 3.350108e-18
1.427250e+02 3.274336e-18 3.274336e-18
1.428250e+02 2.938122e-18 2.938122e-18
1.429250e+02 2.663198e-18 2.663198e-18
1.430250e+02 2.533599e-18 2.533599e-18
1.431250e+02 2.372619e-18 2.372619e-18
1.432250e+02 2.151705e-18 2.151705e-18
1.433250e+02 1.875313e-18 1.875313e-18
1.434250e+02 1.799921e-18 1.799921e-18
1.435250e+02 1.836384e-18 1.836384e-18
1.436250e+02 1.980166e-18 1.980166e-18
1.437250e+02 2.363540e-18 2.363540e-18
1.438250e+02 2.633552e-18 2.633552e-18
1.439250e+02 2.998847e-18 2.998847e-18
1.440250e+02 3.298392e-18 3.298392e-18
1.441250e+02 3.662351e-18 3.662351e-18
1.442250e+02 4.048831e-18 4.048831e-18
1.443250e+02 4.366024e-18 4.366024e-18
1.444250e+02 4.565604e-18 4.565604e-18
1.445250e+02 4.554750e-18 4.554750e-18
1.446250e+02 4.650766e-18 4.650766e-18
1.447250e+02 4.672952e-18 4.672952e-18
1.448250e+02 4.909786e-18 4.909786e-18
1.449250e+02 5.043727e-18 5.043727e-18
1.450250e+02 4.896061e-18 4.896061e-18
1.451250e+02 4.689960e-18 4.689960e-18
1.452250e+02 4.543394e-18 4.543394e-18
1.453250e+02 4.071783e-18 4.071783e-18
1.454250e+02 3.693064e-18 3.693064e-18
1.455250e+02 3.427577e-18 3.427577e-18
1.456250e+02 3.331581e-18 3.331581e-18
1.457250e+02 3.269348e-18 3.269348e-18
1.458250e+02 3.207116e-18 3.207116e-18
1.459250e+02 3.086669e-18 3.086669e-18
1.460250e+02 2.880141e-18 2.880141e-18
1.461250e+02 2.701925e-18 2.701925e-18
1.462250e+02 2.413417e-18 2.413417e-18
1.463250e+02 2.089259e-18 2.089259e-18
1.464250e+02 1.788280e-18 1.788280e-18
1.465250e+02 1.683576e-18 1.683576e-18
1.466250e+02 1.524202e-18 1.524202e-18
1.467250e+02 1.372096e-18 1.372096e-18
1.468250e+02 1.356730e-18 1.356730e-18
1.469250e+02 1.402420e-18 1.402420e-18
1.470250e+02 1.541717e-18 1.541717e-18
1.471250e+02 1.803613e-18 1.803613e-18
1.472250e+02 2.043173e-18 2.043173e-18
1.473250e+02 2.293233e-18 2.293233e-18
1.474250e+02 2.651618e-18 2.651618e-18
1.475250e+02 2.998570e-18 2.998570e-18
1.476250e+02 3.263792e-18 3.263792e-18
1.477250e+02 3.353749e-18 3.353749e-18
1.478250e+02 3.419737e-18 3.419737e-18
1.479250e+02 3.446340e-18 3.446340e-18
1.480250e+02 3.397405e-18 3.397405e-18
1.481250e+02 3.314268e-18 3.314268e-18
1.482250e+02 3.139164e-18 3.139164e-18
1.483250e+02 2.725968e-18 2.725968e-18
1.484250e+02 2.481492e-18 2.481492e-18
1.485250e+02 2.011735e-18 2.011735e-18
1.486250e+02 1.548087e-18 1.548087e-18
1.487250e+02 1.317401e-18 1.317401e-18
1.488250e+02 1.443376e-18 1.443376e-18
1.489250e+02 2.491028e-18 2.491028e-18
1.490250e+02 3.190960e-18 3.190960e-18
1.491250e+02 3.345662e-18 3.345662e-18
1.492250e+02 3.813649e-18 3.813649e-18
1.493250e+02 4.234320e-18 4.234320e-18
1.494250e+02 4.746303e-18 4.746303e-18
1.495250e+02 4.803837e-18 4.803837e-18
1.496250e+02 4.891210e-18 4.891210e-18
1.497250e+02 4.864536e-18 4.864536e-18
1.498250e+02 4.824555e-18 4.824555e-18
1.499250e+02 4.790102e-18 4.790102e-18
1.500250e+02 4.528308e-18 4.528308e-18
1.501250e+02 4.199604e-18 4.199604e-18
1.502250e+02 3.857265e-18 3.857265e-18
1.503250e+02 3.298319e-18 3.298319e-18
1.504250e+02 2.943451e-18 2.943451e-18
1.505250e+02 2.533747e-18 2.533747e-18
1.506250e+02 2.141590e-18 2.141590e-18
1.507250e+02 1.806907e-18 1.806907e-18
1.508250e+02 1.432784e-18 1.432784e-18
1.509250e+02 1.200035e-18 1.200035e-18
1.510250e+02 1.063807e-18 1.063807e-18
1.511250e+02 1.031327e-18 1.031327e-18
1.512250e+02 1.069320e-18 1.069320e-18
1.513250e+02 1.098036e-18 1.098036e-18
1.514250e+02 1.161259e-18 1.161259e-18
1.515250e+02 1.255206e-18 1.255206e-18
1.516250e+02 1.349152e-18 1.349152e-18
1.517250e+02 1.441501e-18 1.441501e-18
1.518250e+02 1.538796e-18 1.538796e-18
1.519250e+02 1.708208e-18 1.708208e-18
1.520250e+02 1.732377e-18 1.732377e-18
1.521250e+02 2.107215e-18 2.107215e-18
1.522250e+02 2.459914e-18 2.459914e-18
1.523250e+02 2.772865e-18 2.772865e-18
1.524250e+02 2.937242e-18 2.937242e-18
1.525250e+02 3.097183e-18 3.097183e-18
1.526250e+02 2.976452e-18 2.976452e-18
1.527250e+02 2.749222e-18 2.749222e-18
1.528250e+02 2.625511e-18 2.625511e-18
1.529250e+02 2.253007e-18 2.253007e-18
1.530250e+02 1.894848e-18 1.894848e-18
1.531250e+02 1.677091e-18 1.677091e-18
1.532250e+02 1.446811e-18 1.446811e-18
1.533250e+02 1.275791e-18 1.275791e-18
1.534250e+02 1.158487e-18 1.158487e-18
1.535250e+02 1.058760e-18 1.058760e-18
1.536250e+02 1.058630e-18 1.058630e-18
1.537250e+02 1.058499e-18 1.058499e-18
1.538250e+02 1.104076e-18 1.104076e-18
1.539250e+02 1.220849e-18 1.220849e-18
1.540250e+02 1.222412e-18 1.222412e-18
1.541250e+02 1.617735e-18 1.617735e-18
1.542250e+02 1.942588e-18 1.942588e-18
1.543250e+02 2.144408e-18 2.144408e-18
1.544250e+02 2.749217e-18 2.749217e-18
1.545250e+02 3.303777e-18 3.303777e-18
1.546250e+02 3.592733e-18 3.592733e-18
1.547250e+02 3.529467e-18 3.529467e-18
1.548250e+02 3.487647e-18 3.487647e-18
1.549250e+02 3.324241e-18 3.324241e-18
1.550250e+02 3.346437e-18 3.346437e-18
1.551250e+02 3.368633e-18 3.368633e-18
1.552250e+02 3.373301e-18 3.373301e-18
1.553250e+02 3.209289e-18 3.209289e-18
1.554250e+02 3.045277e-18 3.045277e-18
1.555250e+02 2.812867e-18 2.812867e-18
1.556250e+02 2.498446e-18 2.498446e-18
1.557250e+02 2.298581e-18 2.298581e-18
1.558250e+02 2.154481e-18 2.154481e-18
1.559250e+02 2.009556e-18 2.009556e-18
1.560250e+02 1.828031e-18 1.828031e-18
1.561250e+02 1.646507e-18 1.646507e-18
1.562250e+02 1.443490e-18 1.443490e-18
1.563250e+02 1.201694e-18 1.201694e-18
1.564250e+02 1.019963e-18 1.019963e-18
1.565250e+02 8.842933e-19 8.842933e-19
1.566250e+02 7.486234e-19 7.486234e-19
1.567250e+02 6.129832e-19 6.129832e-19
1.568250e+02 6.418979e-19 6.418979e-19
1.569250e+02 6.708125e-19 6.708125e-19
1.570250e+02 7.198570e-19 7.198570e-19
1.571250e+02 8.064616e-19 8.064616e-19
1.572250e+02 8.930662e-19 8.930662e-19
1.573250e+02 1.071350e-18 1.071350e-18
1.574250e+02 1.289175e-18 1.289175e-18
1.575250e+02 1.483456e-18 1.483456e-18
1.576250e+02 1.676327e-18 1.676327e-18
1.577250e+02 1.811285e-18 1.811285e-18
1.578250e+02 1.811366e-18 1.811366e-18
1.579250e+02 1.811448e-18 1.811448e-18
1.580250e+02 1.726108e-18 1.726108e-18
1.581250e+02 1.586193e-18 1.586193e-18
1.582250e+02 1.446278e-18 1.446278e-18
1.583250e+02 1.290509e-18 1.290509e-18
1.584250e+02 1.132588e-18 1.132588e-18
1.585250e+02 9.677505e-19 9.677505e-19
1.586250e+02 7.601579e-19 7.601579e-19
1.587250e+02 5.924319e-19 5.924319e-19
1.588250e+02 5.181496e-19 5.181496e-19
1.589250e+02 4.438673e-19 4.438673e-19
1.590250e+02 4.110994e-19 4.110994e-19
1.591250e+02 4.111824e-19 4.111824e-19
1.592250e+02 4.112654e-19 4.112654e-19
1.593250e+02 4.113485e-19 4.113485e-19
1.594250e+02 4.198751e-19 4.198751e-19
1.595250e+02 4.292413e-19 4.292413e-19
1.596250e+02 4.478079e-19 4.478079e-19
1.597250e+02 5.128941e-19 5.128941e-19
1.598250e+02 5.779803e-19 5.779803e-19
1.599250e+02 6.865336e-19 6.865336e-19
1.600250e+02 8.547417e-19 8.547417e-19
1.601250e+02 1.016937e-18 1.016937e-18
1.602250e+02 1.175174e-18 1.175174e-18
1.603250e+02 1.333411e-18 1.333411e-18
1.604250e+02 1.589309e-18 1.589309e-18
1.605250e+02 1.860522e-18 1.860522e-18
1.606250e+02 2.087614e-18 2.087614e-18
1.607250e+02 2.042219e-18 2.042219e-18
1.608250e+02 1.996823e-18 1.996823e-18
1.609250e+02 1.948437e-18 1.948437e-18
1.610250e+02 1.894198e-18 1.894198e-18
1.611250e+02 1.839958e-18 1.839958e-18
1.612250e+02 1.785718e-18 1.785718e-18
1.613250e+02 1.676809e-18 1.676809e-18
1.614250e+02 1.529269e-18 1.529269e-18
1.615250e+02 1.452278e-18 1.452278e-18
1.616250e+02 1.407357e-18 1.407357e-18
1.617250e+02 1.362436e-18 1.362436e-18
1.618250e+02 1.387009e-18 1.387009e-18
1.619250e+02 1.423204e-18 1.423204e-18
1.620250e+02 1.457191e-18 1.457191e-18
1.621250e+02 1.430414e-18 1.430414e-18
1.622250e+02 1.388139e-18 1.388139e-18
1.623250e+02 1.248955e-18 1.248955e-18
1.624250e+02 1.109771e-18 1.109771e-18
1.625250e+02 9.705867e-19 9.705867e-19
1.626250e+02 8.438380e-19 8.438380e-19
1.627250e+02 7.466602e-19 7.466602e-19
1.628250e+02 6.494823e-19 6.494823e-19
1.629250e+02 5.870999e-19 5.870999e-19
1.630250e+02 5.738774e-19 5.738774e-19
1.631250e+02 5.805848e-19 5.805848e-19
1.632250e+02 6.072897e-19 6.072897e-19
1.633250e+02 6.339945e-19 6.339945e-19
1.634250e+02 6.689822e-19 6.689822e-19
1.635250e+02 7.088655e-19 7.088655e-19
1.636250e+02 7.487489e-19 7.487489e-19
1.637250e+02 7.886322e-19 7.886322e-19
1.638250e+02 7.971449e-19 7.971449e-19
1.639250e+02 7.972234e-19 7.972234e-19
1.640250e+02 7.973019e-19 7.973019e-19
1.641250e+02 7.973804e-19 7.973804e-19
1.642250e+02 7.139670e-19 7.139670e-19
1.643250e+02 6.229546e-19 6.229546e-19
1.644250e+02 5.568334e-19 5.568334e-19
1.645250e+02 4.918663e-19 4.918663e-19
1.646250e+02 4.572487e-19 4.572487e-19
1.647250e+02 4.226310e-19 4.226310e-19
1.648250e+02 3.762218e-19 3.762218e-19
1.649250e+02 2.624559e-19 2.624559e-19
1.650250e+02 2.161662e-25 7.686200e-26
1.651250e+02 2.354272e-25 8.193854e-26
1.652250e+02 2.608716e-25 8.855093e-26
1.653250e+02 2.918445e-25 9.647820e-26
1.654250e+02 3.302381e-25 1.061693e-25
1.655250e+02 3.786971e-25 1.182558e-25
1.656250e+02 4.413769e-25 1.337450e-25
1.657250e+02 5.247679e-25 1.542393e-25
1.658250e+02 6.396595e-25 1.824747e-25
1.659250e+02 8.055304e-25 2.235883e-25
1.660250e+02 1.060612e-24 2.883371e-25
1.661250e+02 1.494731e-24 4.055093e-25
1.662250e+02 5.518382e-21 3.766866e-21
1.663250e+02 6.254637e-20 3.867381e-20
1.664250e+02 4.859065e-19 2.480358e-19
1.665250e+02 2.346884e-18 8.705919e-19
1.666250e+02 1.004501e-17 1.903304e-18
1.667250e+02 9.794888e-18 1.593995e-18
1.668250e+02 1.948034e-18 4.636752e-19
1.669250e+02 1.264826e-18 3.348685e-19
1.670250e+02 2.043929e-18 3.814703e-19
1.671250e+02 1.076779e-18 1.709102e-19
1.672250e+02 1.737096e-20 8.811494e-21
1.673250e+02 1.872655e-24 4.726111e-25
1.674250e+02 1.271447e-24 3.675941e-25
1.675250e+02 9.845026e-25 3.257626e-25
1.676250e+02 8.237732e-25 3.112256e-25
1.677250e+02 7.303380e-25 3.137993e-25
1.678250e+02 6.800375e-25 3.304439e-25
1.679250e+02 6.625590e-25 3.615445e-25
1.680250e+02 6.750673e-25 4.103817e-25
1.681250e+02 7.208984e-25 4.839526e-25
1.682250e+02 8.112171e-25 5.957819e-25
1.683250e+02 9.716039e-25 7.730270e-25
1.684250e+02 1.260608e-24 1.075305e-24
1.685250e+02 1.833792e-24 1.658958e-24
1.686250e+02 3.237713e-24 3.071087e-24
1.687250e+02 9.370408e-24 9.210137e-24
1.688250e+02 7.779940e-18 7.779940e-18
1.689250e+02 1.293496e-17 1.293496e-17
1.690250e+02 6.196469e-18 6.196469e-18
1.691250e+02 3.374930e-18 3.374930e-18
1.692250e+02 2.784776e-18 2.784776e-18
1.693250e+02 5.145795e-19 5.145794e-19
1.694250e+02 7.544821e-20 7.544806e-20
1.695250e+02 1.313223e-20 1.313208e-20
1.696250e+02 1.244963e-21 1.244808e-21
1.697250e+02 8.461671e-25 6.870060e-25
1.698250e+02 7.383222e-25 5.744139e-25
1.699250e+02 6.810347e-25 5.114608e-25
1.700250e+02 6.578510e-25 4.816219e-25
1.701250e+02 6.636960e-25 4.797355e-25
1.702250e+02 7.013107e-25 5.084295e-25
1.703250e+02 7.840339e-25 5.808958e-25
1.704250e+02 9.486552e-25 7.337575e-25
1.705250e+02 1.309134e-24 1.080747e-24
1.706250e+02 2.400928e-24 2.157050e-24
1.707250e+02 4.113453e-19 4.113450e-19
1.708250e+02 2.110870e-18 2.110869e-18
1.709250e+02 2.314197e-18 2.314197e-18
1.710250e+02 1.204146e-18 1.204146e-18
1.711250e+02 7.236118e-19 7.236114e-19
1.712250e+02 1.873718e-19 1.873714e-19
1.713250e+02 6.979463e-20 6.979418e-20
1.714250e+02 2.202377e-20 2.202326e-20
1.715250e+02 5.824377e-21 5.823803e-21
1.716250e+02 1.953225e-21 1.952567e-21
1.717250e+02 8.776679e-22 8.769055e-22
1.718250e+02 1.462581e-22 1.453615e-22
1.719250e+02 5.404430e-23 5.297157e-23
1.720250e+02 2.367762e-23 2.236737e-23
1.721250e+02 7.697940e-24 6.054928e-24
1.722250e+02 5.244762e-22 3.174438e-22
1.723250e+02 4.025690e-21 2.306746e-21
1.724250e+02 1.881292e-20 9.947504e-21
1.725250e+02 1.436063e-19 6.417760e-20
1.726250e+02 7.241417e-19 2.632342e-19
1.727250e+02 2.369765e-18 6.573172e-19
1.728250e+02 9.180345e-18 1.696767e-18
1.729250e+02 3.182139e-17 3.152469e-18
1.730250e+02 2.932563e-17 2.469860e-18
1.731250e+02 5.510015e-18 7.108204e-19
1.732250e+02 2.512749e-18 4.107051e-19
1.733250e+02 5.537101e-18 5.273050e-19
1.734250e+02 3.939649e-18 3.188416e-19
1.735250e+02 3.213357e-19 5.566591e-20
1.736250e+02 6.010664e-24 9.861050e-25
1.737250e+02 3.889749e-24 8.065625e-25
1.738250e+02 2.941863e-24 7.519688e-25
1.739250e+02 2.415500e-24 7.481945e-25
1.740250e+02 2.103687e-24 7.776664e-25
1.741250e+02 1.923901e-24 8.364408e-25
1.742250e+02 1.840314e-24 9.273320e-25
1.743250e+02 1.840237e-24 1.059102e-24
1.744250e+02 1.928331e-24 1.249565e-24
1.745250e+02 2.130235e-24 1.532502e-24
1.746250e+02 2.509964e-24 1.977451e-24
1.747250e+02 3.228920e-24 2.749655e-24
1.748250e+02 4.789236e-24 4.353873e-24
1.749250e+02 4.542932e-20 4.542893e-20
1.750250e+02 2.898313e-18 2.898313e-18
1.751250e+02 1.805118e-17 1.805118e-17
1.752250e+02 2.119880e-17 2.119880e-17
1.753250e+02 9.174056e-18 9.174056e-18
1.754250e+02 5.179318e-18 5.179318e-18
1.755250e+02 3.542209e-18 3.542209e-18
1.756250e+02 1.993395e-18 1.993394e-18
1.757250e+02 5.216908e-19 5.216905e-19
1.758250e+02 7.665602e-20 7.665578e-20
1.759250e+02 5.569062e-21 5.568824e-21
1.760250e+02 2.049530e-23 2.026299e-23
1.761250e+02 2.680461e-22 2.678177e-22
1.762250e+02 2.102905e-17 2.102905e-17
1.763250e+02 2.684605e-17 2.684605e-17
1.764250e+02 9.028101e-18 9.028101e-18
1.765250e+02 5.933447e-18 5.933447e-18
1.766250e+02 3.645756e-18 3.645755e-18
1.767250e+02 1.080807e-18 1.080807e-18
1.768250e+02 2.019413e-19 2.019411e-19
1.769250e+02 6.142201e-20 6.142177e-20
1.770250e+02 1.341244e-20 1.341219e-20
1.771250e+02 2.222518e-21 2.222267e-21
1.772250e+02 3.248895e-22 3.246301e-22
1.773250e+02 1.841750e-24 1.571694e-24
1.774250e+02 1.624844e-24 1.342219e-24
1.775250e+02 1.478259e-24 1.180917e-24
1.776250e+02 1.381953e-24 1.067409e-24
1.777250e+02 1.325469e-24 9.908219e-25
1.778250e+02 1.304202e-24 9.460252e-25
1.779250e+02 1.318380e-24 9.325972e-25
1.780250e+02 1.373946e-24 9.556180e-25
1.781250e+02 1.486182e-24 1.029288e-24
1.782250e+02 1.690514e-24 1.187573e-24
1.783250e+02 2.077010e-24 1.518616e-24
1.784250e+02 2.938385e-24 2.312558e-24
1.785250e+02 6.008779e-24 5.299904e-24
1.786250e+02 1.754433e-18 1.754432e-18
1.787250e+02 3.864899e-18 3.864898e-18
1.788250e+02 2.777130e-18 2.777129e-18
1.789250e+02 1.547184e-18 1.547183e-18
1.790250e+02 1.069577e-18 1.069575e-18
1.791250e+02 2.402465e-19 2.402444e-19
1.792250e+02 6.007661e-20 6.007371e-20
1.793250e+02 3.080160e-20 1.985910e-20
1.794250e+02 1.309425e-19 4.836172e-20
1.795250e+02 4.064151e-19 1.172770e-19
1.796250e+02 1.544892e-18 3.369517e-19
1.797250e+02 5.230121e-18 8.160723e-19
1.798250e+02 1.698575e-17 1.553366e-18
1.799250e+02 3.332914e-17 1.831648e-18
1.800250e+02 2.175735e-17 1.052069e-18
1.801250e+02 2.165772e-18 3.196439e-19
1.802250e+02 3.192867e-18 2.942984e-19
1.803250e+02 6.006268e-18 3.395728e-19
1.804250e+02 3.664020e-18 1.687057e-19
1.805250e+02 1.166112e-19 1.804920e-20
1.806250e+02 5.897668e-24 8.949996e-25
1.807250e+02 3.968008e-24 8.053338e-25
1.808250e+02 3.063445e-24 7.860824e-25
1.809250e+02 2.552291e-24 8.021097e-25
1.810250e+02 2.249248e-24 8.477117e-25
1.811250e+02 2.086012e-24 9.302655e-25
1.812250e+02 2.056451e-24 1.081900e-24
1.813250e+02 2.300598e-24 1.464040e-24
1.814250e+02 1.561760e-19 1.561753e-19
1.815250e+02 5.082630e-19 5.082623e-19
1.816250e+02 4.518934e-19 4.518929e-19
1.817250e+02 2.123588e-19 2.123583e-19
1.818250e+02 1.612823e-19 1.612818e-19
1.819250e+02 7.230860e-20 7.230817e-20
1.820250e+02 3.557019e-20 3.556979e-20
1.821250e+02 1.773886e-20 1.773849e-20
1.822250e+02 8.125791e-21 8.125449e-21
1.823250e+02 1.380976e-19 1.380973e-19
1.824250e+02 7.950293e-19 7.950290e-19
1.825250e+02 3.448680e-18 3.448680e-18
1.826250e+02 1.315921e-17 1.315921e-17
1.827250e+02 3.816637e-17 3.816637e-17
1.828250e+02 5.443027e-17 5.443027e-17
1.829250e+02 3.494321e-17 3.494321e-17
1.830250e+02 1.036406e-17 1.036406e-17
1.831250e+02 6.355946e-18 6.355946e-18
1.832250e+02 9.502920e-18 9.502920e-18
1.833250e+02 6.359548e-18 6.359547e-18
1.834250e+02 1.145174e-18 1.145174e-18
1.835250e+02 7.055838e-24 6.841036e-24
1.836250e+02 4.427289e-24 4.213675e-24
1.837250e+02 3.321400e-24 3.107961e-24
1.838250e+02 2.713023e-24 2.498636e-24
1.839250e+02 2.360071e-24 2.143393e-24
1.840250e+02 2.182171e-24 1.961403e-24
1.841250e+02 2.174181e-24 1.946506e-24
1.842250e+02 2.427653e-24 2.187500e-24
1.843250e+02 3.385710e-24 3.116901e-24
1.844250e+02 1.041928e-23 9.981829e-24
1.845250e+02 2.405411e-18 2.350086e-18
1.846250e+02 3.517619e-18 3.436714e-18
1.847250e+02 1.597699e-18 1.560951e-18
1.848250e+02 1.043785e-18 1.019777e-18
1.849250e+02 7.874509e-19 7.693393e-19
1.850250e+02 3.117756e-19 3.046045e-19
1.851250e+02 1.069287e-19 1.044690e-19
1.852250e+02 4.017412e-20 3.924982e-20
1.853250e+02 2.143579e-20 2.094246e-20
1.854250e+02 7.520626e-21 7.347325e-21
1.855250e+02 3.575915e-21 3.493318e-21
1.856250e+02 1.037256e-21 1.013019e-21
1.857250e+02 2.597894e-22 2.534010e-22
1.858250e+02 5.529766e-23 5.357302e-23
1.859250e+02 1.093889e-24 5.689452e-25
1.860250e+02 1.130781e-24 5.485467e-25
1.861250e+02 1.186343e-24 5.343302e-25
1.862250e+02 1.262902e-24 5.248399e-25
1.863250e+02 1.365151e-24 5.192972e-25
1.864250e+02 1.500489e-24 5.172354e-25
1.865250e+02 1.680895e-24 5.184021e-25
1.866250e+02 1.926149e-24 5.227714e-25
1.867250e+02 2.270086e-24 5.306087e-25
1.868250e+02 2.786319e-24 5.431836e-25
1.869250e+02 7.093549e-21 3.489446e-22
1.870250e+02 4.981227e-20 2.034965e-21
1.871250e+02 1.722880e-19 5.744068e-21
1.872250e+02 5.016052e-19 1.311964e-20
1.873250e+02 1.509629e-18 3.205215e-20
1.874250e+02 5.380406e-18 8.091545e-20
1.875250e+02 1.690280e-17 1.362259e-19
1.876250e+02 2.748130e-17 1.349814e-19
1.877250e+02 1.573336e-17 6.825920e-20
1.878250e+02 1.647194e-18 2.171586e-20
1.879250e+02 2.568426e-18 2.278993e-20
1.880250e+02 5.264130e-18 2.525333e-20
1.881250e+02 4.235558e-18 1.728480e-20
1.882250e+02 8.066617e-19 4.717844e-21
1.883250e+02 7.444080e-24 1.024114e-24
1.884250e+02 4.718460e-24 1.082411e-24
1.885250e+02 3.712191e-24 1.159866e-24
1.886250e+02 3.214217e-24 1.251945e-24
1.887250e+02 2.954193e-24 1.359522e-24
1.888250e+02 2.833788e-24 1.485176e-24
1.889250e+02 2.810126e-24 1.632086e-24
1.890250e+02 2.863162e-24 1.805094e-24
1.891250e+02 2.985204e-24 2.010296e-24
1.892250e+02 3.176211e-24 2.255758e-24
1.893250e+02 3.443186e-24 2.553084e-24
1.894250e+02 3.798952e-24 2.917077e-24
1.895250e+02 4.266245e-24 3.370446e-24
1.896250e+02 4.878227e-24 3.944189e-24
1.897250e+02 5.689683e-24 4.688086e-24
1.898250e+02 6.785182e-24 5.677813e-24
1.899250e+02 8.318319e-24 7.050157e-24
1.900250e+02 9.375715e-22 8.433563e-22
1.901250e+02 3.841870e-21 3.457183e-21
1.902250e+02 1.470358e-20 1.323265e-20
1.903250e+02 6.404048e-20 5.763574e-20
1.904250e+02 2.363256e-19 2.126921e-19
1.905250e+02 8.077834e-19 7.270037e-19
1.906250e+02 2.960380e-18 2.664339e-18
1.907250e+02 7.999141e-18 7.199217e-18
1.908250e+02 1.814290e-17 1.097982e-17
1.909250e+02 2.279625e-17 9.929278e-18
1.910250e+02 1.461293e-17 6.383691e-18
1.911250e+02 5.641953e-18 2.982902e-18
1.912250e+02 2.651245e-18 1.630312e-18
1.913250e+02 4.198296e-18 1.856904e-18
1.914250e+02 3.864221e-18 1.219193e-18
1.915250e+02 9.746465e-19 3.479802e-19
1.916250e+02 2.536762e-21 1.501114e-22
1.917250e+02 1.514732e-23 1.316828e-23
1.918250e+02 1.073066e-23 9.296679e-24
1.919250e+02 8.229564e-24 7.110013e-24
1.920250e+02 6.588657e-24 5.677564e-24
1.921250e+02 5.430424e-24 4.667588e-24
1.922250e+02 4.570768e-24 3.918649e-24
1.923250e+02 3.911759e-24 3.344965e-24
1.924250e+02 3.392905e-24 2.893598e-24
1.925250e+02 2.975745e-24 2.530912e-24
1.926250e+02 2.635014e-24 2.234815e-24
1.927250e+02 2.352408e-24 1.989314e-24
1.928250e+02 2.115326e-24 1.783391e-24
1.929250e+02 1.914358e-24 1.608823e-24
1.930250e+02 1.742460e-24 1.459448e-24
1.931250e+02 1.594190e-24 1.330504e-24
1.932250e+02 1.465559e-24 1.218489e-24
1.933250e+02 1.353173e-24 1.120420e-24
1.934250e+02 1.254546e-24 1.034098e-24
1.935250e+02 1.167667e-24 9.577317e-25
1.936250e+02 1.090761e-24 8.897199e-25
1.937250e+02 1.022655e-24 8.289732e-25
1.938250e+02 9.622236e-25 7.744194e-25
1.939250e+02 9.087273e-25 7.252883e-25
1.940250e+02 8.615211e-25 6.808294e-25
1.941250e+02 8.203045e-25 6.404846e-25
1.942250e+02 7.851599e-25 6.037533e-25
1.943250e+02 7.576756e-25 5.701941e-25
1.944250e+02 1.905273e-19 5.394823e-25
1.945250e+02 6.779134e-19 5.112699e-25
1.946250e+02 6.024266e-19 4.853176e-25
1.947250e+02 1.945763e-19 4.613481e-25
1.948250e+02 1.751881e-19 4.391992e-25
1.949250e+02 1.275166e-19 4.186656e-25
1.950250e+02 5.724711e-20 3.996028e-25
1.951250e+02 5.485697e-20 3.818718e-25
1.952250e+02 1.085965e-19 3.653499e-25
1.953250e+02 3.836675e-19 3.499280e-25
1.954250e+02 1.250171e-18 3.355093e-25
1.955250e+02 2.873214e-18 3.220001e-25
1.956250e+02 2.506894e-18 3.093383e-25
1.957250e+02 6.047251e-19 2.974336e-25
1.958250e+02 1.010130e-19 2.862451e-25
1.959250e+02 2.861957e-19 2.757034e-25
1.960250e+02 5.815908e-19 2.657647e-25
1.961250e+02 4.165466e-19 2.563831e-25
1.962250e+02 4.622914e-20 2.475170e-25
1.963250e+02 6.794280e-25 2.391242e-25
1.964250e+02 5.089804e-25 2.311799e-25
1.965250e+02 4.338894e-25 2.236393e-25
1.966250e+02 3.879269e-25 2.164915e-25
1.967250e+02 3.555455e-25 2.096937e-25
1.968250e+02 3.308841e-25 2.032341e-25
1.969250e+02 3.110687e-25 1.970831e-25
1.970250e+02 2.945528e-25 1.912212e-25
1.971250e+02 2.804234e-25 1.856365e-25
1.972250e+02 2.680626e-25 1.803024e-25
1.973250e+02 2.570988e-25 1.752155e-25
1.974250e+02 2.472258e-25 1.703493e-25
1.975250e+02 2.382591e-25 1.656990e-25
1.976250e+02 2.300366e-25 1.612467e-25
1.977250e+02 2.224484e-25 1.569835e-25
1.978250e+02 2.154008e-25 1.528964e-25
1.979250e+02 2.088303e-25 1.489800e-25
1.980250e+02 2.026683e-25 1.452183e-25
1.981250e+02 1.968819e-25 1.416114e-25
1.982250e+02 1.914184e-25 1.381428e-25
1.983250e+02 1.862549e-25 1.348111e-25
1.984250e+02 1.813545e-25 1.316035e-25
1.985250e+02 1.767020e-25 1.285192e-25
1.986250e+02 1.722712e-25 1.255483e-25
1.987250e+02 1.680470e-25 1.226868e-25
1.988250e+02 1.640134e-25 1.199295e-25
1.989250e+02 1.601541e-25 1.172695e-25
1.990250e+02 1.564591e-25 1.147038e-25
1.991250e+02 1.529172e-25 1.122278e-25
1.992250e+02 1.495185e-25 1.098374e-25
1.993250e+02 1.462519e-25 1.075271e-25
1.994250e+02 1.431112e-25 1.052948e-25
1.995250e+02 1.400872e-25 1.031354e-25
1.996250e+02 1.371750e-25 1.010472e-25
1.997250e+02 1.343682e-25 9.902683e-26
1.998250e+02 1.316612e-25 9.707139e-26
1.999250e+02 1.275449e-25 9.408623e-26
2.000250e+02 1.934882e-20 3.600352e-26
2.001250e+02 2.545977e-21 8.618009e-26
2.002250e+02 4.582656e-21 8.009532e-26
2.003250e+02 6.619336e-21 7.401056e-26
2.004250e+02 8.656016e-21 6.792580e-26
2.005250e+02 1.069270e-20 6.184103e-26
2.006250e+02 1.272938e-20 5.575627e-26
2.007250e+02 1.476605e-20 4.967151e-26
2.008250e+02 1.680273e-20 4.358674e-26
2.009250e+02 1.883941e-20 3.750198e-26
2.010250e+02 2.087609e-20 3.141721e-26
2.011250e+02 2.291277e-20 2.533245e-26
2.012250e+02 2.494945e-20 1.924769e-26
2.013250e+02 2.698613e-20 1.316292e-26
2.014250e+02 2.902281e-20 7.078161e-27
2.015250e+02 3.105949e-20 9.933976e-28
