# O2 cross sections
# From the Leiden database for photodissociation and photoionization of astrophysically relevant molecules, http://home.strw.leidenuniv.nl/~ewine/photo/
# File last modified by Alan Heays 2017-03-01
# references: matsunaga1967, holland1993 10.1016/0301-0104(93)80148-3, ogawa1975, lu2010 10.1051/0004-6361/201013998, yoshino1992 10.1016/0032-0633(92)90056-T, yoshino1988 10.1016/0032-0633(88)90012-8,
# no info on lines
# wavelength: (nm)
# photoabsorption   -- Photoabsorption cross section (cm2)
# photoionisation   -- Photoionisation cross section (cm2)
# This version has been resampled to a uniform 0.1nm grid while maintaining a constant integrated cross section (using trapezoidal integration).
# wavelength photoabsorption photoionisation
5.000000e+00 4.748520e-19 4.748520e-19
5.100000e+00 6.081597e-19 6.081597e-19
5.200000e+00 6.418676e-19 6.418676e-19
5.300000e+00 6.732875e-19 6.732875e-19
5.400000e+00 7.012995e-19 7.012995e-19
5.500000e+00 7.282518e-19 7.282518e-19
5.600000e+00 7.552040e-19 7.552040e-19
5.700000e+00 7.818882e-19 7.818882e-19
5.800000e+00 8.047815e-19 8.047815e-19
5.900000e+00 8.228135e-19 8.228135e-19
6.000000e+00 8.395764e-19 8.395764e-19
6.100000e+00 8.563645e-19 8.563645e-19
6.200000e+00 8.731525e-19 8.731525e-19
6.300000e+00 8.906863e-19 8.906863e-19
6.400000e+00 9.161650e-19 9.161650e-19
6.500000e+00 9.505555e-19 9.505555e-19
6.600000e+00 9.866305e-19 9.866305e-19
6.700000e+00 1.022760e-18 1.022760e-18
6.800000e+00 1.058889e-18 1.058889e-18
6.900000e+00 1.094964e-18 1.094964e-18
7.000000e+00 1.131037e-18 1.131037e-18
7.100000e+00 1.165178e-18 1.165178e-18
7.200000e+00 1.196491e-18 1.196491e-18
7.300000e+00 1.226941e-18 1.226941e-18
7.400000e+00 1.257391e-18 1.257391e-18
7.500000e+00 1.287796e-18 1.287796e-18
7.600000e+00 1.318246e-18 1.318246e-18
7.700000e+00 1.348696e-18 1.348696e-18
7.800000e+00 1.379100e-18 1.379100e-18
7.900000e+00 1.409550e-18 1.409550e-18
8.000000e+00 1.444894e-18 1.444894e-18
8.100000e+00 1.489950e-18 1.489950e-18
8.200000e+00 1.539975e-18 1.539975e-18
8.300000e+00 1.590000e-18 1.590000e-18
8.400000e+00 1.639950e-18 1.639950e-18
8.500000e+00 1.689975e-18 1.689975e-18
8.600000e+00 1.740000e-18 1.740000e-18
8.700000e+00 1.789950e-18 1.789950e-18
8.800000e+00 1.839975e-18 1.839975e-18
8.900000e+00 1.890000e-18 1.890000e-18
9.000000e+00 1.939950e-18 1.939950e-18
9.100000e+00 1.989963e-18 1.989963e-18
9.200000e+00 2.039555e-18 2.039555e-18
9.300000e+00 2.088470e-18 2.088470e-18
9.400000e+00 2.137259e-18 2.137259e-18
9.500000e+00 2.186049e-18 2.186049e-18
9.600000e+00 2.234766e-18 2.234766e-18
9.700000e+00 2.283556e-18 2.283556e-18
9.800000e+00 2.332346e-18 2.332346e-18
9.900000e+00 2.381062e-18 2.381062e-18
1.000000e+01 2.429852e-18 2.429852e-18
1.010000e+01 2.478642e-18 2.478642e-18
1.020000e+01 2.527359e-18 2.527359e-18
1.030000e+01 2.576148e-18 2.576148e-18
1.040000e+01 2.624938e-18 2.624938e-18
1.050000e+01 2.673655e-18 2.673655e-18
1.060000e+01 2.722445e-18 2.722445e-18
1.070000e+01 2.771235e-18 2.771235e-18
1.080000e+01 2.822321e-18 2.822321e-18
1.090000e+01 2.878232e-18 2.878232e-18
1.100000e+01 2.936522e-18 2.936522e-18
1.110000e+01 2.994724e-18 2.994724e-18
1.120000e+01 3.053014e-18 3.053014e-18
1.130000e+01 3.111304e-18 3.111304e-18
1.140000e+01 3.169507e-18 3.169507e-18
1.150000e+01 3.227797e-18 3.227797e-18
1.160000e+01 3.286087e-18 3.286087e-18
1.170000e+01 3.344290e-18 3.344290e-18
1.180000e+01 3.402580e-18 3.402580e-18
1.190000e+01 3.460870e-18 3.460870e-18
1.200000e+01 3.519072e-18 3.519072e-18
1.210000e+01 3.577362e-18 3.577362e-18
1.220000e+01 3.635652e-18 3.635652e-18
1.230000e+01 3.693855e-18 3.693855e-18
1.240000e+01 3.752145e-18 3.752145e-18
1.250000e+01 3.810435e-18 3.810435e-18
1.260000e+01 3.868637e-18 3.868637e-18
1.270000e+01 3.926927e-18 3.926927e-18
1.280000e+01 3.985217e-18 3.985217e-18
1.290000e+01 4.043420e-18 4.043420e-18
1.300000e+01 4.101710e-18 4.101710e-18
1.310000e+01 4.164555e-18 4.164555e-18
1.320000e+01 4.236394e-18 4.236394e-18
1.330000e+01 4.312903e-18 4.312903e-18
1.340000e+01 4.389412e-18 4.389412e-18
1.350000e+01 4.465806e-18 4.465806e-18
1.360000e+01 4.542315e-18 4.542315e-18
1.370000e+01 4.618824e-18 4.618824e-18
1.380000e+01 4.695218e-18 4.695218e-18
1.390000e+01 4.771727e-18 4.771727e-18
1.400000e+01 4.848235e-18 4.848235e-18
1.410000e+01 4.924629e-18 4.924629e-18
1.420000e+01 5.001138e-18 5.001138e-18
1.430000e+01 5.077647e-18 5.077647e-18
1.440000e+01 5.154041e-18 5.154041e-18
1.450000e+01 5.230550e-18 5.230550e-18
1.460000e+01 5.307059e-18 5.307059e-18
1.470000e+01 5.383453e-18 5.383453e-18
1.480000e+01 5.459962e-18 5.459962e-18
1.490000e+01 5.536471e-18 5.536471e-18
1.500000e+01 5.612865e-18 5.612865e-18
1.510000e+01 5.689374e-18 5.689374e-18
1.520000e+01 5.765882e-18 5.765882e-18
1.530000e+01 5.842276e-18 5.842276e-18
1.540000e+01 5.918785e-18 5.918785e-18
1.550000e+01 5.995294e-18 5.995294e-18
1.560000e+01 6.071688e-18 6.071688e-18
1.570000e+01 6.148197e-18 6.148197e-18
1.580000e+01 6.224706e-18 6.224706e-18
1.590000e+01 6.301100e-18 6.301100e-18
1.600000e+01 6.377609e-18 6.377609e-18
1.610000e+01 6.454118e-18 6.454118e-18
1.620000e+01 6.530512e-18 6.530512e-18
1.630000e+01 6.607021e-18 6.607021e-18
1.640000e+01 6.683529e-18 6.683529e-18
1.650000e+01 6.757476e-18 6.757476e-18
1.660000e+01 6.826633e-18 6.826633e-18
1.670000e+01 6.893333e-18 6.893333e-18
1.680000e+01 6.963262e-18 6.963262e-18
1.690000e+01 7.039960e-18 7.039960e-18
1.700000e+01 7.121251e-18 7.121251e-18
1.710000e+01 7.204915e-18 7.204915e-18
1.720000e+01 7.282888e-18 7.282888e-18
1.730000e+01 7.346667e-18 7.346667e-18
1.740000e+01 7.403277e-18 7.403277e-18
1.750000e+01 7.478269e-18 7.478269e-18
1.760000e+01 7.590000e-18 7.590000e-18
1.770000e+01 7.704060e-18 7.704060e-18
1.780000e+01 7.786633e-18 7.786633e-18
1.790000e+01 7.853333e-18 7.853333e-18
1.800000e+01 7.920765e-18 7.920765e-18
1.810000e+01 7.989965e-18 7.989965e-18
1.820000e+01 8.064169e-18 8.064169e-18
1.830000e+01 8.146580e-18 8.146580e-18
1.840000e+01 8.233290e-18 8.233290e-18
1.850000e+01 8.308328e-18 8.308328e-18
1.860000e+01 8.359960e-18 8.359960e-18
1.870000e+01 8.399980e-18 8.399980e-18
1.880000e+01 8.449171e-18 8.449171e-18
1.890000e+01 8.516590e-18 8.516590e-18
1.900000e+01 8.593295e-18 8.593295e-18
1.910000e+01 8.670000e-18 8.670000e-18
1.920000e+01 8.746590e-18 8.746590e-18
1.930000e+01 8.823295e-18 8.823295e-18
1.940000e+01 8.898333e-18 8.898333e-18
1.950000e+01 8.969930e-18 8.969930e-18
1.960000e+01 9.039965e-18 9.039965e-18
1.970000e+01 9.115836e-18 9.115836e-18
1.980000e+01 9.203240e-18 9.203240e-18
1.990000e+01 9.296620e-18 9.296620e-18
2.000000e+01 9.386665e-18 9.386665e-18
2.010000e+01 9.469920e-18 9.469920e-18
2.020000e+01 9.549960e-18 9.549960e-18
2.030000e+01 9.621871e-18 9.621871e-18
2.040000e+01 9.677453e-18 9.677453e-18
2.050000e+01 9.724977e-18 9.724977e-18
2.060000e+01 9.772500e-18 9.772500e-18
2.070000e+01 9.831394e-18 9.831394e-18
2.080000e+01 9.913287e-18 9.913287e-18
2.090000e+01 1.000667e-17 1.000667e-17
2.100000e+01 1.008909e-17 1.008909e-17
2.110000e+01 1.014998e-17 1.014998e-17
2.120000e+01 1.020000e-17 1.020000e-17
2.130000e+01 1.024995e-17 1.024995e-17
2.140000e+01 1.030621e-17 1.030621e-17
2.150000e+01 1.037500e-17 1.037500e-17
2.160000e+01 1.044993e-17 1.044993e-17
2.170000e+01 1.052496e-17 1.052496e-17
2.180000e+01 1.060625e-17 1.060625e-17
2.190000e+01 1.069990e-17 1.069990e-17
2.200000e+01 1.079995e-17 1.079995e-17
2.210000e+01 1.090625e-17 1.090625e-17
2.220000e+01 1.102487e-17 1.102487e-17
2.230000e+01 1.114994e-17 1.114994e-17
2.240000e+01 1.127500e-17 1.127500e-17
2.250000e+01 1.138365e-17 1.138365e-17
2.260000e+01 1.145997e-17 1.145997e-17
2.270000e+01 1.152000e-17 1.152000e-17
2.280000e+01 1.157994e-17 1.157994e-17
2.290000e+01 1.163997e-17 1.163997e-17
2.300000e+01 1.170375e-17 1.170375e-17
2.310000e+01 1.177492e-17 1.177492e-17
2.320000e+01 1.184996e-17 1.184996e-17
2.330000e+01 1.192500e-17 1.192500e-17
2.340000e+01 1.200617e-17 1.200617e-17
2.350000e+01 1.209995e-17 1.209995e-17
2.360000e+01 1.220000e-17 1.220000e-17
2.370000e+01 1.229990e-17 1.229990e-17
2.380000e+01 1.239496e-17 1.239496e-17
2.390000e+01 1.248000e-17 1.248000e-17
2.400000e+01 1.255992e-17 1.255992e-17
2.410000e+01 1.263996e-17 1.263996e-17
2.420000e+01 1.272000e-17 1.272000e-17
2.430000e+01 1.280491e-17 1.280491e-17
2.440000e+01 1.289995e-17 1.289995e-17
2.450000e+01 1.300000e-17 1.300000e-17
2.460000e+01 1.309990e-17 1.309990e-17
2.470000e+01 1.319995e-17 1.319995e-17
2.480000e+01 1.328999e-17 1.328999e-17
2.490000e+01 1.335994e-17 1.335994e-17
2.500000e+01 1.341997e-17 1.341997e-17
2.510000e+01 1.348000e-17 1.348000e-17
2.520000e+01 1.353994e-17 1.353994e-17
2.530000e+01 1.361494e-17 1.361494e-17
2.540000e+01 1.372000e-17 1.372000e-17
2.550000e+01 1.383988e-17 1.383988e-17
2.560000e+01 1.395994e-17 1.395994e-17
2.570000e+01 1.408000e-17 1.408000e-17
2.580000e+01 1.419073e-17 1.419073e-17
2.590000e+01 1.428329e-17 1.428329e-17
2.600000e+01 1.436667e-17 1.436667e-17
2.610000e+01 1.444992e-17 1.444992e-17
2.620000e+01 1.453329e-17 1.453329e-17
2.630000e+01 1.461667e-17 1.461667e-17
2.640000e+01 1.469576e-17 1.469576e-17
2.650000e+01 1.476663e-17 1.476663e-17
2.660000e+01 1.483333e-17 1.483333e-17
2.670000e+01 1.489993e-17 1.489993e-17
2.680000e+01 1.496663e-17 1.496663e-17
2.690000e+01 1.503333e-17 1.503333e-17
2.700000e+01 1.509993e-17 1.509993e-17
2.710000e+01 1.516663e-17 1.516663e-17
2.720000e+01 1.523333e-17 1.523333e-17
2.730000e+01 1.529993e-17 1.529993e-17
2.740000e+01 1.536663e-17 1.536663e-17
2.750000e+01 1.543333e-17 1.543333e-17
2.760000e+01 1.550409e-17 1.550409e-17
2.770000e+01 1.558329e-17 1.558329e-17
2.780000e+01 1.566667e-17 1.566667e-17
2.790000e+01 1.574992e-17 1.574992e-17
2.800000e+01 1.583329e-17 1.583329e-17
2.810000e+01 1.591667e-17 1.591667e-17
2.820000e+01 1.599576e-17 1.599576e-17
2.830000e+01 1.606663e-17 1.606663e-17
2.840000e+01 1.613333e-17 1.613333e-17
2.850000e+01 1.619993e-17 1.619993e-17
2.860000e+01 1.626663e-17 1.626663e-17
2.870000e+01 1.633333e-17 1.633333e-17
2.880000e+01 1.639399e-17 1.639399e-17
2.890000e+01 1.644284e-17 1.644284e-17
2.900000e+01 1.648571e-17 1.648571e-17
2.910000e+01 1.652853e-17 1.652853e-17
2.920000e+01 1.657141e-17 1.657141e-17
2.930000e+01 1.661429e-17 1.661429e-17
2.940000e+01 1.665710e-17 1.665710e-17
2.950000e+01 1.669998e-17 1.669998e-17
2.960000e+01 1.674286e-17 1.674286e-17
2.970000e+01 1.678567e-17 1.678567e-17
2.980000e+01 1.682855e-17 1.682855e-17
2.990000e+01 1.687143e-17 1.687143e-17
3.000000e+01 1.691424e-17 1.691424e-17
3.010000e+01 1.695712e-17 1.695712e-17
3.020000e+01 1.699553e-17 1.699553e-17
3.030000e+01 1.702497e-17 1.702497e-17
3.040000e+01 1.704999e-17 1.704999e-17
3.050000e+01 1.707500e-17 1.707500e-17
3.060000e+01 1.709997e-17 1.709997e-17
3.070000e+01 1.712499e-17 1.712499e-17
3.080000e+01 1.715000e-17 1.715000e-17
3.090000e+01 1.717497e-17 1.717497e-17
3.100000e+01 1.719687e-17 1.719687e-17
3.110000e+01 1.721250e-17 1.721250e-17
3.120000e+01 1.722499e-17 1.722499e-17
3.130000e+01 1.723749e-17 1.723749e-17
3.140000e+01 1.725000e-17 1.725000e-17
3.150000e+01 1.726249e-17 1.726249e-17
3.160000e+01 1.727499e-17 1.727499e-17
3.170000e+01 1.728750e-17 1.728750e-17
3.180000e+01 1.729999e-17 1.729999e-17
3.190000e+01 1.731249e-17 1.731249e-17
3.200000e+01 1.732500e-17 1.732500e-17
3.210000e+01 1.733749e-17 1.733749e-17
3.220000e+01 1.734999e-17 1.734999e-17
3.230000e+01 1.736250e-17 1.736250e-17
3.240000e+01 1.737499e-17 1.737499e-17
3.250000e+01 1.738749e-17 1.738749e-17
3.260000e+01 1.740243e-17 1.740243e-17
3.270000e+01 1.742220e-17 1.742220e-17
3.280000e+01 1.744443e-17 1.744443e-17
3.290000e+01 1.746667e-17 1.746667e-17
3.300000e+01 1.748887e-17 1.748887e-17
3.310000e+01 1.751110e-17 1.751110e-17
3.320000e+01 1.753333e-17 1.753333e-17
3.330000e+01 1.755553e-17 1.755553e-17
3.340000e+01 1.757777e-17 1.757777e-17
3.350000e+01 1.760000e-17 1.760000e-17
3.360000e+01 1.762220e-17 1.762220e-17
3.370000e+01 1.764443e-17 1.764443e-17
3.380000e+01 1.766667e-17 1.766667e-17
3.390000e+01 1.768887e-17 1.768887e-17
3.400000e+01 1.771110e-17 1.771110e-17
3.410000e+01 1.773333e-17 1.773333e-17
3.420000e+01 1.775553e-17 1.775553e-17
3.430000e+01 1.777777e-17 1.777777e-17
3.440000e+01 1.780195e-17 1.780195e-17
3.450000e+01 1.782997e-17 1.782997e-17
3.460000e+01 1.785999e-17 1.785999e-17
3.470000e+01 1.789000e-17 1.789000e-17
3.480000e+01 1.791997e-17 1.791997e-17
3.490000e+01 1.794999e-17 1.794999e-17
3.500000e+01 1.798000e-17 1.798000e-17
3.510000e+01 1.800997e-17 1.800997e-17
3.520000e+01 1.803999e-17 1.803999e-17
3.530000e+01 1.807000e-17 1.807000e-17
3.540000e+01 1.809702e-17 1.809702e-17
3.550000e+01 1.811817e-17 1.811817e-17
3.560000e+01 1.813636e-17 1.813636e-17
3.570000e+01 1.815453e-17 1.815453e-17
3.580000e+01 1.817272e-17 1.817272e-17
3.590000e+01 1.819091e-17 1.819091e-17
3.600000e+01 1.820907e-17 1.820907e-17
3.610000e+01 1.822726e-17 1.822726e-17
3.620000e+01 1.824545e-17 1.824545e-17
3.630000e+01 1.826362e-17 1.826362e-17
3.640000e+01 1.828181e-17 1.828181e-17
3.650000e+01 1.830455e-17 1.830455e-17
3.660000e+01 1.833633e-17 1.833633e-17
3.670000e+01 1.837271e-17 1.837271e-17
3.680000e+01 1.840909e-17 1.840909e-17
3.690000e+01 1.844542e-17 1.844542e-17
3.700000e+01 1.848180e-17 1.848180e-17
3.710000e+01 1.851818e-17 1.851818e-17
3.720000e+01 1.855451e-17 1.855451e-17
3.730000e+01 1.859089e-17 1.859089e-17
3.740000e+01 1.862727e-17 1.862727e-17
3.750000e+01 1.866360e-17 1.866360e-17
3.760000e+01 1.870130e-17 1.870130e-17
3.770000e+01 1.874167e-17 1.874167e-17
3.780000e+01 1.878329e-17 1.878329e-17
3.790000e+01 1.882498e-17 1.882498e-17
3.800000e+01 1.886667e-17 1.886667e-17
3.810000e+01 1.890829e-17 1.890829e-17
3.820000e+01 1.894998e-17 1.894998e-17
3.830000e+01 1.899167e-17 1.899167e-17
3.840000e+01 1.903329e-17 1.903329e-17
3.850000e+01 1.907498e-17 1.907498e-17
3.860000e+01 1.911667e-17 1.911667e-17
3.870000e+01 1.915829e-17 1.915829e-17
3.880000e+01 1.919582e-17 1.919582e-17
3.890000e+01 1.922500e-17 1.922500e-17
3.900000e+01 1.924998e-17 1.924998e-17
3.910000e+01 1.927499e-17 1.927499e-17
3.920000e+01 1.930000e-17 1.930000e-17
3.930000e+01 1.932498e-17 1.932498e-17
3.940000e+01 1.934999e-17 1.934999e-17
3.950000e+01 1.937500e-17 1.937500e-17
3.960000e+01 1.939998e-17 1.939998e-17
3.970000e+01 1.942499e-17 1.942499e-17
3.980000e+01 1.945000e-17 1.945000e-17
3.990000e+01 1.947498e-17 1.947498e-17
4.000000e+01 1.950527e-17 1.950527e-17
4.010000e+01 1.954615e-17 1.954615e-17
4.020000e+01 1.959226e-17 1.959226e-17
4.030000e+01 1.963844e-17 1.963844e-17
4.040000e+01 1.968462e-17 1.968462e-17
4.050000e+01 1.973072e-17 1.973072e-17
4.060000e+01 1.977690e-17 1.977690e-17
4.070000e+01 1.982308e-17 1.982308e-17
4.080000e+01 1.986918e-17 1.986918e-17
4.090000e+01 1.991536e-17 1.991536e-17
4.100000e+01 1.996154e-17 1.996154e-17
4.110000e+01 2.000765e-17 2.000765e-17
4.120000e+01 2.005382e-17 2.005382e-17
4.130000e+01 2.009346e-17 2.009346e-17
4.140000e+01 2.011998e-17 2.011998e-17
4.150000e+01 2.013999e-17 2.013999e-17
4.160000e+01 2.016000e-17 2.016000e-17
4.170000e+01 2.017998e-17 2.017998e-17
4.180000e+01 2.019999e-17 2.019999e-17
4.190000e+01 2.022000e-17 2.022000e-17
4.200000e+01 2.023998e-17 2.023998e-17
4.210000e+01 2.025999e-17 2.025999e-17
4.220000e+01 2.028000e-17 2.028000e-17
4.230000e+01 2.029998e-17 2.029998e-17
4.240000e+01 2.031999e-17 2.031999e-17
4.250000e+01 2.034000e-17 2.034000e-17
4.260000e+01 2.035998e-17 2.035998e-17
4.270000e+01 2.037999e-17 2.037999e-17
4.280000e+01 2.040167e-17 2.040167e-17
4.290000e+01 2.042664e-17 2.042664e-17
4.300000e+01 2.045332e-17 2.045332e-17
4.310000e+01 2.048000e-17 2.048000e-17
4.320000e+01 2.050664e-17 2.050664e-17
4.330000e+01 2.053332e-17 2.053332e-17
4.340000e+01 2.056000e-17 2.056000e-17
4.350000e+01 2.058664e-17 2.058664e-17
4.360000e+01 2.061332e-17 2.061332e-17
4.370000e+01 2.064000e-17 2.064000e-17
4.380000e+01 2.066664e-17 2.066664e-17
4.390000e+01 2.069332e-17 2.069332e-17
4.400000e+01 2.072000e-17 2.072000e-17
4.410000e+01 2.074664e-17 2.074664e-17
4.420000e+01 2.077332e-17 2.077332e-17
4.430000e+01 2.080115e-17 2.080115e-17
4.440000e+01 2.083122e-17 2.083122e-17
4.450000e+01 2.086249e-17 2.086249e-17
4.460000e+01 2.089375e-17 2.089375e-17
4.470000e+01 2.092497e-17 2.092497e-17
4.480000e+01 2.095623e-17 2.095623e-17
4.490000e+01 2.098750e-17 2.098750e-17
4.500000e+01 2.101872e-17 2.101872e-17
4.510000e+01 2.104998e-17 2.104998e-17
4.520000e+01 2.108125e-17 2.108125e-17
4.530000e+01 2.111247e-17 2.111247e-17
4.540000e+01 2.114373e-17 2.114373e-17
4.550000e+01 2.117500e-17 2.117500e-17
4.560000e+01 2.120622e-17 2.120622e-17
4.570000e+01 2.123748e-17 2.123748e-17
4.580000e+01 2.126875e-17 2.126875e-17
4.590000e+01 2.130326e-17 2.130326e-17
4.600000e+01 2.134442e-17 2.134442e-17
4.610000e+01 2.138889e-17 2.138889e-17
4.620000e+01 2.143329e-17 2.143329e-17
4.630000e+01 2.147776e-17 2.147776e-17
4.640000e+01 2.152222e-17 2.152222e-17
4.650000e+01 2.156662e-17 2.156662e-17
4.660000e+01 2.161109e-17 2.161109e-17
4.670000e+01 2.165556e-17 2.165556e-17
4.680000e+01 2.169996e-17 2.169996e-17
4.690000e+01 2.174442e-17 2.174442e-17
4.700000e+01 2.178889e-17 2.178889e-17
4.710000e+01 2.183329e-17 2.183329e-17
4.720000e+01 2.187776e-17 2.187776e-17
4.730000e+01 2.192222e-17 2.192222e-17
4.740000e+01 2.196662e-17 2.196662e-17
4.750000e+01 2.201109e-17 2.201109e-17
4.760000e+01 2.205556e-17 2.205556e-17
4.770000e+01 2.210200e-17 2.210200e-17
4.780000e+01 2.215260e-17 2.215260e-17
4.790000e+01 2.220526e-17 2.220526e-17
4.800000e+01 2.225784e-17 2.225784e-17
4.810000e+01 2.231050e-17 2.231050e-17
4.820000e+01 2.236316e-17 2.236316e-17
4.830000e+01 2.241574e-17 2.241574e-17
4.840000e+01 2.246839e-17 2.246839e-17
4.850000e+01 2.252105e-17 2.252105e-17
4.860000e+01 2.257363e-17 2.257363e-17
4.870000e+01 2.262629e-17 2.262629e-17
4.880000e+01 2.267895e-17 2.267895e-17
4.890000e+01 2.273153e-17 2.273153e-17
4.900000e+01 2.311620e-17 2.303183e-17
4.910000e+01 2.370097e-17 2.329591e-17
4.920000e+01 2.393874e-17 2.338415e-17
4.930000e+01 2.400123e-17 2.349963e-17
4.940000e+01 2.406294e-17 2.354722e-17
4.950000e+01 2.406135e-17 2.360582e-17
4.960000e+01 2.412536e-17 2.373034e-17
4.970000e+01 2.421867e-17 2.385127e-17
4.980000e+01 2.430900e-17 2.393516e-17
4.990000e+01 2.441467e-17 2.405440e-17
5.000000e+01 2.446997e-17 2.411994e-17
5.010000e+01 2.452696e-17 2.412381e-17
5.020000e+01 2.459398e-17 2.412227e-17
5.030000e+01 2.466354e-17 2.415367e-17
5.040000e+01 2.474558e-17 2.427401e-17
5.050000e+01 2.484478e-17 2.433034e-17
5.060000e+01 2.493603e-17 2.433388e-17
5.070000e+01 2.499566e-17 2.439463e-17
5.080000e+01 2.504422e-17 2.442194e-17
5.090000e+01 2.511227e-17 2.449977e-17
5.100000e+01 2.517075e-17 2.471856e-17
5.110000e+01 2.501849e-17 2.471287e-17
5.120000e+01 2.535561e-17 2.493074e-17
5.130000e+01 2.559894e-17 2.504514e-17
5.140000e+01 2.520391e-17 2.482782e-17
5.150000e+01 2.481251e-17 2.461140e-17
5.160000e+01 2.549220e-17 2.524894e-17
5.170000e+01 2.577720e-17 2.551481e-17
5.180000e+01 2.513203e-17 2.473078e-17
5.190000e+01 2.562759e-17 2.515440e-17
5.200000e+01 2.571586e-17 2.530945e-17
5.210000e+01 2.476454e-17 2.432854e-17
5.220000e+01 2.474480e-17 2.427918e-17
5.230000e+01 2.637446e-17 2.591539e-17
5.240000e+01 2.706691e-17 2.668927e-17
5.250000e+01 2.578931e-17 2.541758e-17
5.260000e+01 2.517629e-17 2.479511e-17
5.270000e+01 2.549833e-17 2.513187e-17
5.280000e+01 2.556017e-17 2.518853e-17
5.290000e+01 2.553474e-17 2.516163e-17
5.300000e+01 2.545874e-17 2.507070e-17
5.310000e+01 2.525647e-17 2.487412e-17
5.320000e+01 2.473975e-17 2.437207e-17
5.330000e+01 2.498677e-17 2.451381e-17
5.340000e+01 2.580553e-17 2.531488e-17
5.350000e+01 2.576992e-17 2.543443e-17
5.360000e+01 2.484562e-17 2.451668e-17
5.370000e+01 2.569358e-17 2.511933e-17
5.380000e+01 2.774180e-17 2.710213e-17
5.390000e+01 2.786794e-17 2.748709e-17
5.400000e+01 2.752762e-17 2.731692e-17
5.410000e+01 2.770120e-17 2.752733e-17
5.420000e+01 2.645696e-17 2.623960e-17
5.430000e+01 2.539261e-17 2.515285e-17
5.440000e+01 2.599068e-17 2.582889e-17
5.450000e+01 2.645166e-17 2.634781e-17
5.460000e+01 2.663200e-17 2.656815e-17
5.470000e+01 2.670349e-17 2.668587e-17
5.480000e+01 2.681029e-17 2.679958e-17
5.490000e+01 2.690761e-17 2.690180e-17
5.500000e+01 2.695664e-17 2.695641e-17
5.510000e+01 2.699069e-17 2.699069e-17
5.520000e+01 2.702381e-17 2.702381e-17
5.530000e+01 2.706573e-17 2.706573e-17
5.540000e+01 2.714150e-17 2.714150e-17
5.550000e+01 2.718180e-17 2.718180e-17
5.560000e+01 2.724285e-17 2.724285e-17
5.570000e+01 2.730864e-17 2.730864e-17
5.580000e+01 2.721932e-17 2.721932e-17
5.590000e+01 2.713271e-17 2.713271e-17
5.600000e+01 2.711048e-17 2.711048e-17
5.610000e+01 2.707935e-17 2.707935e-17
5.620000e+01 2.704745e-17 2.704745e-17
5.630000e+01 2.701929e-17 2.701929e-17
5.640000e+01 2.699330e-17 2.699330e-17
5.650000e+01 2.694544e-17 2.694544e-17
5.660000e+01 2.683547e-17 2.683547e-17
5.670000e+01 2.675824e-17 2.675824e-17
5.680000e+01 2.673709e-17 2.673709e-17
5.690000e+01 2.666934e-17 2.666934e-17
5.700000e+01 2.659912e-17 2.659912e-17
5.710000e+01 2.653104e-17 2.653104e-17
5.720000e+01 2.647645e-17 2.647645e-17
5.730000e+01 2.638131e-17 2.638131e-17
5.740000e+01 2.623588e-17 2.623588e-17
5.750000e+01 2.609635e-17 2.609635e-17
5.760000e+01 2.595186e-17 2.595186e-17
5.770000e+01 2.582736e-17 2.582736e-17
5.780000e+01 2.564285e-17 2.564285e-17
5.790000e+01 2.541489e-17 2.541489e-17
5.800000e+01 2.519754e-17 2.519754e-17
5.810000e+01 2.489795e-17 2.489795e-17
5.820000e+01 2.454515e-17 2.454515e-17
5.830000e+01 2.418885e-17 2.418885e-17
5.840000e+01 2.383214e-17 2.383214e-17
5.850000e+01 2.338142e-17 2.338142e-17
5.860000e+01 2.271726e-17 2.271726e-17
5.870000e+01 2.184276e-17 2.184276e-17
5.880000e+01 2.105835e-17 2.105835e-17
5.890000e+01 2.111421e-17 2.111421e-17
5.900000e+01 2.216856e-17 2.216856e-17
5.910000e+01 2.319530e-17 2.319530e-17
5.920000e+01 2.336544e-17 2.336544e-17
5.930000e+01 2.307046e-17 2.307046e-17
5.940000e+01 2.337454e-17 2.337454e-17
5.950000e+01 2.524717e-17 2.524717e-17
5.960000e+01 2.765450e-17 2.765450e-17
5.970000e+01 2.889455e-17 2.889455e-17
5.980000e+01 2.919635e-17 2.919635e-17
5.990000e+01 2.905987e-17 2.904342e-17
6.000000e+01 2.872340e-17 2.864131e-17
6.010000e+01 2.849776e-17 2.839487e-17
6.020000e+01 2.835860e-17 2.823201e-17
6.030000e+01 2.827998e-17 2.807783e-17
6.040000e+01 2.804096e-17 2.778514e-17
6.050000e+01 2.794884e-17 2.761427e-17
6.060000e+01 2.822620e-17 2.786576e-17
6.070000e+01 2.794584e-17 2.763274e-17
6.080000e+01 2.751875e-17 2.718047e-17
6.090000e+01 2.760486e-17 2.724884e-17
6.100000e+01 2.815029e-17 2.782949e-17
6.110000e+01 2.743066e-17 2.711886e-17
6.120000e+01 2.670302e-17 2.637209e-17
6.130000e+01 2.784676e-17 2.748221e-17
6.140000e+01 2.857565e-17 2.823593e-17
6.150000e+01 2.720857e-17 2.700351e-17
6.160000e+01 2.545956e-17 2.538058e-17
6.170000e+01 2.773430e-17 2.751492e-17
6.180000e+01 2.950696e-17 2.925732e-17
6.190000e+01 2.733682e-17 2.727141e-17
6.200000e+01 2.523216e-17 2.520814e-17
6.210000e+01 2.736569e-17 2.720122e-17
6.220000e+01 2.942817e-17 2.926502e-17
6.230000e+01 2.714700e-17 2.713235e-17
6.240000e+01 2.590014e-17 2.590014e-17
6.250000e+01 2.742713e-17 2.742713e-17
6.260000e+01 2.847467e-17 2.847467e-17
6.270000e+01 2.654635e-17 2.654635e-17
6.280000e+01 2.524054e-17 2.524054e-17
6.290000e+01 2.782801e-17 2.782801e-17
6.300000e+01 2.919733e-17 2.919733e-17
6.310000e+01 2.721565e-17 2.721565e-17
6.320000e+01 2.538625e-17 2.538625e-17
6.330000e+01 2.573616e-17 2.573616e-17
6.340000e+01 2.734479e-17 2.734479e-17
6.350000e+01 2.755177e-17 2.755177e-17
6.360000e+01 2.711033e-17 2.711033e-17
6.370000e+01 2.690473e-17 2.690473e-17
6.380000e+01 2.644599e-17 2.644599e-17
6.390000e+01 2.556950e-17 2.556950e-17
6.400000e+01 2.519339e-17 2.519339e-17
6.410000e+01 2.577492e-17 2.577492e-17
6.420000e+01 2.636914e-17 2.636914e-17
6.430000e+01 2.534883e-17 2.534883e-17
6.440000e+01 2.425858e-17 2.425858e-17
6.450000e+01 2.484574e-17 2.484574e-17
6.460000e+01 2.705117e-17 2.705117e-17
6.470000e+01 2.766245e-17 2.766245e-17
6.480000e+01 2.608994e-17 2.608994e-17
6.490000e+01 2.572220e-17 2.572220e-17
6.500000e+01 2.671776e-17 2.671776e-17
6.510000e+01 2.842905e-17 2.842905e-17
6.520000e+01 2.897844e-17 2.897844e-17
6.530000e+01 2.846490e-17 2.846490e-17
6.540000e+01 2.792827e-17 2.792827e-17
6.550000e+01 2.742122e-17 2.742122e-17
6.560000e+01 2.706494e-17 2.706494e-17
6.570000e+01 2.650491e-17 2.650491e-17
6.580000e+01 2.589337e-17 2.589337e-17
6.590000e+01 2.549253e-17 2.549253e-17
6.600000e+01 2.499942e-17 2.499942e-17
6.610000e+01 2.445939e-17 2.445939e-17
6.620000e+01 2.411649e-17 2.411649e-17
6.630000e+01 2.383309e-17 2.383309e-17
6.640000e+01 2.330594e-17 2.330594e-17
6.650000e+01 2.286842e-17 2.286842e-17
6.660000e+01 2.275340e-17 2.275340e-17
6.670000e+01 2.251738e-17 2.251738e-17
6.680000e+01 2.203347e-17 2.203347e-17
6.690000e+01 2.157358e-17 2.157358e-17
6.700000e+01 2.162037e-17 2.162037e-17
6.710000e+01 2.159835e-17 2.159835e-17
6.720000e+01 2.120758e-17 2.120758e-17
6.730000e+01 2.062888e-17 2.062888e-17
6.740000e+01 2.052049e-17 2.052049e-17
6.750000e+01 2.086523e-17 2.086523e-17
6.760000e+01 2.082951e-17 2.082951e-17
6.770000e+01 2.041448e-17 2.041448e-17
6.780000e+01 1.950527e-17 1.950527e-17
6.790000e+01 2.003300e-17 2.003300e-17
6.800000e+01 2.078596e-17 2.078596e-17
6.810000e+01 2.053712e-17 2.053712e-17
6.820000e+01 2.035905e-17 2.035905e-17
6.830000e+01 1.892401e-17 1.892401e-17
6.840000e+01 1.947190e-17 1.947190e-17
6.850000e+01 2.053203e-17 2.053084e-17
6.860000e+01 2.097169e-17 2.097050e-17
6.870000e+01 2.149669e-17 2.149669e-17
6.880000e+01 1.966167e-17 1.965212e-17
6.890000e+01 1.957477e-17 1.928814e-17
6.900000e+01 2.168878e-17 2.124652e-17
6.910000e+01 2.256577e-17 2.210200e-17
6.920000e+01 2.427047e-17 2.389806e-17
6.930000e+01 2.246929e-17 2.210335e-17
6.940000e+01 2.082926e-17 2.029534e-17
6.950000e+01 2.305420e-17 2.230690e-17
6.960000e+01 2.251562e-17 2.153640e-17
6.970000e+01 2.638891e-17 2.552113e-17
6.980000e+01 3.051564e-17 2.927139e-17
6.990000e+01 2.800325e-17 2.658906e-17
7.000000e+01 2.793963e-17 2.662621e-17
7.010000e+01 2.498733e-17 2.335288e-17
7.020000e+01 2.283972e-17 2.090941e-17
7.030000e+01 2.617991e-17 2.425050e-17
7.040000e+01 3.868183e-17 3.582030e-17
7.050000e+01 4.239821e-17 3.928073e-17
7.060000e+01 2.931624e-17 2.706834e-17
7.070000e+01 2.481396e-17 2.246842e-17
7.080000e+01 2.527733e-17 2.264596e-17
7.090000e+01 2.547877e-17 2.264935e-17
7.100000e+01 3.005342e-17 2.712019e-17
7.110000e+01 3.378281e-17 3.132784e-17
7.120000e+01 3.419104e-17 3.206432e-17
7.130000e+01 3.413266e-17 3.131989e-17
7.140000e+01 3.261108e-17 2.908280e-17
7.150000e+01 3.047810e-17 2.685864e-17
7.160000e+01 2.863501e-17 2.536100e-17
7.170000e+01 2.794312e-17 2.486919e-17
7.180000e+01 2.666100e-17 2.322598e-17
7.190000e+01 2.729504e-17 2.262873e-17
7.200000e+01 2.790866e-17 2.356467e-17
7.210000e+01 2.643237e-17 2.338176e-17
7.220000e+01 2.569164e-17 2.233760e-17
7.230000e+01 2.564863e-17 2.211694e-17
7.240000e+01 2.558590e-17 2.251848e-17
7.250000e+01 3.100930e-17 2.617082e-17
7.260000e+01 3.569508e-17 3.023381e-17
7.270000e+01 3.240084e-17 2.896240e-17
7.280000e+01 2.920802e-17 2.669553e-17
7.290000e+01 2.896774e-17 2.686252e-17
7.300000e+01 3.126328e-17 2.894766e-17
7.310000e+01 3.457886e-17 3.150816e-17
7.320000e+01 3.823898e-17 3.504278e-17
7.330000e+01 3.714201e-17 3.488833e-17
7.340000e+01 3.496229e-17 3.321225e-17
7.350000e+01 3.598148e-17 3.410395e-17
7.360000e+01 3.452113e-17 3.297702e-17
7.370000e+01 3.286669e-17 3.125177e-17
7.380000e+01 2.982777e-17 2.779710e-17
7.390000e+01 2.570937e-17 2.300218e-17
7.400000e+01 2.265493e-17 1.956689e-17
7.410000e+01 2.119100e-17 1.812633e-17
7.420000e+01 2.046235e-17 1.696823e-17
7.430000e+01 1.940796e-17 1.517905e-17
7.440000e+01 1.977635e-17 1.454071e-17
7.450000e+01 1.962698e-17 1.448020e-17
7.460000e+01 1.944044e-17 1.436939e-17
7.470000e+01 1.811438e-17 1.291732e-17
7.480000e+01 1.816722e-17 1.216141e-17
7.490000e+01 2.112858e-17 1.338862e-17
7.500000e+01 2.046535e-17 1.320904e-17
7.510000e+01 1.831076e-17 1.192865e-17
7.520000e+01 1.742601e-17 1.115992e-17
7.530000e+01 1.827650e-17 1.165942e-17
7.540000e+01 2.098252e-17 1.289607e-17
7.550000e+01 2.101646e-17 1.270114e-17
7.560000e+01 1.919057e-17 1.145380e-17
7.570000e+01 1.839304e-17 1.103190e-17
7.580000e+01 1.756852e-17 1.059193e-17
7.590000e+01 1.768206e-17 1.005504e-17
7.600000e+01 1.863421e-17 1.004477e-17
7.610000e+01 1.894978e-17 1.017247e-17
7.620000e+01 1.927224e-17 1.065658e-17
7.630000e+01 1.834310e-17 1.009385e-17
7.640000e+01 1.854660e-17 1.004231e-17
7.650000e+01 1.953821e-17 1.015074e-17
7.660000e+01 1.864768e-17 9.455093e-18
7.670000e+01 1.782368e-17 1.010215e-17
7.680000e+01 1.776758e-17 1.090592e-17
7.690000e+01 1.819622e-17 1.082347e-17
7.700000e+01 2.015378e-17 1.061973e-17
7.710000e+01 2.228643e-17 1.049156e-17
7.720000e+01 2.279210e-17 1.112847e-17
7.730000e+01 1.920435e-17 1.042602e-17
7.740000e+01 1.487047e-17 9.211049e-18
7.750000e+01 1.579306e-17 1.031431e-17
7.760000e+01 1.891425e-17 1.098870e-17
7.770000e+01 2.316230e-17 1.236963e-17
7.780000e+01 2.488502e-17 1.318932e-17
7.790000e+01 2.424037e-17 1.128095e-17
7.800000e+01 2.115209e-17 8.993465e-18
7.810000e+01 1.696150e-17 9.121924e-18
7.820000e+01 1.782314e-17 1.137905e-17
7.830000e+01 2.127129e-17 1.299962e-17
7.840000e+01 2.303943e-17 1.183087e-17
7.850000e+01 2.309984e-17 9.674309e-18
7.860000e+01 2.277904e-17 1.010875e-17
7.870000e+01 2.279292e-17 1.212187e-17
7.880000e+01 2.436315e-17 1.358994e-17
7.890000e+01 2.534068e-17 1.185600e-17
7.900000e+01 2.359161e-17 9.139609e-18
7.910000e+01 2.340534e-17 9.341135e-18
7.920000e+01 2.476267e-17 1.044722e-17
7.930000e+01 2.639381e-17 1.119162e-17
7.940000e+01 2.581717e-17 9.689268e-18
7.950000e+01 2.260719e-17 7.110903e-18
7.960000e+01 2.444773e-17 8.286414e-18
7.970000e+01 2.728112e-17 1.101223e-17
7.980000e+01 3.059617e-17 1.250449e-17
7.990000e+01 3.239041e-17 1.129935e-17
8.000000e+01 2.891321e-17 8.081359e-18
8.010000e+01 2.872112e-17 7.386513e-18
8.020000e+01 2.850841e-17 8.508710e-18
8.030000e+01 2.962482e-17 1.142872e-17
8.040000e+01 3.780749e-17 1.434130e-17
8.050000e+01 3.798550e-17 1.166213e-17
8.060000e+01 3.132157e-17 7.753232e-18
8.070000e+01 3.077970e-17 8.138744e-18
8.080000e+01 2.829063e-17 8.868645e-18
8.090000e+01 3.005139e-17 1.111267e-17
8.100000e+01 3.929013e-17 1.499153e-17
8.110000e+01 3.626221e-17 1.210015e-17
8.120000e+01 2.962298e-17 8.134951e-18
8.130000e+01 2.870002e-17 7.866592e-18
8.140000e+01 2.374692e-17 6.946690e-18
8.150000e+01 2.254393e-17 8.401245e-18
8.160000e+01 3.068006e-17 1.232138e-17
8.170000e+01 3.031494e-17 1.168957e-17
8.180000e+01 2.383349e-17 8.264833e-18
8.190000e+01 2.382590e-17 7.577732e-18
8.200000e+01 2.043922e-17 6.792884e-18
8.210000e+01 1.700049e-17 6.491131e-18
8.220000e+01 2.038441e-17 7.624099e-18
8.230000e+01 2.106771e-17 7.245584e-18
8.240000e+01 2.030110e-17 7.403659e-18
8.250000e+01 2.372274e-17 8.373090e-18
8.260000e+01 1.982042e-17 6.443941e-18
8.270000e+01 1.294225e-17 4.516001e-18
8.280000e+01 1.543551e-17 6.774527e-18
8.290000e+01 1.854156e-17 7.954174e-18
8.300000e+01 1.542148e-17 5.708930e-18
8.310000e+01 1.984719e-17 7.943731e-18
8.320000e+01 2.377549e-17 1.012264e-17
8.330000e+01 1.567284e-17 6.568886e-18
8.340000e+01 1.084021e-17 4.321934e-18
8.350000e+01 1.294064e-17 5.018096e-18
8.360000e+01 1.398545e-17 5.060287e-18
8.370000e+01 1.376682e-17 4.907609e-18
8.380000e+01 1.827067e-17 7.202235e-18
8.390000e+01 1.756570e-17 8.043603e-18
8.400000e+01 1.141435e-17 5.546663e-18
8.410000e+01 9.286268e-18 3.683329e-18
8.420000e+01 9.922558e-18 3.744007e-18
8.430000e+01 1.102728e-17 4.113060e-18
8.440000e+01 1.239146e-17 4.552018e-18
8.450000e+01 1.509092e-17 5.572528e-18
8.460000e+01 1.314085e-17 4.715857e-18
8.470000e+01 9.034395e-18 3.130233e-18
8.480000e+01 8.354406e-18 3.147823e-18
8.490000e+01 8.774087e-18 3.624787e-18
8.500000e+01 9.225981e-18 4.091066e-18
8.510000e+01 9.795817e-18 4.459767e-18
8.520000e+01 1.074236e-17 4.749123e-18
8.530000e+01 9.722114e-18 4.317757e-18
8.540000e+01 7.968555e-18 3.587785e-18
8.550000e+01 8.117873e-18 3.619543e-18
8.560000e+01 9.008739e-18 4.011013e-18
8.570000e+01 8.777290e-18 3.885576e-18
8.580000e+01 7.744555e-18 3.379771e-18
8.590000e+01 7.514898e-18 3.223005e-18
8.600000e+01 7.632768e-18 3.260068e-18
8.610000e+01 7.637583e-18 3.289935e-18
8.620000e+01 8.009127e-18 3.619442e-18
8.630000e+01 8.739768e-18 4.183059e-18
8.640000e+01 8.886428e-18 4.405319e-18
8.650000e+01 8.329655e-18 4.121415e-18
8.660000e+01 7.959856e-18 3.787504e-18
8.670000e+01 7.687063e-18 3.710612e-18
8.680000e+01 7.770212e-18 4.087624e-18
8.690000e+01 8.488895e-18 4.738481e-18
8.700000e+01 8.784690e-18 5.024040e-18
8.710000e+01 9.399006e-18 5.626927e-18
8.720000e+01 9.471296e-18 5.453952e-18
8.730000e+01 8.228491e-18 4.321160e-18
8.740000e+01 7.400643e-18 3.949013e-18
8.750000e+01 7.133968e-18 4.116942e-18
8.760000e+01 7.261217e-18 4.651294e-18
8.770000e+01 9.506668e-18 6.662439e-18
8.780000e+01 1.173880e-17 7.815719e-18
8.790000e+01 1.050983e-17 6.054511e-18
8.800000e+01 8.278179e-18 4.375626e-18
8.810000e+01 7.116737e-18 3.844446e-18
8.820000e+01 6.683904e-18 3.899440e-18
8.830000e+01 6.544013e-18 4.275022e-18
8.840000e+01 7.382806e-18 5.383529e-18
8.850000e+01 1.218061e-17 9.204208e-18
8.860000e+01 1.366404e-17 9.530373e-18
8.870000e+01 9.352249e-18 5.377016e-18
8.880000e+01 7.085602e-18 3.749005e-18
8.890000e+01 6.594308e-18 3.785932e-18
8.900000e+01 7.497317e-18 4.706177e-18
8.910000e+01 9.427491e-18 6.339553e-18
8.920000e+01 9.163712e-18 6.511712e-18
8.930000e+01 9.244438e-18 6.763806e-18
8.940000e+01 1.003757e-17 6.919526e-18
8.950000e+01 8.367070e-18 5.222240e-18
8.960000e+01 7.755453e-18 4.781571e-18
8.970000e+01 7.937273e-18 5.298838e-18
8.980000e+01 7.102144e-18 5.175972e-18
8.990000e+01 7.592219e-18 5.979153e-18
9.000000e+01 1.108698e-17 8.655909e-18
9.010000e+01 1.234086e-17 8.927456e-18
9.020000e+01 1.033412e-17 6.758537e-18
9.030000e+01 9.702464e-18 6.344770e-18
9.040000e+01 8.860377e-18 6.025018e-18
9.050000e+01 7.124778e-18 4.790833e-18
9.060000e+01 6.080724e-18 4.312421e-18
9.070000e+01 6.021639e-18 4.618828e-18
9.080000e+01 8.711173e-18 7.078360e-18
9.090000e+01 1.377741e-17 1.087964e-17
9.100000e+01 1.423000e-17 1.021909e-17
9.110000e+01 9.578240e-18 6.227570e-18
9.120000e+01 6.666675e-18 4.173654e-18
9.130000e+01 6.617405e-18 4.271198e-18
9.140000e+01 7.393493e-18 5.029412e-18
9.150000e+01 7.589616e-18 5.360043e-18
9.160000e+01 1.481949e-17 1.026556e-17
9.170000e+01 1.942602e-17 1.296230e-17
9.180000e+01 1.212757e-17 7.632594e-18
9.190000e+01 6.926337e-18 4.083558e-18
9.200000e+01 6.016341e-18 3.772988e-18
9.210000e+01 6.127293e-18 4.476813e-18
9.220000e+01 8.074588e-18 6.789655e-18
9.230000e+01 1.264106e-17 1.106824e-17
9.240000e+01 1.734965e-17 1.472690e-17
9.250000e+01 1.494338e-17 1.210945e-17
9.260000e+01 8.480338e-18 6.382350e-18
9.270000e+01 6.060758e-18 4.160370e-18
9.280000e+01 5.950766e-18 4.137481e-18
9.290000e+01 7.519233e-18 5.371698e-18
9.300000e+01 1.530478e-17 1.035379e-17
9.310000e+01 2.117266e-17 1.341001e-17
9.320000e+01 1.832645e-17 1.098007e-17
9.330000e+01 1.153848e-17 7.146696e-18
9.340000e+01 6.562650e-18 4.515281e-18
9.350000e+01 5.640664e-18 4.091495e-18
9.360000e+01 5.254073e-18 4.071307e-18
9.370000e+01 6.273256e-18 5.403969e-18
9.380000e+01 2.330271e-17 1.796054e-17
9.390000e+01 3.318858e-17 2.328103e-17
9.400000e+01 1.782082e-17 1.133741e-17
9.410000e+01 6.932711e-18 4.570661e-18
9.420000e+01 5.343993e-18 3.685547e-18
9.430000e+01 4.936664e-18 3.528236e-18
9.440000e+01 4.190197e-18 3.263535e-18
9.450000e+01 4.469780e-18 3.647330e-18
9.460000e+01 2.188297e-17 1.459144e-17
9.470000e+01 4.193222e-17 2.662063e-17
9.480000e+01 3.037837e-17 1.898421e-17
9.490000e+01 1.097213e-17 7.028774e-18
9.500000e+01 5.641858e-18 3.938479e-18
9.510000e+01 4.800111e-18 3.620889e-18
9.520000e+01 4.475033e-18 3.493357e-18
9.530000e+01 4.289490e-18 3.304178e-18
9.540000e+01 1.571215e-17 1.085969e-17
9.550000e+01 3.630863e-17 2.313125e-17
9.560000e+01 3.848896e-17 2.391463e-17
9.570000e+01 2.281018e-17 1.441860e-17
9.580000e+01 9.964085e-18 6.112412e-18
9.590000e+01 5.449019e-18 3.576943e-18
9.600000e+01 6.485080e-18 4.688282e-18
9.610000e+01 1.013085e-17 6.352367e-18
9.620000e+01 9.979097e-18 5.946054e-18
9.630000e+01 9.268041e-18 5.981504e-18
9.640000e+01 2.379423e-17 1.445585e-17
9.650000e+01 3.856570e-17 2.538132e-17
9.660000e+01 2.835498e-17 2.089409e-17
9.670000e+01 1.104575e-17 8.924846e-18
9.680000e+01 4.634278e-18 3.995448e-18
9.690000e+01 3.370767e-18 2.727366e-18
9.700000e+01 3.343919e-18 2.548069e-18
9.710000e+01 1.045327e-17 7.589499e-18
9.720000e+01 2.915311e-17 1.818914e-17
9.730000e+01 2.674884e-17 1.566712e-17
9.740000e+01 1.439319e-17 6.428911e-18
9.750000e+01 1.625295e-17 5.726425e-18
9.760000e+01 1.100010e-17 4.543789e-18
9.770000e+01 4.595969e-18 3.007690e-18
9.780000e+01 3.589050e-18 3.074884e-18
9.790000e+01 3.687970e-18 3.062470e-18
9.800000e+01 3.669085e-18 3.078395e-18
9.810000e+01 8.188378e-18 4.816891e-18
9.820000e+01 2.633145e-17 1.079472e-17
9.830000e+01 2.741744e-17 1.092651e-17
9.840000e+01 1.065851e-17 5.546066e-18
9.850000e+01 7.033915e-18 5.164067e-18
9.860000e+01 7.160115e-18 5.316158e-18
9.870000e+01 5.368847e-18 3.929732e-18
9.880000e+01 3.698594e-18 2.969131e-18
9.890000e+01 3.062324e-18 2.694364e-18
9.900000e+01 3.295157e-18 2.939675e-18
9.910000e+01 4.776951e-18 4.224157e-18
9.920000e+01 1.417261e-17 7.159392e-18
9.930000e+01 1.952372e-17 8.887479e-18
9.940000e+01 1.125120e-17 6.169654e-18
9.950000e+01 4.379574e-18 3.064589e-18
9.960000e+01 2.811335e-18 2.561813e-18
9.970000e+01 2.237874e-18 2.187567e-18
9.980000e+01 2.128836e-18 2.109516e-18
9.990000e+01 2.394527e-18 2.216506e-18
1.000000e+02 2.269755e-18 2.001790e-18
1.001000e+02 2.325387e-18 2.031351e-18
1.002000e+02 3.514046e-18 3.303464e-18
1.003000e+02 5.615024e-18 5.237345e-18
1.004000e+02 5.334546e-18 4.487816e-18
1.005000e+02 3.542239e-18 2.978285e-18
1.006000e+02 2.583522e-18 2.263789e-18
1.007000e+02 2.328593e-18 1.866226e-18
1.008000e+02 2.157160e-18 1.923009e-18
1.009000e+02 2.034204e-18 1.799650e-18
1.010000e+02 2.161802e-18 1.868351e-18
1.011000e+02 2.453121e-18 1.991624e-18
1.012000e+02 2.403378e-18 1.504194e-18
1.013000e+02 1.473993e-18 8.239073e-19
1.014000e+02 1.828598e-18 1.234268e-18
1.015000e+02 2.411402e-18 1.738438e-18
1.016000e+02 2.113461e-18 1.811016e-18
1.017000e+02 2.144010e-18 1.974623e-18
1.018000e+02 2.142947e-18 1.705091e-18
1.019000e+02 2.174751e-18 1.493595e-18
1.020000e+02 2.361047e-18 1.915888e-18
1.021000e+02 2.246155e-18 1.952978e-18
1.022000e+02 2.376093e-18 1.908697e-18
1.023000e+02 2.855016e-18 2.282729e-18
1.024000e+02 3.934828e-18 2.225130e-18
1.025000e+02 4.634047e-18 1.702695e-18
1.026000e+02 4.165462e-18 1.187794e-18
1.027000e+02 4.423564e-18 1.228270e-18
1.028000e+02 3.945226e-18 1.349267e-18
1.029000e+02 2.662282e-18 9.148540e-19
1.030000e+02 1.751404e-18 4.914452e-19
1.031000e+02 1.206139e-18 1.774500e-19
