# Cross sections for OH+
# From the Leiden database for photodissociation and photoionization of astrophysically relevant molecules, http://home.strw.leidenuniv.nl/~ewine/photo/
# Converted from earlier Leiden database cross sections by Alan Heays 2016-02-24
# Photodissociation source: OH+ P.D. CF. Saxon & Liu '86
# Lines represented with gaussian of width 1.0 nm FWHM
# wavelength: (nm)
# photoabsorption:    cross section (cm2)
# photodissociation:  cross section (cm2)
# This version has been resampled to a uniform 0.1nm grid while maintaining a constant integrated cross section (using trapezoidal integration).
# wavelength photoabsorption photodissociation
9.115000e+01 2.800000e-18 2.800000e-18
9.125000e+01 2.766234e-18 2.766234e-18
9.135000e+01 2.732468e-18 2.732468e-18
9.145000e+01 2.698701e-18 2.698701e-18
9.155000e+01 2.664935e-18 2.664935e-18
9.165000e+01 2.631169e-18 2.631169e-18
9.175000e+01 2.597403e-18 2.597403e-18
9.185000e+01 2.563636e-18 2.563636e-18
9.195000e+01 2.529870e-18 2.529870e-18
9.205000e+01 2.496104e-18 2.496104e-18
9.215000e+01 2.462338e-18 2.462338e-18
9.225000e+01 2.428571e-18 2.428571e-18
9.235000e+01 2.394805e-18 2.394805e-18
9.245000e+01 2.361039e-18 2.361039e-18
9.255000e+01 2.327273e-18 2.327273e-18
9.265000e+01 2.293506e-18 2.293506e-18
9.275000e+01 2.259740e-18 2.259740e-18
9.285000e+01 2.225974e-18 2.225974e-18
9.295000e+01 2.192208e-18 2.192208e-18
9.305000e+01 2.158442e-18 2.158442e-18
9.315000e+01 2.124675e-18 2.124675e-18
9.325000e+01 2.090909e-18 2.090909e-18
9.335000e+01 2.057143e-18 2.057143e-18
9.345000e+01 2.023377e-18 2.023377e-18
9.355000e+01 1.989610e-18 1.989610e-18
9.365000e+01 1.955844e-18 1.955844e-18
9.375000e+01 1.922078e-18 1.922078e-18
9.385000e+01 1.888312e-18 1.888312e-18
9.395000e+01 1.854545e-18 1.854545e-18
9.405000e+01 1.820779e-18 1.820779e-18
9.415000e+01 1.787013e-18 1.787013e-18
9.425000e+01 1.753247e-18 1.753247e-18
9.435000e+01 1.719481e-18 1.719481e-18
9.445000e+01 1.685714e-18 1.685714e-18
9.455000e+01 1.651948e-18 1.651948e-18
9.465000e+01 1.618182e-18 1.618182e-18
9.475000e+01 1.584416e-18 1.584416e-18
9.485000e+01 1.550649e-18 1.550649e-18
9.495000e+01 1.516883e-18 1.516883e-18
9.505000e+01 1.492000e-18 1.492000e-18
9.515000e+01 1.476000e-18 1.476000e-18
9.525000e+01 1.460000e-18 1.460000e-18
9.535000e+01 1.444000e-18 1.444000e-18
9.545000e+01 1.428000e-18 1.428000e-18
9.555000e+01 1.412000e-18 1.412000e-18
9.565000e+01 1.396000e-18 1.396000e-18
9.575000e+01 1.380000e-18 1.380000e-18
9.585000e+01 1.364000e-18 1.364000e-18
9.595000e+01 1.348000e-18 1.348000e-18
9.605000e+01 1.332000e-18 1.332000e-18
9.615000e+01 1.316000e-18 1.316000e-18
9.625000e+01 1.300000e-18 1.300000e-18
9.635000e+01 1.284000e-18 1.284000e-18
9.645000e+01 1.268000e-18 1.268000e-18
9.655000e+01 1.252000e-18 1.252000e-18
9.665000e+01 1.236000e-18 1.236000e-18
9.675000e+01 1.220000e-18 1.220000e-18
9.685000e+01 1.204000e-18 1.204000e-18
9.695000e+01 1.188000e-18 1.188000e-18
9.705000e+01 1.172000e-18 1.172000e-18
9.715000e+01 1.156000e-18 1.156000e-18
9.725000e+01 1.140000e-18 1.140000e-18
9.735000e+01 1.124000e-18 1.124000e-18
9.745000e+01 1.108000e-18 1.108000e-18
9.755000e+01 1.092000e-18 1.092000e-18
9.765000e+01 1.076000e-18 1.076000e-18
9.775000e+01 1.060000e-18 1.060000e-18
9.785000e+01 1.044000e-18 1.044000e-18
9.795000e+01 1.028000e-18 1.028000e-18
9.805000e+01 1.012000e-18 1.012000e-18
9.815000e+01 9.960000e-19 9.960000e-19
9.825000e+01 9.800000e-19 9.800000e-19
9.835000e+01 9.640000e-19 9.640000e-19
9.845000e+01 9.480000e-19 9.480000e-19
9.855000e+01 9.320000e-19 9.320000e-19
9.865000e+01 9.160000e-19 9.160000e-19
9.875000e+01 9.000000e-19 9.000000e-19
9.885000e+01 8.840000e-19 8.840000e-19
9.895000e+01 8.680000e-19 8.680000e-19
9.905000e+01 8.520000e-19 8.520000e-19
9.915000e+01 8.360000e-19 8.360000e-19
9.925000e+01 8.200000e-19 8.200000e-19
9.935000e+01 8.040000e-19 8.040000e-19
9.945000e+01 7.880000e-19 7.880000e-19
9.955000e+01 7.720000e-19 7.720000e-19
9.965000e+01 7.560000e-19 7.560000e-19
9.975000e+01 7.400000e-19 7.400000e-19
9.985000e+01 7.240000e-19 7.240000e-19
9.995000e+01 7.080000e-19 7.080000e-19
1.000500e+02 6.960000e-19 6.960000e-19
1.001500e+02 6.880000e-19 6.880000e-19
1.002500e+02 6.800000e-19 6.800000e-19
1.003500e+02 6.720000e-19 6.720000e-19
1.004500e+02 6.640000e-19 6.640000e-19
1.005500e+02 6.560000e-19 6.560000e-19
1.006500e+02 6.480000e-19 6.480000e-19
1.007500e+02 6.400000e-19 6.400000e-19
1.008500e+02 6.320000e-19 6.320000e-19
1.009500e+02 6.240000e-19 6.240000e-19
1.010500e+02 6.160000e-19 6.160000e-19
1.011500e+02 6.080000e-19 6.080000e-19
1.012500e+02 6.000000e-19 6.000000e-19
1.013500e+02 5.920000e-19 5.920000e-19
1.014500e+02 5.840000e-19 5.840000e-19
1.015500e+02 5.760000e-19 5.760000e-19
1.016500e+02 5.680000e-19 5.680000e-19
1.017500e+02 5.600000e-19 5.600000e-19
1.018500e+02 5.520000e-19 5.520000e-19
1.019500e+02 5.440000e-19 5.440000e-19
1.020500e+02 5.360000e-19 5.360000e-19
1.021500e+02 5.280000e-19 5.280000e-19
1.022500e+02 5.200000e-19 5.200000e-19
1.023500e+02 5.120000e-19 5.120000e-19
1.024500e+02 5.040000e-19 5.040000e-19
1.025500e+02 4.960000e-19 4.960000e-19
1.026500e+02 4.880000e-19 4.880000e-19
1.027500e+02 4.800000e-19 4.800000e-19
1.028500e+02 4.720000e-19 4.720000e-19
1.029500e+02 4.640000e-19 4.640000e-19
1.030500e+02 4.560000e-19 4.560000e-19
1.031500e+02 4.480000e-19 4.480000e-19
1.032500e+02 4.400000e-19 4.400000e-19
1.033500e+02 4.320000e-19 4.320000e-19
1.034500e+02 4.240000e-19 4.240000e-19
1.035500e+02 4.160000e-19 4.160000e-19
1.036500e+02 4.080000e-19 4.080000e-19
1.037500e+02 4.000000e-19 4.000000e-19
1.038500e+02 3.920000e-19 3.920000e-19
1.039500e+02 3.840000e-19 3.840000e-19
1.040500e+02 3.760000e-19 3.760000e-19
1.041500e+02 3.680000e-19 3.680000e-19
1.042500e+02 3.600000e-19 3.600000e-19
1.043500e+02 3.520000e-19 3.520000e-19
1.044500e+02 3.440000e-19 3.440000e-19
1.045500e+02 3.360000e-19 3.360000e-19
1.046500e+02 3.280000e-19 3.280000e-19
1.047500e+02 3.200000e-19 3.200000e-19
1.048500e+02 3.120000e-19 3.120000e-19
1.049500e+02 3.040000e-19 3.040000e-19
1.050500e+02 2.990000e-19 2.990000e-19
1.051500e+02 2.970000e-19 2.970000e-19
1.052500e+02 2.950000e-19 2.950000e-19
1.053500e+02 2.930000e-19 2.930000e-19
1.054500e+02 2.910000e-19 2.910000e-19
1.055500e+02 2.890000e-19 2.890000e-19
1.056500e+02 2.870000e-19 2.870000e-19
1.057500e+02 2.850000e-19 2.850000e-19
1.058500e+02 2.830000e-19 2.830000e-19
1.059500e+02 2.810000e-19 2.810000e-19
1.060500e+02 2.790000e-19 2.790000e-19
1.061500e+02 2.770000e-19 2.770000e-19
1.062500e+02 2.750000e-19 2.750000e-19
1.063500e+02 2.730000e-19 2.730000e-19
1.064500e+02 2.710000e-19 2.710000e-19
1.065500e+02 2.690000e-19 2.690000e-19
1.066500e+02 2.670000e-19 2.670000e-19
1.067500e+02 2.650000e-19 2.650000e-19
1.068500e+02 2.630000e-19 2.630000e-19
1.069500e+02 2.610000e-19 2.610000e-19
1.070500e+02 2.590000e-19 2.590000e-19
1.071500e+02 2.570000e-19 2.570000e-19
1.072500e+02 2.550000e-19 2.550000e-19
1.073500e+02 2.530000e-19 2.530000e-19
1.074500e+02 2.510000e-19 2.510000e-19
1.075500e+02 2.490000e-19 2.490000e-19
1.076500e+02 2.470000e-19 2.470000e-19
1.077500e+02 2.450000e-19 2.450000e-19
1.078500e+02 2.430000e-19 2.430000e-19
1.079500e+02 2.410000e-19 2.410000e-19
1.080500e+02 2.390000e-19 2.390000e-19
1.081500e+02 2.370000e-19 2.370000e-19
1.082500e+02 2.350000e-19 2.350000e-19
1.083500e+02 2.330000e-19 2.330000e-19
1.084500e+02 2.310000e-19 2.310000e-19
1.085500e+02 2.290000e-19 2.290000e-19
1.086500e+02 2.270000e-19 2.270000e-19
1.087500e+02 2.250000e-19 2.250000e-19
1.088500e+02 2.230000e-19 2.230000e-19
1.089500e+02 2.210000e-19 2.210000e-19
1.090500e+02 2.190000e-19 2.190000e-19
1.091500e+02 2.170000e-19 2.170000e-19
1.092500e+02 2.150000e-19 2.150000e-19
1.093500e+02 2.130000e-19 2.130000e-19
1.094500e+02 2.110000e-19 2.110000e-19
1.095500e+02 2.090000e-19 2.090000e-19
1.096500e+02 2.070000e-19 2.070000e-19
1.097500e+02 2.050000e-19 2.050000e-19
1.098500e+02 2.030000e-19 2.030000e-19
1.099500e+02 2.010000e-19 2.010000e-19
1.100500e+02 1.900000e-19 1.900000e-19
1.101500e+02 1.700000e-19 1.700000e-19
1.102500e+02 1.500000e-19 1.500000e-19
1.103500e+02 1.300000e-19 1.300000e-19
1.104500e+02 1.100000e-19 1.100000e-19
1.105500e+02 9.000000e-20 9.000000e-20
1.106500e+02 7.000000e-20 7.000000e-20
1.107500e+02 5.000000e-20 5.000000e-20
1.108500e+02 3.000000e-20 3.000000e-20
1.109500e+02 1.000000e-20 1.000000e-20
1.110500e+02 1.600000e-27 1.600000e-27
1.111500e+02 4.800000e-27 4.800000e-27
1.112500e+02 8.000000e-27 8.000000e-27
1.113500e+02 1.120000e-26 1.120000e-26
1.114500e+02 1.440000e-26 1.440000e-26
1.115500e+02 1.760000e-26 1.760000e-26
1.116500e+02 2.080000e-26 2.080000e-26
1.117500e+02 2.400000e-26 2.400000e-26
1.118500e+02 2.720000e-26 2.720000e-26
1.119500e+02 3.040000e-26 3.040000e-26
1.120500e+02 3.360000e-26 3.360000e-26
1.121500e+02 3.680000e-26 3.680000e-26
1.122500e+02 4.000000e-26 4.000000e-26
1.123500e+02 4.320000e-26 4.320000e-26
1.124500e+02 4.640000e-26 4.640000e-26
1.125500e+02 4.960000e-26 4.960000e-26
1.126500e+02 5.280000e-26 5.280000e-26
1.127500e+02 5.600000e-26 5.600000e-26
1.128500e+02 5.920000e-26 5.920000e-26
1.129500e+02 6.240000e-26 6.240000e-26
1.130500e+02 6.560000e-26 6.560000e-26
1.131500e+02 6.880000e-26 6.880000e-26
1.132500e+02 7.200000e-26 7.200000e-26
1.133500e+02 7.520000e-26 7.520000e-26
1.134500e+02 7.840000e-26 7.840000e-26
1.135500e+02 8.160000e-26 8.160000e-26
1.136500e+02 8.480000e-26 8.480000e-26
1.137500e+02 8.800000e-26 8.800000e-26
1.138500e+02 9.120000e-26 9.120000e-26
1.139500e+02 9.440000e-26 9.440000e-26
1.140500e+02 9.760000e-26 9.760000e-26
1.141500e+02 1.008000e-25 1.008000e-25
1.142500e+02 1.040000e-25 1.040000e-25
1.143500e+02 1.072000e-25 1.072000e-25
1.144500e+02 1.104000e-25 1.104000e-25
1.145500e+02 1.136000e-25 1.136000e-25
1.146500e+02 1.168000e-25 1.168000e-25
1.147500e+02 1.200000e-25 1.200000e-25
1.148500e+02 1.232000e-25 1.232000e-25
1.149500e+02 1.264000e-25 1.264000e-25
1.150500e+02 1.296000e-25 1.296000e-25
1.151500e+02 1.328000e-25 1.328000e-25
1.152500e+02 1.360000e-25 1.360000e-25
1.153500e+02 1.392000e-25 1.392000e-25
1.154500e+02 1.424000e-25 1.424000e-25
1.155500e+02 1.456000e-25 1.456000e-25
1.156500e+02 1.488000e-25 1.488000e-25
1.157500e+02 1.520000e-25 1.520000e-25
1.158500e+02 1.552000e-25 1.552000e-25
1.159500e+02 1.584000e-25 1.584000e-25
1.160500e+02 1.616000e-25 1.616000e-25
1.161500e+02 1.648000e-25 1.648000e-25
1.162500e+02 1.680000e-25 1.680000e-25
1.163500e+02 1.712000e-25 1.712000e-25
1.164500e+02 1.744000e-25 1.744000e-25
1.165500e+02 1.776000e-25 1.776000e-25
1.166500e+02 1.808000e-25 1.808000e-25
1.167500e+02 1.840000e-25 1.840000e-25
1.168500e+02 1.872000e-25 1.872000e-25
1.169500e+02 1.904000e-25 1.904000e-25
1.170500e+02 1.936000e-25 1.936000e-25
1.171500e+02 1.968000e-25 1.968000e-25
1.172500e+02 2.000000e-25 2.000000e-25
1.173500e+02 2.032000e-25 2.032000e-25
1.174500e+02 2.064000e-25 2.064000e-25
1.175500e+02 2.096000e-25 2.096000e-25
1.176500e+02 2.128000e-25 2.128000e-25
1.177500e+02 2.160000e-25 2.160000e-25
1.178500e+02 2.192000e-25 2.192000e-25
1.179500e+02 2.224000e-25 2.224000e-25
1.180500e+02 2.256000e-25 2.256000e-25
1.181500e+02 2.288000e-25 2.288000e-25
1.182500e+02 2.320000e-25 2.320000e-25
1.183500e+02 2.352000e-25 2.352000e-25
1.184500e+02 2.384000e-25 2.384000e-25
1.185500e+02 2.416000e-25 2.416000e-25
1.186500e+02 2.448000e-25 2.448000e-25
1.187500e+02 2.480000e-25 2.480000e-25
1.188500e+02 2.512000e-25 2.512000e-25
1.189500e+02 2.544000e-25 2.544000e-25
1.190500e+02 2.576000e-25 2.576000e-25
1.191500e+02 2.608000e-25 2.608000e-25
1.192500e+02 2.640000e-25 2.640000e-25
1.193500e+02 2.672000e-25 2.672000e-25
1.194500e+02 2.704000e-25 2.704000e-25
1.195500e+02 2.736000e-25 2.736000e-25
1.196500e+02 2.768000e-25 2.768000e-25
1.197500e+02 2.800000e-25 2.800000e-25
1.198500e+02 2.832000e-25 2.832000e-25
1.199500e+02 2.864000e-25 2.864000e-25
1.200500e+02 2.896000e-25 2.896000e-25
1.201500e+02 2.928000e-25 2.928000e-25
1.202500e+02 2.960000e-25 2.960000e-25
1.203500e+02 2.992000e-25 2.992000e-25
1.204500e+02 3.024000e-25 3.024000e-25
1.205500e+02 3.056000e-25 3.056000e-25
1.206500e+02 3.088000e-25 3.088000e-25
1.207500e+02 3.120000e-25 3.120000e-25
1.208500e+02 3.152000e-25 3.152000e-25
1.209500e+02 3.184000e-25 3.184000e-25
1.210500e+02 3.216000e-25 3.216000e-25
1.211500e+02 3.248000e-25 3.248000e-25
1.212500e+02 3.280000e-25 3.280000e-25
1.213500e+02 3.312000e-25 3.312000e-25
1.214500e+02 3.344000e-25 3.344000e-25
1.215500e+02 3.376000e-25 3.376000e-25
1.216500e+02 3.408000e-25 3.408000e-25
1.217500e+02 3.440000e-25 3.440000e-25
1.218500e+02 3.472000e-25 3.472000e-25
1.219500e+02 3.504000e-25 3.504000e-25
1.220500e+02 3.536000e-25 3.536000e-25
1.221500e+02 3.568000e-25 3.568000e-25
1.222500e+02 3.600000e-25 3.600000e-25
1.223500e+02 3.632000e-25 3.632000e-25
1.224500e+02 3.664000e-25 3.664000e-25
1.225500e+02 3.696000e-25 3.696000e-25
1.226500e+02 3.728000e-25 3.728000e-25
1.227500e+02 3.760000e-25 3.760000e-25
1.228500e+02 3.792000e-25 3.792000e-25
1.229500e+02 3.824000e-25 3.824000e-25
1.230500e+02 3.856000e-25 3.856000e-25
1.231500e+02 3.888000e-25 3.888000e-25
1.232500e+02 3.920000e-25 3.920000e-25
1.233500e+02 3.952000e-25 3.952000e-25
1.234500e+02 3.984000e-25 3.984000e-25
1.235500e+02 4.016000e-25 4.016000e-25
1.236500e+02 4.048000e-25 4.048000e-25
1.237500e+02 4.080000e-25 4.080000e-25
1.238500e+02 4.112000e-25 4.112000e-25
1.239500e+02 4.144000e-25 4.144000e-25
1.240500e+02 4.176000e-25 4.176000e-25
1.241500e+02 4.208000e-25 4.208000e-25
1.242500e+02 4.240000e-25 4.240000e-25
1.243500e+02 4.272000e-25 4.272000e-25
1.244500e+02 4.304000e-25 4.304000e-25
1.245500e+02 4.336000e-25 4.336000e-25
1.246500e+02 4.368000e-25 4.368000e-25
1.247500e+02 4.400000e-25 4.400000e-25
1.248500e+02 4.432000e-25 4.432000e-25
1.249500e+02 4.464000e-25 4.464000e-25
1.250500e+02 4.496000e-25 4.496000e-25
1.251500e+02 4.528000e-25 4.528000e-25
1.252500e+02 4.560000e-25 4.560000e-25
1.253500e+02 4.592000e-25 4.592000e-25
1.254500e+02 4.624000e-25 4.624000e-25
1.255500e+02 4.656000e-25 4.656000e-25
1.256500e+02 4.688000e-25 4.688000e-25
1.257500e+02 4.720000e-25 4.720000e-25
1.258500e+02 4.752000e-25 4.752000e-25
1.259500e+02 4.784000e-25 4.784000e-25
1.260500e+02 4.816000e-25 4.816000e-25
1.261500e+02 4.848000e-25 4.848000e-25
1.262500e+02 4.880000e-25 4.880000e-25
1.263500e+02 4.912000e-25 4.912000e-25
1.264500e+02 4.944000e-25 4.944000e-25
1.265500e+02 4.976000e-25 4.976000e-25
1.266500e+02 5.008000e-25 5.008000e-25
1.267500e+02 5.040000e-25 5.040000e-25
1.268500e+02 5.072000e-25 5.072000e-25
1.269500e+02 5.104000e-25 5.104000e-25
1.270500e+02 5.136000e-25 5.136000e-25
1.271500e+02 5.168000e-25 5.168000e-25
1.272500e+02 5.200000e-25 5.200000e-25
1.273500e+02 5.232000e-25 5.232000e-25
1.274500e+02 5.264000e-25 5.264000e-25
1.275500e+02 5.296000e-25 5.296000e-25
1.276500e+02 5.328000e-25 5.328000e-25
1.277500e+02 5.360000e-25 5.360000e-25
1.278500e+02 5.392000e-25 5.392000e-25
1.279500e+02 5.424000e-25 5.424000e-25
1.280500e+02 5.456000e-25 5.456000e-25
1.281500e+02 5.488000e-25 5.488000e-25
1.282500e+02 5.520000e-25 5.520000e-25
1.283500e+02 5.552000e-25 5.552000e-25
1.284500e+02 5.584000e-25 5.584000e-25
1.285500e+02 5.616000e-25 5.616000e-25
1.286500e+02 5.648000e-25 5.648000e-25
1.287500e+02 5.680000e-25 5.680000e-25
1.288500e+02 5.712000e-25 5.712000e-25
1.289500e+02 5.744000e-25 5.744000e-25
1.290500e+02 5.776000e-25 5.776000e-25
1.291500e+02 5.808000e-25 5.808000e-25
1.292500e+02 5.840000e-25 5.840000e-25
1.293500e+02 5.872000e-25 5.872000e-25
1.294500e+02 5.904000e-25 5.904000e-25
1.295500e+02 5.936000e-25 5.936000e-25
1.296500e+02 5.968000e-25 5.968000e-25
1.297500e+02 6.000000e-25 6.000000e-25
1.298500e+02 6.032000e-25 6.032000e-25
1.299500e+02 6.064000e-25 6.064000e-25
1.300500e+02 6.096000e-25 6.096000e-25
1.301500e+02 6.128000e-25 6.128000e-25
1.302500e+02 6.160000e-25 6.160000e-25
1.303500e+02 6.192000e-25 6.192000e-25
1.304500e+02 6.224000e-25 6.224000e-25
1.305500e+02 6.256000e-25 6.256000e-25
1.306500e+02 6.288000e-25 6.288000e-25
1.307500e+02 6.320000e-25 6.320000e-25
1.308500e+02 6.352000e-25 6.352000e-25
1.309500e+02 6.384000e-25 6.384000e-25
1.310500e+02 6.416000e-25 6.416000e-25
1.311500e+02 6.448000e-25 6.448000e-25
1.312500e+02 6.480000e-25 6.480000e-25
1.313500e+02 6.512000e-25 6.512000e-25
1.314500e+02 6.544000e-25 6.544000e-25
1.315500e+02 6.576000e-25 6.576000e-25
1.316500e+02 6.608000e-25 6.608000e-25
1.317500e+02 6.640000e-25 6.640000e-25
1.318500e+02 6.672000e-25 6.672000e-25
1.319500e+02 6.704000e-25 6.704000e-25
1.320500e+02 6.736000e-25 6.736000e-25
1.321500e+02 6.768000e-25 6.768000e-25
1.322500e+02 6.800000e-25 6.800000e-25
1.323500e+02 6.832000e-25 6.832000e-25
1.324500e+02 6.864000e-25 6.864000e-25
1.325500e+02 6.896000e-25 6.896000e-25
1.326500e+02 6.928000e-25 6.928000e-25
1.327500e+02 6.960000e-25 6.960000e-25
1.328500e+02 6.992000e-25 6.992000e-25
1.329500e+02 7.024000e-25 7.024000e-25
1.330500e+02 7.056000e-25 7.056000e-25
1.331500e+02 7.088000e-25 7.088000e-25
1.332500e+02 7.120000e-25 7.120000e-25
1.333500e+02 7.152000e-25 7.152000e-25
1.334500e+02 7.184000e-25 7.184000e-25
1.335500e+02 7.216000e-25 7.216000e-25
1.336500e+02 7.248000e-25 7.248000e-25
1.337500e+02 7.280000e-25 7.280000e-25
1.338500e+02 7.312000e-25 7.312000e-25
1.339500e+02 7.344000e-25 7.344000e-25
1.340500e+02 7.376000e-25 7.376000e-25
1.341500e+02 7.408000e-25 7.408000e-25
1.342500e+02 7.440000e-25 7.440000e-25
1.343500e+02 7.472000e-25 7.472000e-25
1.344500e+02 7.504000e-25 7.504000e-25
1.345500e+02 7.536000e-25 7.536000e-25
1.346500e+02 7.568000e-25 7.568000e-25
1.347500e+02 7.600000e-25 7.600000e-25
1.348500e+02 7.632000e-25 7.632000e-25
1.349500e+02 7.664000e-25 7.664000e-25
1.350500e+02 7.696000e-25 7.696000e-25
1.351500e+02 7.728000e-25 7.728000e-25
1.352500e+02 7.760000e-25 7.760000e-25
1.353500e+02 7.792000e-25 7.792000e-25
1.354500e+02 7.824000e-25 7.824000e-25
1.355500e+02 7.856000e-25 7.856000e-25
1.356500e+02 7.888000e-25 7.888000e-25
1.357500e+02 7.920000e-25 7.920000e-25
1.358500e+02 7.952000e-25 7.952000e-25
1.359500e+02 7.984000e-25 7.984000e-25
1.360500e+02 8.016000e-25 8.016000e-25
1.361500e+02 8.048000e-25 8.048000e-25
1.362500e+02 8.080000e-25 8.080000e-25
1.363500e+02 8.112000e-25 8.112000e-25
1.364500e+02 8.144000e-25 8.144000e-25
1.365500e+02 8.176000e-25 8.176000e-25
1.366500e+02 8.208000e-25 8.208000e-25
1.367500e+02 8.240000e-25 8.240000e-25
1.368500e+02 8.272000e-25 8.272000e-25
1.369500e+02 8.304000e-25 8.304000e-25
1.370500e+02 8.336000e-25 8.336000e-25
1.371500e+02 8.368000e-25 8.368000e-25
1.372500e+02 8.400000e-25 8.400000e-25
1.373500e+02 8.432000e-25 8.432000e-25
1.374500e+02 8.464000e-25 8.464000e-25
1.375500e+02 8.496000e-25 8.496000e-25
1.376500e+02 8.528000e-25 8.528000e-25
1.377500e+02 8.560000e-25 8.560000e-25
1.378500e+02 8.592000e-25 8.592000e-25
1.379500e+02 8.624000e-25 8.624000e-25
1.380500e+02 8.656000e-25 8.656000e-25
1.381500e+02 8.688000e-25 8.688000e-25
1.382500e+02 8.720000e-25 8.720000e-25
1.383500e+02 8.752000e-25 8.752000e-25
1.384500e+02 8.784000e-25 8.784000e-25
1.385500e+02 8.816000e-25 8.816000e-25
1.386500e+02 8.848000e-25 8.848000e-25
1.387500e+02 8.880000e-25 8.880000e-25
1.388500e+02 8.912000e-25 8.912000e-25
1.389500e+02 8.944000e-25 8.944000e-25
1.390500e+02 8.976000e-25 8.976000e-25
1.391500e+02 9.008000e-25 9.008000e-25
1.392500e+02 9.040000e-25 9.040000e-25
1.393500e+02 9.072000e-25 9.072000e-25
1.394500e+02 9.104000e-25 9.104000e-25
1.395500e+02 9.136000e-25 9.136000e-25
1.396500e+02 9.168000e-25 9.168000e-25
1.397500e+02 9.200000e-25 9.200000e-25
1.398500e+02 9.232000e-25 9.232000e-25
1.399500e+02 9.264000e-25 9.264000e-25
1.400500e+02 9.296000e-25 9.296000e-25
1.401500e+02 9.328000e-25 9.328000e-25
1.402500e+02 9.360000e-25 9.360000e-25
1.403500e+02 9.392000e-25 9.392000e-25
1.404500e+02 9.424000e-25 9.424000e-25
1.405500e+02 9.456000e-25 9.456000e-25
1.406500e+02 9.488000e-25 9.488000e-25
1.407500e+02 9.520000e-25 9.520000e-25
1.408500e+02 9.552000e-25 9.552000e-25
1.409500e+02 9.584000e-25 9.584000e-25
1.410500e+02 9.616000e-25 9.616000e-25
1.411500e+02 9.648000e-25 9.648000e-25
1.412500e+02 9.680000e-25 9.680000e-25
1.413500e+02 9.712000e-25 9.712000e-25
1.414500e+02 9.744000e-25 9.744000e-25
1.415500e+02 9.776000e-25 9.776000e-25
1.416500e+02 9.808000e-25 9.808000e-25
1.417500e+02 9.840000e-25 9.840000e-25
1.418500e+02 9.872000e-25 9.872000e-25
1.419500e+02 9.904000e-25 9.904000e-25
1.420500e+02 9.936000e-25 9.936000e-25
1.421500e+02 9.968000e-25 9.968000e-25
1.422500e+02 1.000000e-24 1.000000e-24
1.423500e+02 1.003200e-24 1.003200e-24
1.424500e+02 1.006400e-24 1.006400e-24
1.425500e+02 1.009600e-24 1.009600e-24
1.426500e+02 1.012800e-24 1.012800e-24
1.427500e+02 1.016000e-24 1.016000e-24
1.428500e+02 1.019200e-24 1.019200e-24
1.429500e+02 1.022400e-24 1.022400e-24
1.430500e+02 1.025600e-24 1.025600e-24
1.431500e+02 1.028800e-24 1.028800e-24
1.432500e+02 1.032000e-24 1.032000e-24
1.433500e+02 1.035200e-24 1.035200e-24
1.434500e+02 1.038400e-24 1.038400e-24
1.435500e+02 1.041600e-24 1.041600e-24
1.436500e+02 1.044800e-24 1.044800e-24
1.437500e+02 1.048000e-24 1.048000e-24
1.438500e+02 1.051200e-24 1.051200e-24
1.439500e+02 1.054400e-24 1.054400e-24
1.440500e+02 1.057600e-24 1.057600e-24
1.441500e+02 1.060800e-24 1.060800e-24
1.442500e+02 1.064000e-24 1.064000e-24
1.443500e+02 1.067200e-24 1.067200e-24
1.444500e+02 1.070400e-24 1.070400e-24
1.445500e+02 1.073600e-24 1.073600e-24
1.446500e+02 1.076800e-24 1.076800e-24
1.447500e+02 1.080000e-24 1.080000e-24
1.448500e+02 1.083200e-24 1.083200e-24
1.449500e+02 1.086400e-24 1.086400e-24
1.450500e+02 1.089600e-24 1.089600e-24
1.451500e+02 1.092800e-24 1.092800e-24
1.452500e+02 1.096000e-24 1.096000e-24
1.453500e+02 1.099200e-24 1.099200e-24
1.454500e+02 1.102400e-24 1.102400e-24
1.455500e+02 1.105600e-24 1.105600e-24
1.456500e+02 1.108800e-24 1.108800e-24
1.457500e+02 1.112000e-24 1.112000e-24
1.458500e+02 1.115200e-24 1.115200e-24
1.459500e+02 1.118400e-24 1.118400e-24
1.460500e+02 1.121600e-24 1.121600e-24
1.461500e+02 1.124800e-24 1.124800e-24
1.462500e+02 1.128000e-24 1.128000e-24
1.463500e+02 1.131200e-24 1.131200e-24
1.464500e+02 1.134400e-24 1.134400e-24
1.465500e+02 1.137600e-24 1.137600e-24
1.466500e+02 1.140800e-24 1.140800e-24
1.467500e+02 1.144000e-24 1.144000e-24
1.468500e+02 1.147200e-24 1.147200e-24
1.469500e+02 1.150400e-24 1.150400e-24
1.470500e+02 1.153600e-24 1.153600e-24
1.471500e+02 1.156800e-24 1.156800e-24
1.472500e+02 1.160000e-24 1.160000e-24
1.473500e+02 1.163200e-24 1.163200e-24
1.474500e+02 1.166400e-24 1.166400e-24
1.475500e+02 1.169600e-24 1.169600e-24
1.476500e+02 1.172800e-24 1.172800e-24
1.477500e+02 1.176000e-24 1.176000e-24
1.478500e+02 1.179200e-24 1.179200e-24
1.479500e+02 1.182400e-24 1.182400e-24
1.480500e+02 1.185600e-24 1.185600e-24
1.481500e+02 1.188800e-24 1.188800e-24
1.482500e+02 1.192000e-24 1.192000e-24
1.483500e+02 1.195200e-24 1.195200e-24
1.484500e+02 1.198400e-24 1.198400e-24
1.485500e+02 1.201600e-24 1.201600e-24
1.486500e+02 1.204800e-24 1.204800e-24
1.487500e+02 1.208000e-24 1.208000e-24
1.488500e+02 1.211200e-24 1.211200e-24
1.489500e+02 1.214400e-24 1.214400e-24
1.490500e+02 1.217600e-24 1.217600e-24
1.491500e+02 1.220800e-24 1.220800e-24
1.492500e+02 1.224000e-24 1.224000e-24
1.493500e+02 1.227200e-24 1.227200e-24
1.494500e+02 1.230400e-24 1.230400e-24
1.495500e+02 1.233600e-24 1.233600e-24
1.496500e+02 1.236800e-24 1.236800e-24
1.497500e+02 1.240000e-24 1.240000e-24
1.498500e+02 1.243200e-24 1.243200e-24
1.499500e+02 1.246400e-24 1.246400e-24
1.500500e+02 1.249600e-24 1.249600e-24
1.501500e+02 1.252800e-24 1.252800e-24
1.502500e+02 1.256000e-24 1.256000e-24
1.503500e+02 1.259200e-24 1.259200e-24
1.504500e+02 1.262400e-24 1.262400e-24
1.505500e+02 1.265600e-24 1.265600e-24
1.506500e+02 1.268800e-24 1.268800e-24
1.507500e+02 1.272000e-24 1.272000e-24
1.508500e+02 1.275200e-24 1.275200e-24
1.509500e+02 1.278400e-24 1.278400e-24
1.510500e+02 1.281600e-24 1.281600e-24
1.511500e+02 1.284800e-24 1.284800e-24
1.512500e+02 1.288000e-24 1.288000e-24
1.513500e+02 1.291200e-24 1.291200e-24
1.514500e+02 1.294400e-24 1.294400e-24
1.515500e+02 1.297600e-24 1.297600e-24
1.516500e+02 1.300800e-24 1.300800e-24
1.517500e+02 1.304000e-24 1.304000e-24
1.518500e+02 1.307200e-24 1.307200e-24
1.519500e+02 1.310400e-24 1.310400e-24
1.520500e+02 1.313600e-24 1.313600e-24
1.521500e+02 1.316800e-24 1.316800e-24
1.522500e+02 1.320000e-24 1.320000e-24
1.523500e+02 1.323200e-24 1.323200e-24
1.524500e+02 1.326400e-24 1.326400e-24
1.525500e+02 1.329600e-24 1.329600e-24
1.526500e+02 1.332800e-24 1.332800e-24
1.527500e+02 1.336000e-24 1.336000e-24
1.528500e+02 1.339200e-24 1.339200e-24
1.529500e+02 1.342400e-24 1.342400e-24
1.530500e+02 1.345600e-24 1.345600e-24
1.531500e+02 1.348800e-24 1.348800e-24
1.532500e+02 1.352000e-24 1.352000e-24
1.533500e+02 1.355200e-24 1.355200e-24
1.534500e+02 1.358400e-24 1.358400e-24
1.535500e+02 1.361600e-24 1.361600e-24
1.536500e+02 1.364800e-24 1.364800e-24
1.537500e+02 1.368000e-24 1.368000e-24
1.538500e+02 1.371200e-24 1.371200e-24
1.539500e+02 1.374400e-24 1.374400e-24
1.540500e+02 1.377600e-24 1.377600e-24
1.541500e+02 1.380800e-24 1.380800e-24
1.542500e+02 1.384000e-24 1.384000e-24
1.543500e+02 1.387200e-24 1.387200e-24
1.544500e+02 1.390400e-24 1.390400e-24
1.545500e+02 1.393600e-24 1.393600e-24
1.546500e+02 1.396800e-24 1.396800e-24
1.547500e+02 1.400000e-24 1.400000e-24
1.548500e+02 1.403200e-24 1.403200e-24
1.549500e+02 1.406400e-24 1.406400e-24
1.550500e+02 1.409600e-24 1.409600e-24
1.551500e+02 1.412800e-24 1.412800e-24
1.552500e+02 1.416000e-24 1.416000e-24
1.553500e+02 1.419200e-24 1.419200e-24
1.554500e+02 1.422400e-24 1.422400e-24
1.555500e+02 1.425600e-24 1.425600e-24
1.556500e+02 1.428800e-24 1.428800e-24
1.557500e+02 1.432000e-24 1.432000e-24
1.558500e+02 1.435200e-24 1.435200e-24
1.559500e+02 1.438400e-24 1.438400e-24
1.560500e+02 1.449100e-24 1.449100e-24
1.561500e+02 1.467300e-24 1.467300e-24
1.562500e+02 1.485500e-24 1.485500e-24
1.563500e+02 1.503700e-24 1.503700e-24
1.564500e+02 1.521900e-24 1.521900e-24
1.565500e+02 1.540100e-24 1.540100e-24
1.566500e+02 1.558300e-24 1.558300e-24
1.567500e+02 1.576500e-24 1.576500e-24
1.568500e+02 1.594700e-24 1.594700e-24
1.569500e+02 1.612900e-24 1.612900e-24
1.570500e+02 1.631100e-24 1.631100e-24
1.571500e+02 1.649300e-24 1.649300e-24
1.572500e+02 1.667500e-24 1.667500e-24
1.573500e+02 1.685700e-24 1.685700e-24
1.574500e+02 1.703900e-24 1.703900e-24
1.575500e+02 1.722100e-24 1.722100e-24
1.576500e+02 1.740300e-24 1.740300e-24
1.577500e+02 1.758500e-24 1.758500e-24
1.578500e+02 1.776700e-24 1.776700e-24
1.579500e+02 1.794900e-24 1.794900e-24
1.580500e+02 1.813100e-24 1.813100e-24
1.581500e+02 1.831300e-24 1.831300e-24
1.582500e+02 1.849500e-24 1.849500e-24
1.583500e+02 1.867700e-24 1.867700e-24
1.584500e+02 1.885900e-24 1.885900e-24
1.585500e+02 1.904100e-24 1.904100e-24
1.586500e+02 1.922300e-24 1.922300e-24
1.587500e+02 1.940500e-24 1.940500e-24
1.588500e+02 1.958700e-24 1.958700e-24
1.589500e+02 1.976900e-24 1.976900e-24
1.590500e+02 1.995100e-24 1.995100e-24
1.591500e+02 2.013300e-24 2.013300e-24
1.592500e+02 2.031500e-24 2.031500e-24
1.593500e+02 2.049700e-24 2.049700e-24
1.594500e+02 2.067900e-24 2.067900e-24
1.595500e+02 2.086100e-24 2.086100e-24
1.596500e+02 2.104300e-24 2.104300e-24
1.597500e+02 2.122500e-24 2.122500e-24
1.598500e+02 2.140700e-24 2.140700e-24
1.599500e+02 2.158900e-24 2.158900e-24
1.600500e+02 2.177100e-24 2.177100e-24
1.601500e+02 2.195300e-24 2.195300e-24
1.602500e+02 2.213500e-24 2.213500e-24
1.603500e+02 2.231700e-24 2.231700e-24
1.604500e+02 2.249900e-24 2.249900e-24
1.605500e+02 2.268100e-24 2.268100e-24
1.606500e+02 2.286300e-24 2.286300e-24
1.607500e+02 2.304500e-24 2.304500e-24
1.608500e+02 2.322700e-24 2.322700e-24
1.609500e+02 2.340900e-24 2.340900e-24
1.610500e+02 2.354700e-24 2.354700e-24
1.611500e+02 2.364100e-24 2.364100e-24
1.612500e+02 2.373500e-24 2.373500e-24
1.613500e+02 2.382900e-24 2.382900e-24
1.614500e+02 2.392300e-24 2.392300e-24
1.615500e+02 2.401700e-24 2.401700e-24
1.616500e+02 2.411100e-24 2.411100e-24
1.617500e+02 2.420500e-24 2.420500e-24
1.618500e+02 2.429900e-24 2.429900e-24
1.619500e+02 2.439300e-24 2.439300e-24
1.620500e+02 2.448700e-24 2.448700e-24
1.621500e+02 2.458100e-24 2.458100e-24
1.622500e+02 2.467500e-24 2.467500e-24
1.623500e+02 2.476900e-24 2.476900e-24
1.624500e+02 2.486300e-24 2.486300e-24
1.625500e+02 2.495700e-24 2.495700e-24
1.626500e+02 2.505100e-24 2.505100e-24
1.627500e+02 2.514500e-24 2.514500e-24
1.628500e+02 2.523900e-24 2.523900e-24
1.629500e+02 2.533300e-24 2.533300e-24
1.630500e+02 2.542700e-24 2.542700e-24
1.631500e+02 2.552100e-24 2.552100e-24
1.632500e+02 2.561500e-24 2.561500e-24
1.633500e+02 2.570900e-24 2.570900e-24
1.634500e+02 2.580300e-24 2.580300e-24
1.635500e+02 2.589700e-24 2.589700e-24
1.636500e+02 2.599100e-24 2.599100e-24
1.637500e+02 2.608500e-24 2.608500e-24
1.638500e+02 2.617900e-24 2.617900e-24
1.639500e+02 2.627300e-24 2.627300e-24
1.640500e+02 2.636700e-24 2.636700e-24
1.641500e+02 2.646100e-24 2.646100e-24
1.642500e+02 2.655500e-24 2.655500e-24
1.643500e+02 2.664900e-24 2.664900e-24
1.644500e+02 2.674300e-24 2.674300e-24
1.645500e+02 2.683700e-24 2.683700e-24
1.646500e+02 2.693100e-24 2.693100e-24
1.647500e+02 2.702500e-24 2.702500e-24
1.648500e+02 2.711900e-24 2.711900e-24
1.649500e+02 2.721300e-24 2.721300e-24
1.650500e+02 2.730700e-24 2.730700e-24
1.651500e+02 2.740100e-24 2.740100e-24
1.652500e+02 2.749500e-24 2.749500e-24
1.653500e+02 2.758900e-24 2.758900e-24
1.654500e+02 2.768300e-24 2.768300e-24
1.655500e+02 2.777700e-24 2.777700e-24
1.656500e+02 2.787100e-24 2.787100e-24
1.657500e+02 2.796500e-24 2.796500e-24
1.658500e+02 2.805900e-24 2.805900e-24
1.659500e+02 2.815300e-24 2.815300e-24
1.660500e+02 2.818700e-24 2.818700e-24
1.661500e+02 2.816100e-24 2.816100e-24
1.662500e+02 2.813500e-24 2.813500e-24
1.663500e+02 2.810900e-24 2.810900e-24
1.664500e+02 2.808300e-24 2.808300e-24
1.665500e+02 2.805700e-24 2.805700e-24
1.666500e+02 2.803100e-24 2.803100e-24
1.667500e+02 2.800500e-24 2.800500e-24
1.668500e+02 2.797900e-24 2.797900e-24
1.669500e+02 2.795300e-24 2.795300e-24
1.670500e+02 2.792700e-24 2.792700e-24
1.671500e+02 2.790100e-24 2.790100e-24
1.672500e+02 2.787500e-24 2.787500e-24
1.673500e+02 2.784900e-24 2.784900e-24
1.674500e+02 2.782300e-24 2.782300e-24
1.675500e+02 2.779700e-24 2.779700e-24
1.676500e+02 2.777100e-24 2.777100e-24
1.677500e+02 2.774500e-24 2.774500e-24
1.678500e+02 2.771900e-24 2.771900e-24
1.679500e+02 2.769300e-24 2.769300e-24
1.680500e+02 2.766700e-24 2.766700e-24
1.681500e+02 2.764100e-24 2.764100e-24
1.682500e+02 2.761500e-24 2.761500e-24
1.683500e+02 2.758900e-24 2.758900e-24
1.684500e+02 2.756300e-24 2.756300e-24
1.685500e+02 2.753700e-24 2.753700e-24
1.686500e+02 2.751100e-24 2.751100e-24
1.687500e+02 2.748500e-24 2.748500e-24
1.688500e+02 2.745900e-24 2.745900e-24
1.689500e+02 2.743300e-24 2.743300e-24
1.690500e+02 2.740700e-24 2.740700e-24
1.691500e+02 2.738100e-24 2.738100e-24
1.692500e+02 2.735500e-24 2.735500e-24
1.693500e+02 2.732900e-24 2.732900e-24
1.694500e+02 2.730300e-24 2.730300e-24
1.695500e+02 2.727700e-24 2.727700e-24
1.696500e+02 2.725100e-24 2.725100e-24
1.697500e+02 2.722500e-24 2.722500e-24
1.698500e+02 2.719900e-24 2.719900e-24
1.699500e+02 2.717300e-24 2.717300e-24
1.700500e+02 2.714700e-24 2.714700e-24
1.701500e+02 2.712100e-24 2.712100e-24
1.702500e+02 2.709500e-24 2.709500e-24
1.703500e+02 2.706900e-24 2.706900e-24
1.704500e+02 2.704300e-24 2.704300e-24
1.705500e+02 2.701700e-24 2.701700e-24
1.706500e+02 2.699100e-24 2.699100e-24
1.707500e+02 2.696500e-24 2.696500e-24
1.708500e+02 2.693900e-24 2.693900e-24
1.709500e+02 2.691300e-24 2.691300e-24
1.710500e+02 2.683800e-24 2.683800e-24
1.711500e+02 2.671400e-24 2.671400e-24
1.712500e+02 2.659000e-24 2.659000e-24
1.713500e+02 2.646600e-24 2.646600e-24
1.714500e+02 2.634200e-24 2.634200e-24
1.715500e+02 2.621800e-24 2.621800e-24
1.716500e+02 2.609400e-24 2.609400e-24
1.717500e+02 2.597000e-24 2.597000e-24
1.718500e+02 2.584600e-24 2.584600e-24
1.719500e+02 2.572200e-24 2.572200e-24
1.720500e+02 2.559800e-24 2.559800e-24
1.721500e+02 2.547400e-24 2.547400e-24
1.722500e+02 2.535000e-24 2.535000e-24
1.723500e+02 2.522600e-24 2.522600e-24
1.724500e+02 2.510200e-24 2.510200e-24
1.725500e+02 2.497800e-24 2.497800e-24
1.726500e+02 2.485400e-24 2.485400e-24
1.727500e+02 2.473000e-24 2.473000e-24
1.728500e+02 2.460600e-24 2.460600e-24
1.729500e+02 2.448200e-24 2.448200e-24
1.730500e+02 2.435800e-24 2.435800e-24
1.731500e+02 2.423400e-24 2.423400e-24
1.732500e+02 2.411000e-24 2.411000e-24
1.733500e+02 2.398600e-24 2.398600e-24
1.734500e+02 2.386200e-24 2.386200e-24
1.735500e+02 2.373800e-24 2.373800e-24
1.736500e+02 2.361400e-24 2.361400e-24
1.737500e+02 2.349000e-24 2.349000e-24
1.738500e+02 2.336600e-24 2.336600e-24
1.739500e+02 2.324200e-24 2.324200e-24
1.740500e+02 2.311800e-24 2.311800e-24
1.741500e+02 2.299400e-24 2.299400e-24
1.742500e+02 2.287000e-24 2.287000e-24
1.743500e+02 2.274600e-24 2.274600e-24
1.744500e+02 2.262200e-24 2.262200e-24
1.745500e+02 2.249800e-24 2.249800e-24
1.746500e+02 2.237400e-24 2.237400e-24
1.747500e+02 2.225000e-24 2.225000e-24
1.748500e+02 2.212600e-24 2.212600e-24
1.749500e+02 2.200200e-24 2.200200e-24
1.750500e+02 2.187800e-24 2.187800e-24
1.751500e+02 2.175400e-24 2.175400e-24
1.752500e+02 2.163000e-24 2.163000e-24
1.753500e+02 2.150600e-24 2.150600e-24
1.754500e+02 2.138200e-24 2.138200e-24
1.755500e+02 2.125800e-24 2.125800e-24
1.756500e+02 2.113400e-24 2.113400e-24
1.757500e+02 2.101000e-24 2.101000e-24
1.758500e+02 2.088600e-24 2.088600e-24
1.759500e+02 2.076200e-24 2.076200e-24
1.760500e+02 2.061900e-24 2.061900e-24
1.761500e+02 2.045700e-24 2.045700e-24
1.762500e+02 2.029500e-24 2.029500e-24
1.763500e+02 2.013300e-24 2.013300e-24
1.764500e+02 1.997100e-24 1.997100e-24
1.765500e+02 1.980900e-24 1.980900e-24
1.766500e+02 1.964700e-24 1.964700e-24
1.767500e+02 1.948500e-24 1.948500e-24
1.768500e+02 1.932300e-24 1.932300e-24
1.769500e+02 1.916100e-24 1.916100e-24
1.770500e+02 1.899900e-24 1.899900e-24
1.771500e+02 1.883700e-24 1.883700e-24
1.772500e+02 1.867500e-24 1.867500e-24
1.773500e+02 1.851300e-24 1.851300e-24
1.774500e+02 1.835100e-24 1.835100e-24
1.775500e+02 1.818900e-24 1.818900e-24
1.776500e+02 1.802700e-24 1.802700e-24
1.777500e+02 1.786500e-24 1.786500e-24
1.778500e+02 1.770300e-24 1.770300e-24
1.779500e+02 1.754100e-24 1.754100e-24
1.780500e+02 1.737900e-24 1.737900e-24
1.781500e+02 1.721700e-24 1.721700e-24
1.782500e+02 1.705500e-24 1.705500e-24
1.783500e+02 1.689300e-24 1.689300e-24
1.784500e+02 1.673100e-24 1.673100e-24
1.785500e+02 1.656900e-24 1.656900e-24
1.786500e+02 1.640700e-24 1.640700e-24
1.787500e+02 1.624500e-24 1.624500e-24
1.788500e+02 1.608300e-24 1.608300e-24
1.789500e+02 1.592100e-24 1.592100e-24
1.790500e+02 1.575900e-24 1.575900e-24
1.791500e+02 1.559700e-24 1.559700e-24
1.792500e+02 1.543500e-24 1.543500e-24
1.793500e+02 1.527300e-24 1.527300e-24
1.794500e+02 1.511100e-24 1.511100e-24
1.795500e+02 1.494900e-24 1.494900e-24
1.796500e+02 1.478700e-24 1.478700e-24
1.797500e+02 1.462500e-24 1.462500e-24
1.798500e+02 1.446300e-24 1.446300e-24
1.799500e+02 1.430100e-24 1.430100e-24
1.800500e+02 1.413900e-24 1.413900e-24
1.801500e+02 1.397700e-24 1.397700e-24
1.802500e+02 1.381500e-24 1.381500e-24
1.803500e+02 1.365300e-24 1.365300e-24
1.804500e+02 1.349100e-24 1.349100e-24
1.805500e+02 1.332900e-24 1.332900e-24
1.806500e+02 1.316700e-24 1.316700e-24
1.807500e+02 1.300500e-24 1.300500e-24
1.808500e+02 1.284300e-24 1.284300e-24
1.809500e+02 1.268100e-24 1.268100e-24
1.810500e+02 1.253030e-24 1.253030e-24
1.811500e+02 1.239090e-24 1.239090e-24
1.812500e+02 1.225150e-24 1.225150e-24
1.813500e+02 1.211210e-24 1.211210e-24
1.814500e+02 1.197270e-24 1.197270e-24
1.815500e+02 1.183330e-24 1.183330e-24
1.816500e+02 1.169390e-24 1.169390e-24
1.817500e+02 1.155450e-24 1.155450e-24
1.818500e+02 1.141510e-24 1.141510e-24
1.819500e+02 1.127570e-24 1.127570e-24
1.820500e+02 1.113630e-24 1.113630e-24
1.821500e+02 1.099690e-24 1.099690e-24
1.822500e+02 1.085750e-24 1.085750e-24
1.823500e+02 1.071810e-24 1.071810e-24
1.824500e+02 1.057870e-24 1.057870e-24
1.825500e+02 1.043930e-24 1.043930e-24
1.826500e+02 1.029990e-24 1.029990e-24
1.827500e+02 1.016050e-24 1.016050e-24
1.828500e+02 1.002110e-24 1.002110e-24
1.829500e+02 9.881700e-25 9.881700e-25
1.830500e+02 9.742300e-25 9.742300e-25
1.831500e+02 9.602900e-25 9.602900e-25
1.832500e+02 9.463500e-25 9.463500e-25
1.833500e+02 9.324100e-25 9.324100e-25
1.834500e+02 9.184700e-25 9.184700e-25
1.835500e+02 9.045300e-25 9.045300e-25
1.836500e+02 8.905900e-25 8.905900e-25
1.837500e+02 8.766500e-25 8.766500e-25
1.838500e+02 8.627100e-25 8.627100e-25
1.839500e+02 8.487700e-25 8.487700e-25
1.840500e+02 8.348300e-25 8.348300e-25
1.841500e+02 8.208900e-25 8.208900e-25
1.842500e+02 8.069500e-25 8.069500e-25
1.843500e+02 7.930100e-25 7.930100e-25
1.844500e+02 7.790700e-25 7.790700e-25
1.845500e+02 7.651300e-25 7.651300e-25
1.846500e+02 7.511900e-25 7.511900e-25
1.847500e+02 7.372500e-25 7.372500e-25
1.848500e+02 7.233100e-25 7.233100e-25
1.849500e+02 7.093700e-25 7.093700e-25
1.850500e+02 6.954300e-25 6.954300e-25
1.851500e+02 6.814900e-25 6.814900e-25
1.852500e+02 6.675500e-25 6.675500e-25
1.853500e+02 6.536100e-25 6.536100e-25
1.854500e+02 6.396700e-25 6.396700e-25
1.855500e+02 6.257300e-25 6.257300e-25
1.856500e+02 6.117900e-25 6.117900e-25
1.857500e+02 5.978500e-25 5.978500e-25
1.858500e+02 5.839100e-25 5.839100e-25
1.859500e+02 5.699700e-25 5.699700e-25
1.860500e+02 5.588500e-25 5.588500e-25
1.861500e+02 5.505500e-25 5.505500e-25
1.862500e+02 5.422500e-25 5.422500e-25
1.863500e+02 5.339500e-25 5.339500e-25
1.864500e+02 5.256500e-25 5.256500e-25
1.865500e+02 5.173500e-25 5.173500e-25
1.866500e+02 5.090500e-25 5.090500e-25
1.867500e+02 5.007500e-25 5.007500e-25
1.868500e+02 4.924500e-25 4.924500e-25
1.869500e+02 4.841500e-25 4.841500e-25
1.870500e+02 4.758500e-25 4.758500e-25
1.871500e+02 4.675500e-25 4.675500e-25
1.872500e+02 4.592500e-25 4.592500e-25
1.873500e+02 4.509500e-25 4.509500e-25
1.874500e+02 4.426500e-25 4.426500e-25
1.875500e+02 4.343500e-25 4.343500e-25
1.876500e+02 4.260500e-25 4.260500e-25
1.877500e+02 4.177500e-25 4.177500e-25
1.878500e+02 4.094500e-25 4.094500e-25
1.879500e+02 4.011500e-25 4.011500e-25
1.880500e+02 3.928500e-25 3.928500e-25
1.881500e+02 3.845500e-25 3.845500e-25
1.882500e+02 3.762500e-25 3.762500e-25
1.883500e+02 3.679500e-25 3.679500e-25
1.884500e+02 3.596500e-25 3.596500e-25
1.885500e+02 3.513500e-25 3.513500e-25
1.886500e+02 3.430500e-25 3.430500e-25
1.887500e+02 3.347500e-25 3.347500e-25
1.888500e+02 3.264500e-25 3.264500e-25
1.889500e+02 3.181500e-25 3.181500e-25
1.890500e+02 3.098500e-25 3.098500e-25
1.891500e+02 3.015500e-25 3.015500e-25
1.892500e+02 2.932500e-25 2.932500e-25
1.893500e+02 2.849500e-25 2.849500e-25
1.894500e+02 2.766500e-25 2.766500e-25
1.895500e+02 2.683500e-25 2.683500e-25
1.896500e+02 2.600500e-25 2.600500e-25
1.897500e+02 2.517500e-25 2.517500e-25
1.898500e+02 2.434500e-25 2.434500e-25
1.899500e+02 2.351500e-25 2.351500e-25
1.900500e+02 2.268500e-25 2.268500e-25
1.901500e+02 2.185500e-25 2.185500e-25
1.902500e+02 2.102500e-25 2.102500e-25
1.903500e+02 2.019500e-25 2.019500e-25
1.904500e+02 1.936500e-25 1.936500e-25
1.905500e+02 1.853500e-25 1.853500e-25
1.906500e+02 1.770500e-25 1.770500e-25
1.907500e+02 1.687500e-25 1.687500e-25
1.908500e+02 1.604500e-25 1.604500e-25
1.909500e+02 1.521500e-25 1.521500e-25
1.910500e+02 1.466189e-25 1.466189e-25
1.911500e+02 1.438567e-25 1.438567e-25
1.912500e+02 1.410945e-25 1.410945e-25
1.913500e+02 1.383323e-25 1.383323e-25
1.914500e+02 1.355701e-25 1.355701e-25
1.915500e+02 1.328079e-25 1.328079e-25
1.916500e+02 1.300457e-25 1.300457e-25
1.917500e+02 1.272835e-25 1.272835e-25
1.918500e+02 1.245213e-25 1.245213e-25
1.919500e+02 1.217591e-25 1.217591e-25
1.920500e+02 1.189969e-25 1.189969e-25
1.921500e+02 1.162347e-25 1.162347e-25
1.922500e+02 1.134725e-25 1.134725e-25
1.923500e+02 1.107103e-25 1.107103e-25
1.924500e+02 1.079481e-25 1.079481e-25
1.925500e+02 1.051859e-25 1.051859e-25
1.926500e+02 1.024237e-25 1.024237e-25
1.927500e+02 9.966150e-26 9.966150e-26
1.928500e+02 9.689930e-26 9.689930e-26
1.929500e+02 9.413710e-26 9.413710e-26
1.930500e+02 9.137490e-26 9.137490e-26
1.931500e+02 8.861270e-26 8.861270e-26
1.932500e+02 8.585050e-26 8.585050e-26
1.933500e+02 8.308830e-26 8.308830e-26
1.934500e+02 8.032610e-26 8.032610e-26
1.935500e+02 7.756390e-26 7.756390e-26
1.936500e+02 7.480170e-26 7.480170e-26
1.937500e+02 7.203950e-26 7.203950e-26
1.938500e+02 6.927730e-26 6.927730e-26
1.939500e+02 6.651510e-26 6.651510e-26
1.940500e+02 6.375290e-26 6.375290e-26
1.941500e+02 6.099070e-26 6.099070e-26
1.942500e+02 5.822850e-26 5.822850e-26
1.943500e+02 5.546630e-26 5.546630e-26
1.944500e+02 5.270410e-26 5.270410e-26
1.945500e+02 4.994190e-26 4.994190e-26
1.946500e+02 4.717970e-26 4.717970e-26
1.947500e+02 4.441750e-26 4.441750e-26
1.948500e+02 4.165530e-26 4.165530e-26
1.949500e+02 3.889310e-26 3.889310e-26
1.950500e+02 3.613090e-26 3.613090e-26
1.951500e+02 3.336870e-26 3.336870e-26
1.952500e+02 3.060650e-26 3.060650e-26
1.953500e+02 2.784430e-26 2.784430e-26
1.954500e+02 2.508210e-26 2.508210e-26
1.955500e+02 2.231990e-26 2.231990e-26
1.956500e+02 1.955770e-26 1.955770e-26
1.957500e+02 1.679550e-26 1.679550e-26
1.958500e+02 1.403330e-26 1.403330e-26
1.959500e+02 1.127110e-26 1.127110e-26
1.960500e+02 9.800800e-27 9.800800e-27
1.961500e+02 9.622400e-27 9.622400e-27
1.962500e+02 9.444000e-27 9.444000e-27
1.963500e+02 9.265600e-27 9.265600e-27
1.964500e+02 9.087200e-27 9.087200e-27
1.965500e+02 8.908800e-27 8.908800e-27
1.966500e+02 8.730400e-27 8.730400e-27
1.967500e+02 8.552000e-27 8.552000e-27
1.968500e+02 8.373600e-27 8.373600e-27
1.969500e+02 8.195200e-27 8.195200e-27
1.970500e+02 8.016800e-27 8.016800e-27
1.971500e+02 7.838400e-27 7.838400e-27
1.972500e+02 7.660000e-27 7.660000e-27
1.973500e+02 7.481600e-27 7.481600e-27
1.974500e+02 7.303200e-27 7.303200e-27
1.975500e+02 7.124800e-27 7.124800e-27
1.976500e+02 6.946400e-27 6.946400e-27
1.977500e+02 6.768000e-27 6.768000e-27
1.978500e+02 6.589600e-27 6.589600e-27
1.979500e+02 6.411200e-27 6.411200e-27
1.980500e+02 6.232800e-27 6.232800e-27
1.981500e+02 6.054400e-27 6.054400e-27
1.982500e+02 5.876000e-27 5.876000e-27
1.983500e+02 5.697600e-27 5.697600e-27
1.984500e+02 5.519200e-27 5.519200e-27
1.985500e+02 5.340800e-27 5.340800e-27
1.986500e+02 5.162400e-27 5.162400e-27
1.987500e+02 4.984000e-27 4.984000e-27
1.988500e+02 4.805600e-27 4.805600e-27
1.989500e+02 4.627200e-27 4.627200e-27
1.990500e+02 4.448800e-27 4.448800e-27
1.991500e+02 4.270400e-27 4.270400e-27
1.992500e+02 4.092000e-27 4.092000e-27
1.993500e+02 3.913600e-27 3.913600e-27
1.994500e+02 3.735200e-27 3.735200e-27
1.995500e+02 3.556800e-27 3.556800e-27
1.996500e+02 3.378400e-27 3.378400e-27
1.997500e+02 3.200000e-27 3.200000e-27
1.998500e+02 3.021600e-27 3.021600e-27
1.999500e+02 2.843200e-27 2.843200e-27
2.000500e+02 2.664800e-27 2.664800e-27
2.001500e+02 2.486400e-27 2.486400e-27
2.002500e+02 2.308000e-27 2.308000e-27
2.003500e+02 2.129600e-27 2.129600e-27
2.004500e+02 1.951200e-27 1.951200e-27
2.005500e+02 1.772800e-27 1.772800e-27
2.006500e+02 1.594400e-27 1.594400e-27
2.007500e+02 1.416000e-27 1.416000e-27
2.008500e+02 1.237600e-27 1.237600e-27
2.009500e+02 1.059200e-27 1.059200e-27
2.010500e+02 1.011700e-27 1.011700e-27
2.011500e+02 1.095100e-27 1.095100e-27
2.012500e+02 1.178500e-27 1.178500e-27
2.013500e+02 1.261900e-27 1.261900e-27
2.014500e+02 1.345300e-27 1.345300e-27
2.015500e+02 1.428700e-27 1.428700e-27
2.016500e+02 1.512100e-27 1.512100e-27
2.017500e+02 1.595500e-27 1.595500e-27
2.018500e+02 1.678900e-27 1.678900e-27
2.019500e+02 1.762300e-27 1.762300e-27
2.020500e+02 1.845700e-27 1.845700e-27
2.021500e+02 1.929100e-27 1.929100e-27
2.022500e+02 2.012500e-27 2.012500e-27
2.023500e+02 2.095900e-27 2.095900e-27
2.024500e+02 2.179300e-27 2.179300e-27
2.025500e+02 2.262700e-27 2.262700e-27
2.026500e+02 2.346100e-27 2.346100e-27
2.027500e+02 2.429500e-27 2.429500e-27
2.028500e+02 2.512900e-27 2.512900e-27
2.029500e+02 2.596300e-27 2.596300e-27
2.030500e+02 2.679700e-27 2.679700e-27
2.031500e+02 2.763100e-27 2.763100e-27
2.032500e+02 2.846500e-27 2.846500e-27
2.033500e+02 2.929900e-27 2.929900e-27
2.034500e+02 3.013300e-27 3.013300e-27
2.035500e+02 3.096700e-27 3.096700e-27
2.036500e+02 3.180100e-27 3.180100e-27
2.037500e+02 3.263500e-27 3.263500e-27
2.038500e+02 3.346900e-27 3.346900e-27
2.039500e+02 3.430300e-27 3.430300e-27
2.040500e+02 3.513700e-27 3.513700e-27
2.041500e+02 3.597100e-27 3.597100e-27
2.042500e+02 3.680500e-27 3.680500e-27
2.043500e+02 3.763900e-27 3.763900e-27
2.044500e+02 3.847300e-27 3.847300e-27
2.045500e+02 3.930700e-27 3.930700e-27
2.046500e+02 4.014100e-27 4.014100e-27
2.047500e+02 4.097500e-27 4.097500e-27
2.048500e+02 4.180900e-27 4.180900e-27
2.049500e+02 4.264300e-27 4.264300e-27
2.050500e+02 4.347700e-27 4.347700e-27
2.051500e+02 4.431100e-27 4.431100e-27
2.052500e+02 4.514500e-27 4.514500e-27
2.053500e+02 4.597900e-27 4.597900e-27
2.054500e+02 4.681300e-27 4.681300e-27
2.055500e+02 4.764700e-27 4.764700e-27
2.056500e+02 4.848100e-27 4.848100e-27
2.057500e+02 4.931500e-27 4.931500e-27
2.058500e+02 5.014900e-27 5.014900e-27
2.059500e+02 5.098300e-27 5.098300e-27
2.060500e+02 7.488600e-27 7.488600e-27
2.061500e+02 1.218580e-26 1.218580e-26
2.062500e+02 1.688300e-26 1.688300e-26
2.063500e+02 2.158020e-26 2.158020e-26
2.064500e+02 2.627740e-26 2.627740e-26
2.065500e+02 3.097460e-26 3.097460e-26
2.066500e+02 3.567180e-26 3.567180e-26
2.067500e+02 4.036900e-26 4.036900e-26
2.068500e+02 4.506620e-26 4.506620e-26
2.069500e+02 4.976340e-26 4.976340e-26
2.070500e+02 5.446060e-26 5.446060e-26
2.071500e+02 5.915780e-26 5.915780e-26
2.072500e+02 6.385500e-26 6.385500e-26
2.073500e+02 6.855220e-26 6.855220e-26
2.074500e+02 7.324940e-26 7.324940e-26
2.075500e+02 7.794660e-26 7.794660e-26
2.076500e+02 8.264380e-26 8.264380e-26
2.077500e+02 8.734100e-26 8.734100e-26
2.078500e+02 9.203820e-26 9.203820e-26
2.079500e+02 9.673540e-26 9.673540e-26
2.080500e+02 1.014326e-25 1.014326e-25
2.081500e+02 1.061298e-25 1.061298e-25
2.082500e+02 1.108270e-25 1.108270e-25
2.083500e+02 1.155242e-25 1.155242e-25
2.084500e+02 1.202214e-25 1.202214e-25
2.085500e+02 1.249186e-25 1.249186e-25
2.086500e+02 1.296158e-25 1.296158e-25
2.087500e+02 1.343130e-25 1.343130e-25
2.088500e+02 1.390102e-25 1.390102e-25
2.089500e+02 1.437074e-25 1.437074e-25
2.090500e+02 1.484046e-25 1.484046e-25
2.091500e+02 1.531018e-25 1.531018e-25
2.092500e+02 1.577990e-25 1.577990e-25
2.093500e+02 1.624962e-25 1.624962e-25
2.094500e+02 1.671934e-25 1.671934e-25
2.095500e+02 1.718906e-25 1.718906e-25
2.096500e+02 1.765878e-25 1.765878e-25
2.097500e+02 1.812850e-25 1.812850e-25
2.098500e+02 1.859822e-25 1.859822e-25
2.099500e+02 1.906794e-25 1.906794e-25
2.100500e+02 1.953766e-25 1.953766e-25
2.101500e+02 2.000738e-25 2.000738e-25
2.102500e+02 2.047710e-25 2.047710e-25
2.103500e+02 2.094682e-25 2.094682e-25
2.104500e+02 2.141654e-25 2.141654e-25
2.105500e+02 2.188626e-25 2.188626e-25
2.106500e+02 2.235598e-25 2.235598e-25
2.107500e+02 2.282570e-25 2.282570e-25
2.108500e+02 2.329542e-25 2.329542e-25
2.109500e+02 2.376514e-25 2.376514e-25
2.110500e+02 2.548000e-25 2.548000e-25
2.111500e+02 2.844000e-25 2.844000e-25
2.112500e+02 3.140000e-25 3.140000e-25
2.113500e+02 3.436000e-25 3.436000e-25
2.114500e+02 3.732000e-25 3.732000e-25
2.115500e+02 4.028000e-25 4.028000e-25
2.116500e+02 4.324000e-25 4.324000e-25
2.117500e+02 4.620000e-25 4.620000e-25
2.118500e+02 4.916000e-25 4.916000e-25
2.119500e+02 5.212000e-25 5.212000e-25
2.120500e+02 5.508000e-25 5.508000e-25
2.121500e+02 5.804000e-25 5.804000e-25
2.122500e+02 6.100000e-25 6.100000e-25
2.123500e+02 6.396000e-25 6.396000e-25
2.124500e+02 6.692000e-25 6.692000e-25
2.125500e+02 6.988000e-25 6.988000e-25
2.126500e+02 7.284000e-25 7.284000e-25
2.127500e+02 7.580000e-25 7.580000e-25
2.128500e+02 7.876000e-25 7.876000e-25
2.129500e+02 8.172000e-25 8.172000e-25
2.130500e+02 8.468000e-25 8.468000e-25
2.131500e+02 8.764000e-25 8.764000e-25
2.132500e+02 9.060000e-25 9.060000e-25
2.133500e+02 9.356000e-25 9.356000e-25
2.134500e+02 9.652000e-25 9.652000e-25
2.135500e+02 9.948000e-25 9.948000e-25
2.136500e+02 1.024400e-24 1.024400e-24
2.137500e+02 1.054000e-24 1.054000e-24
2.138500e+02 1.083600e-24 1.083600e-24
2.139500e+02 1.113200e-24 1.113200e-24
2.140500e+02 1.142800e-24 1.142800e-24
2.141500e+02 1.172400e-24 1.172400e-24
2.142500e+02 1.202000e-24 1.202000e-24
2.143500e+02 1.231600e-24 1.231600e-24
2.144500e+02 1.261200e-24 1.261200e-24
2.145500e+02 1.290800e-24 1.290800e-24
2.146500e+02 1.320400e-24 1.320400e-24
2.147500e+02 1.350000e-24 1.350000e-24
2.148500e+02 1.379600e-24 1.379600e-24
2.149500e+02 1.409200e-24 1.409200e-24
2.150500e+02 1.438800e-24 1.438800e-24
2.151500e+02 1.468400e-24 1.468400e-24
2.152500e+02 1.498000e-24 1.498000e-24
2.153500e+02 1.527600e-24 1.527600e-24
2.154500e+02 1.557200e-24 1.557200e-24
2.155500e+02 1.586800e-24 1.586800e-24
2.156500e+02 1.616400e-24 1.616400e-24
2.157500e+02 1.646000e-24 1.646000e-24
2.158500e+02 1.675600e-24 1.675600e-24
2.159500e+02 1.705200e-24 1.705200e-24
2.160500e+02 1.771900e-24 1.771900e-24
2.161500e+02 1.875700e-24 1.875700e-24
2.162500e+02 1.979500e-24 1.979500e-24
2.163500e+02 2.083300e-24 2.083300e-24
2.164500e+02 2.187100e-24 2.187100e-24
2.165500e+02 2.290900e-24 2.290900e-24
2.166500e+02 2.394700e-24 2.394700e-24
2.167500e+02 2.498500e-24 2.498500e-24
2.168500e+02 2.602300e-24 2.602300e-24
2.169500e+02 2.706100e-24 2.706100e-24
2.170500e+02 2.809900e-24 2.809900e-24
2.171500e+02 2.913700e-24 2.913700e-24
2.172500e+02 3.017500e-24 3.017500e-24
2.173500e+02 3.121300e-24 3.121300e-24
2.174500e+02 3.225100e-24 3.225100e-24
2.175500e+02 3.328900e-24 3.328900e-24
2.176500e+02 3.432700e-24 3.432700e-24
2.177500e+02 3.536500e-24 3.536500e-24
2.178500e+02 3.640300e-24 3.640300e-24
2.179500e+02 3.744100e-24 3.744100e-24
2.180500e+02 3.847900e-24 3.847900e-24
2.181500e+02 3.951700e-24 3.951700e-24
2.182500e+02 4.055500e-24 4.055500e-24
2.183500e+02 4.159300e-24 4.159300e-24
2.184500e+02 4.263100e-24 4.263100e-24
2.185500e+02 4.366900e-24 4.366900e-24
2.186500e+02 4.470700e-24 4.470700e-24
2.187500e+02 4.574500e-24 4.574500e-24
2.188500e+02 4.678300e-24 4.678300e-24
2.189500e+02 4.782100e-24 4.782100e-24
2.190500e+02 4.885900e-24 4.885900e-24
2.191500e+02 4.989700e-24 4.989700e-24
2.192500e+02 5.093500e-24 5.093500e-24
2.193500e+02 5.197300e-24 5.197300e-24
2.194500e+02 5.301100e-24 5.301100e-24
2.195500e+02 5.404900e-24 5.404900e-24
2.196500e+02 5.508700e-24 5.508700e-24
2.197500e+02 5.612500e-24 5.612500e-24
2.198500e+02 5.716300e-24 5.716300e-24
2.199500e+02 5.820100e-24 5.820100e-24
2.200500e+02 5.923900e-24 5.923900e-24
2.201500e+02 6.027700e-24 6.027700e-24
2.202500e+02 6.131500e-24 6.131500e-24
2.203500e+02 6.235300e-24 6.235300e-24
2.204500e+02 6.339100e-24 6.339100e-24
2.205500e+02 6.442900e-24 6.442900e-24
2.206500e+02 6.546700e-24 6.546700e-24
2.207500e+02 6.650500e-24 6.650500e-24
2.208500e+02 6.754300e-24 6.754300e-24
2.209500e+02 6.858100e-24 6.858100e-24
2.210500e+02 7.046900e-24 7.046900e-24
2.211500e+02 7.320700e-24 7.320700e-24
2.212500e+02 7.594500e-24 7.594500e-24
2.213500e+02 7.868300e-24 7.868300e-24
2.214500e+02 8.142100e-24 8.142100e-24
2.215500e+02 8.415900e-24 8.415900e-24
2.216500e+02 8.689700e-24 8.689700e-24
2.217500e+02 8.963500e-24 8.963500e-24
2.218500e+02 9.237300e-24 9.237300e-24
2.219500e+02 9.511100e-24 9.511100e-24
2.220500e+02 9.784900e-24 9.784900e-24
2.221500e+02 1.005870e-23 1.005870e-23
2.222500e+02 1.033250e-23 1.033250e-23
2.223500e+02 1.060630e-23 1.060630e-23
2.224500e+02 1.088010e-23 1.088010e-23
2.225500e+02 1.115390e-23 1.115390e-23
2.226500e+02 1.142770e-23 1.142770e-23
2.227500e+02 1.170150e-23 1.170150e-23
2.228500e+02 1.197530e-23 1.197530e-23
2.229500e+02 1.224910e-23 1.224910e-23
2.230500e+02 1.252290e-23 1.252290e-23
2.231500e+02 1.279670e-23 1.279670e-23
2.232500e+02 1.307050e-23 1.307050e-23
2.233500e+02 1.334430e-23 1.334430e-23
2.234500e+02 1.361810e-23 1.361810e-23
2.235500e+02 1.389190e-23 1.389190e-23
2.236500e+02 1.416570e-23 1.416570e-23
2.237500e+02 1.443950e-23 1.443950e-23
2.238500e+02 1.471330e-23 1.471330e-23
2.239500e+02 1.498710e-23 1.498710e-23
2.240500e+02 1.526090e-23 1.526090e-23
2.241500e+02 1.553470e-23 1.553470e-23
2.242500e+02 1.580850e-23 1.580850e-23
2.243500e+02 1.608230e-23 1.608230e-23
2.244500e+02 1.635610e-23 1.635610e-23
2.245500e+02 1.662990e-23 1.662990e-23
2.246500e+02 1.690370e-23 1.690370e-23
2.247500e+02 1.717750e-23 1.717750e-23
2.248500e+02 1.745130e-23 1.745130e-23
2.249500e+02 1.772510e-23 1.772510e-23
2.250500e+02 1.799890e-23 1.799890e-23
2.251500e+02 1.827270e-23 1.827270e-23
2.252500e+02 1.854650e-23 1.854650e-23
2.253500e+02 1.882030e-23 1.882030e-23
2.254500e+02 1.909410e-23 1.909410e-23
2.255500e+02 1.936790e-23 1.936790e-23
2.256500e+02 1.964170e-23 1.964170e-23
2.257500e+02 1.991550e-23 1.991550e-23
2.258500e+02 2.018930e-23 2.018930e-23
2.259500e+02 2.046310e-23 2.046310e-23
2.260500e+02 2.090600e-23 2.090600e-23
2.261500e+02 2.151800e-23 2.151800e-23
2.262500e+02 2.213000e-23 2.213000e-23
2.263500e+02 2.274200e-23 2.274200e-23
2.264500e+02 2.335400e-23 2.335400e-23
2.265500e+02 2.396600e-23 2.396600e-23
2.266500e+02 2.457800e-23 2.457800e-23
2.267500e+02 2.519000e-23 2.519000e-23
2.268500e+02 2.580200e-23 2.580200e-23
2.269500e+02 2.641400e-23 2.641400e-23
2.270500e+02 2.702600e-23 2.702600e-23
2.271500e+02 2.763800e-23 2.763800e-23
2.272500e+02 2.825000e-23 2.825000e-23
2.273500e+02 2.886200e-23 2.886200e-23
2.274500e+02 2.947400e-23 2.947400e-23
2.275500e+02 3.008600e-23 3.008600e-23
2.276500e+02 3.069800e-23 3.069800e-23
2.277500e+02 3.131000e-23 3.131000e-23
2.278500e+02 3.192200e-23 3.192200e-23
2.279500e+02 3.253400e-23 3.253400e-23
2.280500e+02 3.314600e-23 3.314600e-23
2.281500e+02 3.375800e-23 3.375800e-23
2.282500e+02 3.437000e-23 3.437000e-23
2.283500e+02 3.498200e-23 3.498200e-23
2.284500e+02 3.559400e-23 3.559400e-23
2.285500e+02 3.620600e-23 3.620600e-23
2.286500e+02 3.681800e-23 3.681800e-23
2.287500e+02 3.743000e-23 3.743000e-23
2.288500e+02 3.804200e-23 3.804200e-23
2.289500e+02 3.865400e-23 3.865400e-23
2.290500e+02 3.926600e-23 3.926600e-23
2.291500e+02 3.987800e-23 3.987800e-23
2.292500e+02 4.049000e-23 4.049000e-23
2.293500e+02 4.110200e-23 4.110200e-23
2.294500e+02 4.171400e-23 4.171400e-23
2.295500e+02 4.232600e-23 4.232600e-23
2.296500e+02 4.293800e-23 4.293800e-23
2.297500e+02 4.355000e-23 4.355000e-23
2.298500e+02 4.416200e-23 4.416200e-23
2.299500e+02 4.477400e-23 4.477400e-23
2.300500e+02 4.538600e-23 4.538600e-23
2.301500e+02 4.599800e-23 4.599800e-23
2.302500e+02 4.661000e-23 4.661000e-23
2.303500e+02 4.722200e-23 4.722200e-23
2.304500e+02 4.783400e-23 4.783400e-23
2.305500e+02 4.844600e-23 4.844600e-23
2.306500e+02 4.905800e-23 4.905800e-23
2.307500e+02 4.967000e-23 4.967000e-23
2.308500e+02 5.028200e-23 5.028200e-23
2.309500e+02 5.089400e-23 5.089400e-23
2.310500e+02 5.180800e-23 5.180800e-23
2.311500e+02 5.302400e-23 5.302400e-23
2.312500e+02 5.424000e-23 5.424000e-23
2.313500e+02 5.545600e-23 5.545600e-23
2.314500e+02 5.667200e-23 5.667200e-23
2.315500e+02 5.788800e-23 5.788800e-23
2.316500e+02 5.910400e-23 5.910400e-23
2.317500e+02 6.032000e-23 6.032000e-23
2.318500e+02 6.153600e-23 6.153600e-23
2.319500e+02 6.275200e-23 6.275200e-23
2.320500e+02 6.396800e-23 6.396800e-23
2.321500e+02 6.518400e-23 6.518400e-23
2.322500e+02 6.640000e-23 6.640000e-23
2.323500e+02 6.761600e-23 6.761600e-23
2.324500e+02 6.883200e-23 6.883200e-23
2.325500e+02 7.004800e-23 7.004800e-23
2.326500e+02 7.126400e-23 7.126400e-23
2.327500e+02 7.248000e-23 7.248000e-23
2.328500e+02 7.369600e-23 7.369600e-23
2.329500e+02 7.491200e-23 7.491200e-23
2.330500e+02 7.612800e-23 7.612800e-23
2.331500e+02 7.734400e-23 7.734400e-23
2.332500e+02 7.856000e-23 7.856000e-23
2.333500e+02 7.977600e-23 7.977600e-23
2.334500e+02 8.099200e-23 8.099200e-23
2.335500e+02 8.220800e-23 8.220800e-23
2.336500e+02 8.342400e-23 8.342400e-23
2.337500e+02 8.464000e-23 8.464000e-23
2.338500e+02 8.585600e-23 8.585600e-23
2.339500e+02 8.707200e-23 8.707200e-23
2.340500e+02 8.828800e-23 8.828800e-23
2.341500e+02 8.950400e-23 8.950400e-23
2.342500e+02 9.072000e-23 9.072000e-23
2.343500e+02 9.193600e-23 9.193600e-23
2.344500e+02 9.315200e-23 9.315200e-23
2.345500e+02 9.436800e-23 9.436800e-23
2.346500e+02 9.558400e-23 9.558400e-23
2.347500e+02 9.680000e-23 9.680000e-23
2.348500e+02 9.801600e-23 9.801600e-23
2.349500e+02 9.923200e-23 9.923200e-23
2.350500e+02 1.004480e-22 1.004480e-22
2.351500e+02 1.016640e-22 1.016640e-22
2.352500e+02 1.028800e-22 1.028800e-22
2.353500e+02 1.040960e-22 1.040960e-22
2.354500e+02 1.053120e-22 1.053120e-22
2.355500e+02 1.065280e-22 1.065280e-22
2.356500e+02 1.077440e-22 1.077440e-22
2.357500e+02 1.089600e-22 1.089600e-22
2.358500e+02 1.101760e-22 1.101760e-22
2.359500e+02 1.113920e-22 1.113920e-22
2.360500e+02 1.131200e-22 1.131200e-22
2.361500e+02 1.153600e-22 1.153600e-22
2.362500e+02 1.176000e-22 1.176000e-22
2.363500e+02 1.198400e-22 1.198400e-22
2.364500e+02 1.220800e-22 1.220800e-22
2.365500e+02 1.243200e-22 1.243200e-22
2.366500e+02 1.265600e-22 1.265600e-22
2.367500e+02 1.288000e-22 1.288000e-22
2.368500e+02 1.310400e-22 1.310400e-22
2.369500e+02 1.332800e-22 1.332800e-22
2.370500e+02 1.355200e-22 1.355200e-22
2.371500e+02 1.377600e-22 1.377600e-22
2.372500e+02 1.400000e-22 1.400000e-22
2.373500e+02 1.422400e-22 1.422400e-22
2.374500e+02 1.444800e-22 1.444800e-22
2.375500e+02 1.467200e-22 1.467200e-22
2.376500e+02 1.489600e-22 1.489600e-22
2.377500e+02 1.512000e-22 1.512000e-22
2.378500e+02 1.534400e-22 1.534400e-22
2.379500e+02 1.556800e-22 1.556800e-22
2.380500e+02 1.579200e-22 1.579200e-22
2.381500e+02 1.601600e-22 1.601600e-22
2.382500e+02 1.624000e-22 1.624000e-22
2.383500e+02 1.646400e-22 1.646400e-22
2.384500e+02 1.668800e-22 1.668800e-22
2.385500e+02 1.691200e-22 1.691200e-22
2.386500e+02 1.713600e-22 1.713600e-22
2.387500e+02 1.736000e-22 1.736000e-22
2.388500e+02 1.758400e-22 1.758400e-22
2.389500e+02 1.780800e-22 1.780800e-22
2.390500e+02 1.803200e-22 1.803200e-22
2.391500e+02 1.825600e-22 1.825600e-22
2.392500e+02 1.848000e-22 1.848000e-22
2.393500e+02 1.870400e-22 1.870400e-22
2.394500e+02 1.892800e-22 1.892800e-22
2.395500e+02 1.915200e-22 1.915200e-22
2.396500e+02 1.937600e-22 1.937600e-22
2.397500e+02 1.960000e-22 1.960000e-22
2.398500e+02 1.982400e-22 1.982400e-22
2.399500e+02 2.004800e-22 2.004800e-22
2.400500e+02 2.027200e-22 2.027200e-22
2.401500e+02 2.049600e-22 2.049600e-22
2.402500e+02 2.072000e-22 2.072000e-22
2.403500e+02 2.094400e-22 2.094400e-22
2.404500e+02 2.116800e-22 2.116800e-22
2.405500e+02 2.139200e-22 2.139200e-22
2.406500e+02 2.161600e-22 2.161600e-22
2.407500e+02 2.184000e-22 2.184000e-22
2.408500e+02 2.206400e-22 2.206400e-22
2.409500e+02 2.228800e-22 2.228800e-22
2.410500e+02 2.252667e-22 2.252667e-22
2.411500e+02 2.278000e-22 2.278000e-22
2.412500e+02 2.303333e-22 2.303333e-22
2.413500e+02 2.328667e-22 2.328667e-22
2.414500e+02 2.354000e-22 2.354000e-22
2.415500e+02 2.379333e-22 2.379333e-22
2.416500e+02 2.404667e-22 2.404667e-22
2.417500e+02 2.430000e-22 2.430000e-22
2.418500e+02 2.455333e-22 2.455333e-22
2.419500e+02 2.480667e-22 2.480667e-22
2.420500e+02 2.506000e-22 2.506000e-22
2.421500e+02 2.531333e-22 2.531333e-22
2.422500e+02 2.556667e-22 2.556667e-22
2.423500e+02 2.582000e-22 2.582000e-22
2.424500e+02 2.607333e-22 2.607333e-22
2.425500e+02 2.632667e-22 2.632667e-22
2.426500e+02 2.658000e-22 2.658000e-22
2.427500e+02 2.683333e-22 2.683333e-22
2.428500e+02 2.708667e-22 2.708667e-22
2.429500e+02 2.734000e-22 2.734000e-22
2.430500e+02 2.759333e-22 2.759333e-22
2.431500e+02 2.784667e-22 2.784667e-22
2.432500e+02 2.810000e-22 2.810000e-22
2.433500e+02 2.835333e-22 2.835333e-22
2.434500e+02 2.860667e-22 2.860667e-22
2.435500e+02 2.886000e-22 2.886000e-22
2.436500e+02 2.911333e-22 2.911333e-22
2.437500e+02 2.936667e-22 2.936667e-22
2.438500e+02 2.962000e-22 2.962000e-22
2.439500e+02 2.987333e-22 2.987333e-22
2.440500e+02 2.850001e-22 2.850001e-22
2.441500e+02 2.550002e-22 2.550002e-22
2.442500e+02 2.250004e-22 2.250004e-22
2.443500e+02 1.950006e-22 1.950006e-22
2.444500e+02 1.650007e-22 1.650007e-22
2.445500e+02 1.350009e-22 1.350009e-22
2.446500e+02 1.050011e-22 1.050011e-22
2.447500e+02 7.500125e-23 7.500125e-23
2.448500e+02 4.500141e-23 4.500141e-23
2.449500e+02 1.500158e-23 1.500158e-23
2.450500e+02 1.577000e-27 1.577000e-27
2.451500e+02 1.411000e-27 1.411000e-27
2.452500e+02 1.245000e-27 1.245000e-27
2.453500e+02 1.079000e-27 1.079000e-27
2.454500e+02 9.130000e-28 9.130000e-28
2.455500e+02 7.470000e-28 7.470000e-28
2.456500e+02 5.810000e-28 5.810000e-28
2.457500e+02 4.150000e-28 4.150000e-28
2.458500e+02 2.490000e-28 2.490000e-28
2.459500e+02 8.300000e-29 8.300000e-29
