#
# OH + PHOTON = O + H
#
# 55
#
#
#
#
#
#
   91.6090 1.001e-20 1.001e-20
   93.4480 1.895e-19 1.895e-19
   94.0709 3.498e-19 3.498e-19
   94.0710 3.512e-19 3.512e-19
   95.6700 9.368e-19 9.368e-19
   97.6260 1.759e-18 1.759e-18
  100.7660 4.071e-18 4.071e-18
  100.8010 4.110e-18 4.110e-18
  102.9120 6.681e-18 6.681e-18
  103.3210 7.145e-18 7.145e-18
  104.1890 7.962e-18 7.962e-18
  105.1340 8.465e-18 8.465e-18
  105.9700 8.478e-18 8.478e-18
  107.8130 7.423e-18 7.423e-18
  107.8160 7.421e-18 7.421e-18
  109.7220 5.727e-18 5.727e-18
  110.0000 5.501e-18 5.501e-18
  111.6990 4.431e-18 4.431e-18
  112.7140 3.972e-18 3.972e-18
  113.7480 3.572e-18 3.572e-18
  114.2150 3.397e-18 3.397e-18
  115.8740 2.774e-18 2.774e-18
  116.9070 2.425e-18 2.425e-18
  119.1190 1.883e-18 1.883e-18
  119.2170 1.867e-18 1.867e-18
  121.5540 1.690e-18 1.690e-18
  122.7580 1.710e-18 1.710e-18
  123.9850 1.758e-18 1.758e-18
  125.2110 1.789e-18 1.789e-18
  125.2380 1.789e-18 1.789e-18
  126.5160 1.764e-18 1.764e-18
  126.8970 1.750e-18 1.750e-18
  127.8200 1.705e-18 1.705e-18
  129.1510 1.590e-18 1.590e-18
  129.1950 1.585e-18 1.585e-18
  130.5110 1.416e-18 1.416e-18
  131.6090 1.254e-18 1.254e-18
  133.3180 1.002e-18 1.002e-18
  134.5980 8.474e-19 8.474e-19
  136.2480 7.097e-19 7.097e-19
  137.7620 6.581e-19 6.581e-19
  140.8930 7.885e-19 7.885e-19
  142.5120 9.712e-19 9.712e-19
  144.1690 1.224e-18 1.224e-18
  147.6020 1.870e-18 1.870e-18
  151.2020 2.550e-18 2.550e-18
  154.9820 2.973e-18 2.973e-18
  156.9440 3.012e-18 3.012e-18
  158.9560 2.901e-18 2.901e-18
  163.1390 2.280e-18 2.280e-18
  167.5480 1.420e-18 1.420e-18
  172.2020 7.000e-19 7.000e-19
  177.1220 2.800e-19 2.800e-19
  190.7470 1.000e-20 1.000e-20
  190.7471 0.000e+00 0.000e+00
