# S2 cross sections
# From the Leiden database for photodissociation and photoionization of astrophysically relevant molecules, http://home.strw.leidenuniv.nl/~ewine/photo/
# Alan Heays 2017-09-27
# references: pradhan1996 10.1016/0009-2614(96)00363-6, liao1986 10.1063/1.450576, smith1971 10.1016/0022-4073(71)90160-9, wheeler1998 10.1063/1.476074,
# no info on lines
# wavelength: (nm)
# photoabsorption   -- Photoabsorption cross section (cm2)
# photoionisation   -- Photoionisation cross section (cm2)
# This version has been resampled to a uniform 0.1nm grid while maintaining a constant integrated cross section (using trapezoidal integration).
# wavelength photoabsorption photoionisation
6.176330e+01 2.562140e-18 2.562140e-18
6.186330e+01 2.585372e-18 2.585372e-18
6.196330e+01 2.600380e-18 2.600380e-18
6.206330e+01 2.607215e-18 2.607215e-18
6.216330e+01 2.625641e-18 2.625641e-18
6.226330e+01 2.666824e-18 2.666824e-18
6.236330e+01 2.682523e-18 2.682523e-18
6.246330e+01 2.701334e-18 2.701334e-18
6.256330e+01 2.759162e-18 2.759162e-18
6.266330e+01 2.797965e-18 2.797965e-18
6.276330e+01 2.817089e-18 2.817089e-18
6.286330e+01 2.857011e-18 2.857011e-18
6.296330e+01 2.868070e-18 2.868070e-18
6.306330e+01 2.879935e-18 2.879935e-18
6.316330e+01 2.925430e-18 2.925430e-18
6.326330e+01 2.938667e-18 2.938667e-18
6.336330e+01 2.950382e-18 2.950382e-18
6.346330e+01 2.990583e-18 2.990583e-18
6.356330e+01 3.015097e-18 3.015097e-18
6.366330e+01 3.040150e-18 3.040150e-18
6.376330e+01 3.053379e-18 3.053379e-18
6.386330e+01 3.081223e-18 3.081223e-18
6.396330e+01 3.123069e-18 3.123069e-18
6.406330e+01 3.146307e-18 3.146307e-18
6.416330e+01 3.174003e-18 3.174003e-18
6.426330e+01 3.215491e-18 3.215491e-18
6.436330e+01 3.234755e-18 3.234755e-18
6.446330e+01 3.277522e-18 3.277522e-18
6.456330e+01 3.288720e-18 3.288720e-18
6.466330e+01 3.306421e-18 3.306421e-18
6.476330e+01 3.320344e-18 3.320344e-18
6.486330e+01 3.333335e-18 3.333335e-18
6.496330e+01 3.339938e-18 3.339938e-18
6.506330e+01 3.346080e-18 3.346080e-18
6.516330e+01 3.358440e-18 3.358440e-18
6.526330e+01 3.371344e-18 3.371344e-18
6.536330e+01 3.383635e-18 3.383635e-18
6.546330e+01 3.414196e-18 3.414196e-18
6.556330e+01 3.435065e-18 3.435065e-18
6.566330e+01 3.441680e-18 3.441680e-18
6.576330e+01 3.453273e-18 3.453273e-18
6.586330e+01 3.466947e-18 3.466947e-18
6.596330e+01 3.473771e-18 3.473771e-18
6.606330e+01 3.479920e-18 3.479920e-18
6.616330e+01 3.493152e-18 3.493152e-18
6.626330e+01 3.506827e-18 3.506827e-18
6.636330e+01 3.527639e-18 3.527639e-18
6.646330e+01 3.543428e-18 3.543428e-18
6.656330e+01 3.543427e-18 3.543427e-18
6.666330e+01 3.530806e-18 3.530806e-18
6.676330e+01 3.528731e-18 3.528731e-18
6.686330e+01 3.543430e-18 3.543430e-18
6.696330e+01 3.549575e-18 3.549575e-18
6.706330e+01 3.575414e-18 3.575414e-18
6.716330e+01 3.613779e-18 3.613779e-18
6.726330e+01 3.606253e-18 3.606253e-18
6.736330e+01 3.575530e-18 3.575530e-18
6.746330e+01 3.614451e-18 3.614451e-18
6.756330e+01 3.639039e-18 3.639039e-18
6.766330e+01 3.658857e-18 3.658857e-18
6.776330e+01 3.690960e-18 3.690960e-18
6.786330e+01 3.689585e-18 3.689585e-18
6.796330e+01 3.677449e-18 3.677449e-18
6.806330e+01 3.703277e-18 3.703277e-18
6.816330e+01 3.741242e-18 3.741242e-18
6.826330e+01 3.766760e-18 3.766760e-18
6.836330e+01 3.760362e-18 3.760362e-18
6.846330e+01 3.741240e-18 3.741240e-18
6.856330e+01 3.744493e-18 3.744493e-18
6.866330e+01 3.785850e-18 3.785850e-18
6.876330e+01 3.817709e-18 3.817709e-18
6.886330e+01 3.871251e-18 3.871251e-18
6.896330e+01 3.907400e-18 3.907400e-18
6.906330e+01 3.932877e-18 3.932877e-18
6.916330e+01 3.957930e-18 3.957930e-18
6.926330e+01 3.957930e-18 3.957930e-18
6.936330e+01 3.957930e-18 3.957930e-18
6.946330e+01 3.951993e-18 3.951993e-18
6.956330e+01 3.934557e-18 3.934557e-18
6.966330e+01 3.900570e-18 3.900570e-18
6.976330e+01 3.913314e-18 3.913314e-18
6.986330e+01 3.932437e-18 3.932437e-18
6.996330e+01 3.983424e-18 3.983424e-18
7.006330e+01 4.013824e-18 4.013824e-18
7.016330e+01 4.093333e-18 4.093333e-18
7.026330e+01 4.111646e-18 4.111646e-18
7.036330e+01 4.117845e-18 4.117845e-18
7.046330e+01 4.149145e-18 4.149145e-18
7.056330e+01 4.161643e-18 4.161643e-18
7.066330e+01 4.150741e-18 4.150741e-18
7.076330e+01 4.149968e-18 4.149968e-18
7.086330e+01 4.168260e-18 4.168260e-18
7.096330e+01 4.174854e-18 4.174854e-18
7.106330e+01 4.181232e-18 4.181232e-18
7.116330e+01 4.187380e-18 4.187380e-18
7.126330e+01 4.187380e-18 4.187380e-18
7.136330e+01 4.187380e-18 4.187380e-18
7.146330e+01 4.182600e-18 4.182600e-18
7.156330e+01 4.179360e-18 4.179360e-18
7.166330e+01 4.168956e-18 4.168956e-18
7.176330e+01 4.138820e-18 4.138820e-18
7.186330e+01 4.058707e-18 4.058707e-18
7.196330e+01 4.047395e-18 4.047395e-18
7.206330e+01 4.053540e-18 4.053540e-18
7.216330e+01 4.053540e-18 4.053540e-18
7.226330e+01 4.059915e-18 4.059915e-18
7.236330e+01 4.066288e-18 4.066288e-18
7.246330e+01 4.115284e-18 4.115284e-18
7.256330e+01 4.165956e-18 4.165956e-18
7.266330e+01 4.282995e-18 4.282995e-18
7.276330e+01 4.331968e-18 4.331968e-18
7.286330e+01 4.359460e-18 4.359460e-18
7.296330e+01 4.359460e-18 4.359460e-18
7.306330e+01 4.359460e-18 4.359460e-18
7.316330e+01 4.353729e-18 4.353729e-18
7.326330e+01 4.350167e-18 4.350167e-18
7.336330e+01 4.376983e-18 4.376983e-18
7.346330e+01 4.411028e-18 4.411028e-18
7.356330e+01 4.441048e-18 4.441048e-18
7.366330e+01 4.455049e-18 4.455049e-18
7.376330e+01 4.487925e-18 4.487925e-18
7.386330e+01 4.536037e-18 4.536037e-18
7.396330e+01 4.569076e-18 4.569076e-18
7.406330e+01 4.581251e-18 4.581251e-18
7.416330e+01 4.629707e-18 4.629707e-18
7.426330e+01 4.658499e-18 4.658499e-18
7.436330e+01 4.686036e-18 4.686036e-18
7.446330e+01 4.748708e-18 4.748708e-18
7.456330e+01 4.760990e-18 4.760990e-18
7.466330e+01 4.768894e-18 4.768894e-18
7.476330e+01 4.780110e-18 4.780110e-18
7.486330e+01 4.804705e-18 4.804705e-18
7.496330e+01 4.818369e-18 4.818369e-18
7.506330e+01 4.851132e-18 4.851132e-18
7.516330e+01 4.869578e-18 4.869578e-18
7.526330e+01 4.870448e-18 4.870448e-18
7.536330e+01 4.856600e-18 4.856600e-18
7.546330e+01 4.813731e-18 4.813731e-18
7.556330e+01 4.752402e-18 4.752402e-18
7.566330e+01 4.751097e-18 4.751097e-18
7.576330e+01 4.675656e-18 4.675656e-18
7.586330e+01 4.644043e-18 4.644043e-18
7.596330e+01 4.587791e-18 4.587791e-18
7.606330e+01 4.560452e-18 4.560452e-18
7.616330e+01 4.548805e-18 4.548805e-18
7.626330e+01 4.550259e-18 4.550259e-18
7.636330e+01 4.550136e-18 4.550136e-18
7.646330e+01 4.611147e-18 4.611147e-18
7.656330e+01 4.654655e-18 4.654655e-18
7.666330e+01 4.706016e-18 4.706016e-18
7.676330e+01 4.797769e-18 4.797769e-18
7.686330e+01 4.844099e-18 4.844099e-18
7.696330e+01 4.900191e-18 4.900191e-18
7.706330e+01 4.925888e-18 4.925888e-18
7.716330e+01 4.991178e-18 4.991178e-18
7.726330e+01 5.015942e-18 5.015942e-18
7.736330e+01 5.039978e-18 5.039978e-18
7.746330e+01 5.042869e-18 5.042869e-18
7.756330e+01 5.047800e-18 5.047800e-18
7.766330e+01 5.053730e-18 5.053730e-18
7.776330e+01 5.097508e-18 5.097508e-18
7.786330e+01 5.118165e-18 5.118165e-18
7.796330e+01 5.124280e-18 5.124280e-18
7.806330e+01 5.136352e-18 5.136352e-18
7.816330e+01 5.167986e-18 5.167986e-18
7.826330e+01 5.188013e-18 5.188013e-18
7.836330e+01 5.238998e-18 5.238998e-18
7.846330e+01 5.272099e-18 5.272099e-18
7.856330e+01 5.311189e-18 5.311189e-18
7.866330e+01 5.334610e-18 5.334610e-18
7.876330e+01 5.346903e-18 5.346903e-18
7.886330e+01 5.353730e-18 5.353730e-18
7.896330e+01 5.353730e-18 5.353730e-18
7.906330e+01 5.385607e-18 5.385607e-18
7.916330e+01 5.404711e-18 5.404711e-18
7.926330e+01 5.434583e-18 5.434583e-18
7.936330e+01 5.455478e-18 5.455478e-18
7.946330e+01 5.462305e-18 5.462305e-18
7.956330e+01 5.468450e-18 5.468450e-18
7.966330e+01 5.481321e-18 5.481321e-18
7.976330e+01 5.487570e-18 5.487570e-18
7.986330e+01 5.493234e-18 5.493234e-18
7.996330e+01 5.506690e-18 5.506690e-18
8.006330e+01 5.519434e-18 5.519434e-18
8.016330e+01 5.532642e-18 5.532642e-18
8.026330e+01 5.534187e-18 5.534187e-18
8.036330e+01 5.532182e-18 5.532182e-18
8.046330e+01 5.519438e-18 5.519438e-18
8.056330e+01 5.487570e-18 5.487570e-18
8.066330e+01 5.457814e-18 5.457814e-18
8.076330e+01 5.416973e-18 5.416973e-18
8.086330e+01 5.348582e-18 5.348582e-18
8.096330e+01 5.310888e-18 5.310888e-18
8.106330e+01 5.207137e-18 5.207137e-18
8.116330e+01 5.154109e-18 5.154109e-18
8.126330e+01 5.086573e-18 5.086573e-18
8.136330e+01 5.060775e-18 5.060775e-18
8.146330e+01 5.053948e-18 5.053948e-18
8.156330e+01 5.054073e-18 5.054073e-18
8.166330e+01 5.056548e-18 5.056548e-18
8.176330e+01 5.073744e-18 5.073744e-18
8.186330e+01 5.098325e-18 5.098325e-18
8.196330e+01 5.162529e-18 5.162529e-18
8.206330e+01 5.194647e-18 5.194647e-18
8.216330e+01 5.252570e-18 5.252570e-18
8.226330e+01 5.272107e-18 5.272107e-18
8.236330e+01 5.282059e-18 5.282059e-18
8.246330e+01 5.287460e-18 5.287460e-18
8.256330e+01 5.272284e-18 5.272284e-18
8.266330e+01 5.252252e-18 5.252252e-18
8.276330e+01 5.210209e-18 5.210209e-18
8.286330e+01 5.187017e-18 5.187017e-18
8.296330e+01 5.175976e-18 5.175976e-18
8.306330e+01 5.175756e-18 5.175756e-18
8.316330e+01 5.156135e-18 5.156135e-18
8.326330e+01 5.136574e-18 5.136574e-18
8.336330e+01 5.109476e-18 5.109476e-18
8.346330e+01 5.092868e-18 5.092868e-18
8.356330e+01 5.092869e-18 5.092869e-18
8.366330e+01 5.091532e-18 5.091532e-18
8.376330e+01 5.111045e-18 5.111045e-18
8.386330e+01 5.111044e-18 5.111044e-18
8.396330e+01 5.105160e-18 5.105160e-18
8.406330e+01 5.131110e-18 5.131110e-18
8.416330e+01 5.149994e-18 5.149994e-18
8.426330e+01 5.168607e-18 5.168607e-18
8.436330e+01 5.194396e-18 5.194396e-18
8.446330e+01 5.220544e-18 5.220544e-18
8.456330e+01 5.244276e-18 5.244276e-18
8.466330e+01 5.286345e-18 5.286345e-18
8.476330e+01 5.283186e-18 5.283186e-18
8.486330e+01 5.283186e-18 5.283186e-18
8.496330e+01 5.291040e-18 5.291040e-18
8.506330e+01 5.302491e-18 5.302491e-18
8.516330e+01 5.307695e-18 5.307695e-18
8.526330e+01 5.305291e-18 5.305291e-18
8.536330e+01 5.288239e-18 5.288239e-18
8.546330e+01 5.212586e-18 5.212586e-18
8.556330e+01 5.112519e-18 5.112519e-18
8.566330e+01 5.103907e-18 5.103907e-18
8.576330e+01 5.083653e-18 5.083653e-18
8.586330e+01 4.948215e-18 4.948215e-18
8.596330e+01 4.790069e-18 4.790069e-18
8.606330e+01 4.837608e-18 4.837608e-18
8.616330e+01 4.797008e-18 4.797008e-18
8.626330e+01 4.557446e-18 4.557446e-18
8.636330e+01 4.478270e-18 4.478270e-18
8.646330e+01 4.499189e-18 4.499189e-18
8.656330e+01 4.321924e-18 4.321924e-18
8.666330e+01 4.159138e-18 4.159138e-18
8.676330e+01 4.081322e-18 4.081322e-18
8.686330e+01 4.092429e-18 4.092429e-18
8.696330e+01 3.994782e-18 3.994782e-18
8.706330e+01 3.900633e-18 3.900633e-18
8.716330e+01 3.919647e-18 3.919647e-18
8.726330e+01 3.923549e-18 3.923549e-18
8.736330e+01 3.847914e-18 3.847914e-18
8.746330e+01 3.781646e-18 3.781646e-18
8.756330e+01 3.850462e-18 3.850462e-18
8.766330e+01 4.031930e-18 4.031930e-18
8.776330e+01 4.069273e-18 4.069273e-18
8.786330e+01 3.956367e-18 3.956367e-18
8.796330e+01 3.937007e-18 3.937007e-18
8.806330e+01 4.116302e-18 4.116302e-18
8.816330e+01 4.364435e-18 4.364435e-18
8.826330e+01 4.270729e-18 4.270729e-18
8.836330e+01 4.110728e-18 4.110728e-18
8.846330e+01 4.319482e-18 4.319482e-18
8.856330e+01 4.784344e-18 4.784344e-18
8.866330e+01 4.819660e-18 4.819660e-18
8.876330e+01 4.456518e-18 4.456518e-18
8.886330e+01 4.376818e-18 4.376818e-18
8.896330e+01 4.757782e-18 4.757782e-18
8.906330e+01 4.832806e-18 4.832806e-18
8.916330e+01 4.399048e-18 4.399048e-18
8.926330e+01 4.148931e-18 4.148931e-18
8.936330e+01 4.471671e-18 4.471671e-18
8.946330e+01 4.719210e-18 4.719210e-18
8.956330e+01 4.777118e-18 4.777118e-18
8.966330e+01 4.644978e-18 4.644978e-18
8.976330e+01 4.542430e-18 4.542430e-18
8.986330e+01 4.561029e-18 4.561029e-18
8.996330e+01 4.661089e-18 4.661089e-18
9.006330e+01 4.808851e-18 4.808851e-18
9.016330e+01 4.906760e-18 4.906760e-18
9.026330e+01 4.911116e-18 4.911116e-18
9.036330e+01 4.881866e-18 4.881866e-18
9.046330e+01 4.829949e-18 4.829949e-18
9.056330e+01 4.742567e-18 4.742567e-18
9.066330e+01 4.591135e-18 4.591135e-18
9.076330e+01 4.555444e-18 4.555444e-18
9.086330e+01 4.606309e-18 4.606309e-18
9.096330e+01 4.565214e-18 4.565214e-18
9.106330e+01 4.412334e-18 4.412334e-18
9.116330e+01 4.323024e-18 4.323024e-18
9.126330e+01 4.320615e-18 4.320615e-18
9.136330e+01 4.304829e-18 4.304829e-18
9.146330e+01 4.253964e-18 4.253964e-18
9.156330e+01 4.217286e-18 4.217286e-18
9.166330e+01 4.247152e-18 4.247152e-18
9.176330e+01 4.207988e-18 4.207988e-18
9.186330e+01 4.093998e-18 4.093998e-18
9.196330e+01 3.860977e-18 3.860977e-18
9.206330e+01 3.837204e-18 3.837204e-18
9.216330e+01 3.896331e-18 3.896331e-18
9.226330e+01 3.844659e-18 3.844659e-18
9.236330e+01 3.628901e-18 3.628901e-18
9.246330e+01 3.532137e-18 3.532137e-18
9.256330e+01 3.486533e-18 3.486533e-18
9.266330e+01 3.473535e-18 3.473535e-18
9.276330e+01 3.463924e-18 3.463924e-18
9.286330e+01 3.511508e-18 3.511508e-18
9.296330e+01 3.620130e-18 3.620130e-18
9.306330e+01 3.664766e-18 3.664766e-18
9.316330e+01 3.722078e-18 3.722078e-18
9.326330e+01 3.728490e-18 3.728490e-18
9.336330e+01 3.734863e-18 3.734863e-18
9.346330e+01 3.775199e-18 3.775199e-18
9.356330e+01 3.811349e-18 3.811349e-18
9.366330e+01 3.846580e-18 3.846580e-18
9.376330e+01 3.882929e-18 3.882929e-18
9.386330e+01 3.895999e-18 3.895999e-18
9.396330e+01 3.872805e-18 3.872805e-18
9.406330e+01 3.831608e-18 3.831608e-18
9.416330e+01 3.811121e-18 3.811121e-18
9.426330e+01 3.816168e-18 3.816168e-18
9.436330e+01 3.855356e-18 3.855356e-18
9.446330e+01 3.905512e-18 3.905512e-18
9.456330e+01 3.962228e-18 3.962228e-18
9.466330e+01 3.963161e-18 3.963161e-18
9.476330e+01 4.011595e-18 4.011595e-18
9.486330e+01 4.095016e-18 4.095016e-18
9.496330e+01 3.921128e-18 3.921128e-18
9.506330e+01 3.864377e-18 3.864377e-18
9.516330e+01 3.814049e-18 3.814049e-18
9.526330e+01 3.885237e-18 3.885237e-18
9.536330e+01 4.298451e-18 4.298451e-18
9.546330e+01 4.277436e-18 4.277436e-18
9.556330e+01 3.824601e-18 3.824601e-18
9.566330e+01 3.639433e-18 3.639433e-18
9.576330e+01 4.122241e-18 4.122241e-18
9.586330e+01 4.488676e-18 4.488676e-18
9.596330e+01 4.239590e-18 4.239590e-18
9.606330e+01 4.093900e-18 4.093900e-18
9.616330e+01 3.482940e-18 3.482940e-18
9.626330e+01 3.445253e-18 3.445253e-18
9.636330e+01 4.059237e-18 4.059237e-18
9.646330e+01 4.340285e-18 4.340285e-18
9.656330e+01 4.153976e-18 4.153976e-18
9.666330e+01 3.836039e-18 3.836039e-18
9.676330e+01 3.855067e-18 3.855067e-18
9.686330e+01 4.256493e-18 4.256493e-18
9.696330e+01 4.304146e-18 4.304146e-18
9.706330e+01 3.529723e-18 3.529723e-18
9.716330e+01 2.914289e-18 2.914289e-18
9.726330e+01 3.415934e-18 3.415934e-18
9.736330e+01 3.745307e-18 3.745307e-18
9.746330e+01 4.037964e-18 4.037964e-18
9.756330e+01 4.525389e-18 4.525389e-18
9.766330e+01 4.668176e-18 4.668176e-18
9.776330e+01 4.224702e-18 4.224702e-18
9.786330e+01 3.734424e-18 3.734424e-18
9.796330e+01 3.035535e-18 3.035535e-18
9.806330e+01 2.560308e-18 2.560308e-18
9.816330e+01 2.927971e-18 2.927971e-18
9.826330e+01 3.728262e-18 3.728262e-18
9.836330e+01 3.708706e-18 3.708706e-18
9.846330e+01 3.299691e-18 3.299691e-18
9.856330e+01 2.708171e-18 2.708171e-18
9.866330e+01 2.246199e-18 2.246199e-18
9.876330e+01 2.201151e-18 2.201151e-18
9.886330e+01 2.371116e-18 2.371116e-18
9.896330e+01 2.645058e-18 2.645058e-18
9.906330e+01 3.334169e-18 3.334169e-18
9.916330e+01 3.668041e-18 3.668041e-18
9.926330e+01 3.596903e-18 3.596903e-18
9.936330e+01 3.447092e-18 3.447092e-18
9.946330e+01 3.134035e-18 3.134035e-18
9.956330e+01 2.898976e-18 2.898976e-18
9.966330e+01 2.680875e-18 2.680875e-18
9.976330e+01 2.593978e-18 2.593978e-18
9.986330e+01 2.621851e-18 2.621851e-18
9.996330e+01 2.730090e-18 2.730090e-18
1.000633e+02 2.808822e-18 2.808822e-18
1.001633e+02 2.797060e-18 2.797060e-18
1.002633e+02 2.706501e-18 2.706501e-18
1.003633e+02 2.615942e-18 2.615942e-18
1.004633e+02 2.610171e-18 2.610171e-18
1.005633e+02 2.679783e-18 2.679783e-18
1.006633e+02 2.713782e-18 2.713782e-18
1.007633e+02 2.838542e-18 2.838542e-18
1.008633e+02 2.995379e-18 2.995379e-18
1.009633e+02 3.151902e-18 3.151902e-18
1.010633e+02 3.189461e-18 3.189461e-18
1.011633e+02 2.993624e-18 2.993624e-18
1.012633e+02 2.782680e-18 2.782680e-18
1.013633e+02 2.846931e-18 2.846931e-18
1.014633e+02 3.030566e-18 3.030566e-18
1.015633e+02 3.129716e-18 3.129716e-18
1.016633e+02 3.278109e-18 3.278109e-18
1.017633e+02 3.177671e-18 3.177671e-18
1.018633e+02 2.819201e-18 2.819201e-18
1.019633e+02 2.667951e-18 2.667951e-18
1.020633e+02 2.792774e-18 2.792774e-18
1.021633e+02 2.876824e-18 2.876824e-18
1.022633e+02 2.653114e-18 2.653114e-18
1.023633e+02 2.410037e-18 2.410037e-18
1.024633e+02 2.435677e-18 2.435677e-18
1.025633e+02 2.657712e-18 2.657712e-18
1.026633e+02 3.336234e-18 3.336234e-18
1.027633e+02 3.345405e-18 3.345405e-18
1.028633e+02 3.274464e-18 3.274464e-18
1.029633e+02 2.970755e-18 2.970755e-18
1.030633e+02 3.184915e-18 3.184915e-18
1.031633e+02 3.437128e-18 3.437128e-18
1.032633e+02 3.651291e-18 3.651291e-18
1.033633e+02 3.883280e-18 3.883280e-18
1.034633e+02 4.104613e-18 4.104613e-18
1.035633e+02 4.335618e-18 4.335618e-18
1.036633e+02 4.509220e-18 4.509220e-18
1.037633e+02 4.547660e-18 4.547660e-18
1.038633e+02 4.557437e-18 4.557437e-18
1.039633e+02 4.639225e-18 4.639225e-18
1.040633e+02 4.749630e-18 4.749630e-18
1.041633e+02 4.780185e-18 4.780185e-18
1.042633e+02 4.711338e-18 4.711338e-18
1.043633e+02 4.789802e-18 4.789802e-18
1.044633e+02 4.955324e-18 4.955324e-18
1.045633e+02 5.114308e-18 5.114308e-18
1.046633e+02 5.230148e-18 5.230148e-18
1.047633e+02 5.269764e-18 5.269764e-18
1.048633e+02 5.204398e-18 5.204398e-18
1.049633e+02 5.055893e-18 5.055893e-18
1.050633e+02 4.968937e-18 4.968937e-18
1.051633e+02 4.949584e-18 4.949584e-18
1.052633e+02 5.006649e-18 5.006649e-18
1.053633e+02 4.937090e-18 4.937090e-18
1.054633e+02 4.804153e-18 4.804153e-18
1.055633e+02 4.704197e-18 4.704197e-18
1.056633e+02 4.682814e-18 4.682814e-18
1.057633e+02 4.596425e-18 4.596425e-18
1.058633e+02 4.517102e-18 4.517102e-18
1.059633e+02 4.402658e-18 4.402658e-18
1.060633e+02 4.244996e-18 4.244996e-18
1.061633e+02 4.165155e-18 4.165155e-18
1.062633e+02 4.079932e-18 4.079932e-18
1.063633e+02 3.975278e-18 3.975278e-18
1.064633e+02 3.899222e-18 3.899222e-18
1.065633e+02 3.816552e-18 3.816552e-18
1.066633e+02 3.772890e-18 3.772890e-18
1.067633e+02 3.709115e-18 3.709115e-18
1.068633e+02 3.666618e-18 3.666618e-18
1.069633e+02 3.530658e-18 3.530658e-18
1.070633e+02 3.441422e-18 3.441422e-18
1.071633e+02 3.304002e-18 3.304002e-18
1.072633e+02 3.244444e-18 3.244444e-18
1.073633e+02 3.238296e-18 3.238296e-18
1.074633e+02 3.145587e-18 3.145587e-18
1.075633e+02 3.008311e-18 3.008311e-18
1.076633e+02 2.951247e-18 2.951247e-18
1.077633e+02 2.821309e-18 2.821309e-18
1.078633e+02 2.789935e-18 2.789935e-18
1.079633e+02 2.785926e-18 2.785926e-18
1.080633e+02 2.697795e-18 2.697795e-18
1.081633e+02 2.567062e-18 2.567062e-18
1.082633e+02 2.459563e-18 2.459563e-18
1.083633e+02 2.412669e-18 2.412669e-18
1.084633e+02 2.312553e-18 2.312553e-18
1.085633e+02 2.280733e-18 2.280733e-18
1.086633e+02 2.220615e-18 2.220615e-18
1.087633e+02 2.147301e-18 2.147301e-18
1.088633e+02 2.080919e-18 2.080919e-18
1.089633e+02 1.982347e-18 1.982347e-18
1.090633e+02 1.895021e-18 1.895021e-18
1.091633e+02 1.792116e-18 1.792116e-18
1.092633e+02 1.677415e-18 1.677415e-18
1.093633e+02 1.604438e-18 1.604438e-18
1.094633e+02 1.496169e-18 1.496169e-18
1.095633e+02 1.447606e-18 1.447606e-18
1.096633e+02 1.389059e-18 1.389059e-18
1.097633e+02 1.389289e-18 1.389289e-18
1.098633e+02 1.373089e-18 1.373089e-18
1.099633e+02 1.290338e-18 1.290338e-18
1.100633e+02 1.207295e-18 1.207295e-18
1.101633e+02 1.153603e-18 1.153603e-18
1.102633e+02 1.134823e-18 1.134823e-18
1.103633e+02 1.130614e-18 1.130614e-18
1.104633e+02 1.133723e-18 1.133723e-18
1.105633e+02 1.111689e-18 1.111689e-18
1.106633e+02 1.066104e-18 1.066104e-18
1.107633e+02 1.016808e-18 1.016808e-18
1.108633e+02 9.971522e-19 9.971522e-19
1.109633e+02 1.010082e-18 1.010082e-18
1.110633e+02 1.035694e-18 1.035694e-18
1.111633e+02 1.046114e-18 1.046114e-18
1.112633e+02 1.056953e-18 1.056953e-18
1.113633e+02 1.056897e-18 1.056897e-18
1.114633e+02 1.028890e-18 1.028890e-18
1.115633e+02 1.007897e-18 1.007897e-18
1.116633e+02 9.823723e-19 9.823723e-19
1.117633e+02 9.692782e-19 9.692782e-19
1.118633e+02 9.797571e-19 9.797571e-19
1.119633e+02 1.016251e-18 1.016251e-18
1.120633e+02 1.035549e-18 1.035549e-18
1.121633e+02 1.051284e-18 1.051284e-18
1.122633e+02 1.093994e-18 1.093994e-18
1.123633e+02 1.116581e-18 1.116581e-18
1.124633e+02 1.149061e-18 1.149061e-18
1.125633e+02 1.192213e-18 1.192213e-18
1.126633e+02 1.222866e-18 1.222866e-18
1.127633e+02 1.294440e-18 1.294440e-18
1.128633e+02 1.343329e-18 1.343329e-18
1.129633e+02 1.416631e-18 1.416631e-18
1.130633e+02 1.484572e-18 1.484572e-18
1.131633e+02 1.543918e-18 1.543918e-18
1.132633e+02 1.581495e-18 1.581495e-18
1.133633e+02 1.692617e-18 1.692617e-18
1.134633e+02 1.742933e-18 1.742933e-18
1.135633e+02 1.910526e-18 1.910526e-18
1.136633e+02 2.040339e-18 2.040339e-18
1.137633e+02 2.451614e-18 2.451614e-18
1.138633e+02 3.013713e-18 3.013713e-18
1.139633e+02 2.955313e-18 2.955313e-18
1.140633e+02 2.381904e-18 2.381904e-18
1.141633e+02 2.025713e-18 2.025713e-18
1.142633e+02 2.055913e-18 2.055913e-18
1.143633e+02 2.111164e-18 2.111164e-18
1.144633e+02 2.157440e-18 2.157440e-18
1.145633e+02 2.226947e-18 2.226947e-18
1.146633e+02 2.341678e-18 2.341678e-18
1.147633e+02 2.479982e-18 2.479982e-18
1.148633e+02 2.600908e-18 2.600908e-18
1.149633e+02 2.705999e-18 2.705999e-18
1.150633e+02 2.727993e-18 2.727993e-18
1.151633e+02 2.729469e-18 2.729469e-18
1.152633e+02 2.734991e-18 2.734991e-18
1.153633e+02 2.791754e-18 2.791754e-18
1.154633e+02 2.959206e-18 2.959206e-18
1.155633e+02 3.105100e-18 3.105100e-18
1.156633e+02 3.184669e-18 3.184669e-18
1.157633e+02 3.161468e-18 3.161468e-18
1.158633e+02 3.066943e-18 3.066943e-18
1.159633e+02 3.114805e-18 3.114805e-18
1.160633e+02 3.248287e-18 3.248287e-18
1.161633e+02 3.309630e-18 3.309630e-18
1.162633e+02 3.285543e-18 3.285543e-18
1.163633e+02 3.231868e-18 3.231868e-18
1.164633e+02 3.109590e-18 3.109590e-18
1.165633e+02 3.052522e-18 3.052522e-18
1.166633e+02 3.120881e-18 3.120881e-18
1.167633e+02 3.228521e-18 3.228521e-18
1.168633e+02 3.245050e-18 3.245050e-18
1.169633e+02 3.166524e-18 3.166524e-18
1.170633e+02 3.076638e-18 3.076638e-18
1.171633e+02 2.992835e-18 2.992835e-18
1.172633e+02 2.934516e-18 2.934516e-18
1.173633e+02 2.924435e-18 2.924435e-18
1.174633e+02 2.925985e-18 2.925985e-18
1.175633e+02 2.919828e-18 2.919828e-18
1.176633e+02 2.878758e-18 2.878758e-18
1.177633e+02 2.801503e-18 2.801503e-18
1.178633e+02 2.732518e-18 2.732518e-18
1.179633e+02 2.643629e-18 2.643629e-18
1.180633e+02 2.716764e-18 2.716764e-18
1.181633e+02 2.797432e-18 2.797432e-18
1.182633e+02 2.772428e-18 2.772428e-18
1.183633e+02 2.667483e-18 2.667483e-18
1.184633e+02 2.557208e-18 2.557208e-18
1.185633e+02 2.501697e-18 2.501697e-18
1.186633e+02 2.492329e-18 2.492329e-18
1.187633e+02 2.542916e-18 2.542916e-18
1.188633e+02 2.571186e-18 2.571186e-18
1.189633e+02 2.539351e-18 2.539351e-18
1.190633e+02 2.477506e-18 2.477506e-18
1.191633e+02 2.364700e-18 2.364700e-18
1.192633e+02 2.329518e-18 2.329518e-18
1.193633e+02 2.292920e-18 2.292920e-18
1.194633e+02 2.312378e-18 2.312378e-18
1.195633e+02 2.424344e-18 2.424344e-18
1.196633e+02 2.489550e-18 2.489550e-18
1.197633e+02 2.410283e-18 2.410283e-18
1.198633e+02 2.293882e-18 2.293882e-18
1.199633e+02 2.144740e-18 2.144740e-18
1.200633e+02 2.124197e-18 2.124197e-18
1.201633e+02 2.133343e-18 2.133343e-18
1.202633e+02 2.159903e-18 2.159903e-18
1.203633e+02 2.272342e-18 2.272342e-18
1.204633e+02 2.291684e-18 2.291684e-18
1.205633e+02 2.221290e-18 2.221290e-18
1.206633e+02 2.088122e-18 2.088122e-18
1.207633e+02 1.995728e-18 1.995728e-18
1.208633e+02 1.970638e-18 1.970638e-18
1.209633e+02 1.992348e-18 1.992348e-18
1.210633e+02 2.048896e-18 2.048896e-18
1.211633e+02 2.099805e-18 2.099805e-18
1.212633e+02 2.144502e-18 2.144502e-18
1.213633e+02 2.080292e-18 2.080292e-18
1.214633e+02 1.987304e-18 1.987304e-18
1.215633e+02 1.787358e-18 1.787358e-18
1.216633e+02 1.711655e-18 1.711655e-18
1.217633e+02 1.721383e-18 1.721383e-18
1.218633e+02 1.758005e-18 1.758005e-18
1.219633e+02 1.810468e-18 1.810468e-18
1.220633e+02 1.812747e-18 1.812747e-18
1.221633e+02 1.798932e-18 1.798932e-18
1.222633e+02 1.706342e-18 1.706342e-18
1.223633e+02 1.652563e-18 1.652563e-18
1.224633e+02 1.562007e-18 1.562007e-18
1.225633e+02 1.522542e-18 1.522542e-18
1.226633e+02 1.491211e-18 1.491211e-18
1.227633e+02 1.516002e-18 1.516002e-18
1.228633e+02 1.515422e-18 1.515422e-18
1.229633e+02 1.481915e-18 1.481915e-18
1.230633e+02 1.377439e-18 1.377439e-18
1.231633e+02 1.335608e-18 1.335608e-18
1.232633e+02 1.278800e-18 1.278800e-18
1.233633e+02 1.243687e-18 1.243687e-18
1.234633e+02 1.213453e-18 1.213453e-18
1.235633e+02 1.203872e-18 1.203872e-18
1.236633e+02 1.186581e-18 1.186581e-18
1.237633e+02 1.169806e-18 1.169806e-18
1.238633e+02 1.101067e-18 1.101067e-18
1.239633e+02 1.048133e-18 1.048133e-18
1.240633e+02 9.926401e-19 9.926401e-19
1.241633e+02 9.957336e-19 9.957336e-19
1.242633e+02 9.956937e-19 9.956937e-19
1.243633e+02 9.683645e-19 9.683645e-19
1.244633e+02 9.305274e-19 9.305274e-19
1.245633e+02 9.035141e-19 9.035141e-19
1.246633e+02 8.527104e-19 8.527104e-19
1.247633e+02 8.427682e-19 8.427682e-19
1.248633e+02 8.169315e-19 8.169315e-19
1.249633e+02 7.654978e-19 7.654978e-19
1.250633e+02 7.558198e-19 7.558198e-19
1.251633e+02 7.385400e-19 7.385400e-19
1.252633e+02 7.330771e-19 7.330771e-19
1.253633e+02 7.330606e-19 7.330606e-19
1.254633e+02 6.998870e-19 6.998870e-19
1.255633e+02 6.703798e-19 6.703798e-19
1.256633e+02 6.469640e-19 6.469640e-19
1.257633e+02 6.042590e-19 6.042590e-19
1.258633e+02 5.872517e-19 5.872517e-19
1.259633e+02 5.654718e-19 5.654718e-19
1.260633e+02 5.544236e-19 5.544236e-19
1.261633e+02 5.489451e-19 5.489451e-19
1.262633e+02 5.345680e-19 5.345680e-19
1.263633e+02 5.145244e-19 5.145244e-19
1.264633e+02 4.940377e-19 4.940377e-19
1.265633e+02 4.830956e-19 4.830956e-19
1.266633e+02 4.776164e-19 4.776164e-19
1.267633e+02 4.775619e-19 4.775619e-19
1.268633e+02 4.722483e-19 4.722483e-19
1.269633e+02 4.605416e-19 4.605416e-19
1.270633e+02 4.358506e-19 4.358506e-19
1.271633e+02 4.229570e-19 4.229570e-19
1.272633e+02 4.174750e-19 4.174750e-19
1.273633e+02 4.119831e-19 4.119831e-19
1.274633e+02 4.025672e-19 4.025672e-19
1.275633e+02 3.955545e-19 3.955545e-19
1.276633e+02 3.900740e-19 3.900740e-19
1.277633e+02 3.791392e-19 3.791392e-19
1.278633e+02 3.697597e-19 3.697597e-19
1.279633e+02 3.518327e-19 3.518327e-19
1.280633e+02 3.463522e-19 3.463522e-19
1.281633e+02 3.462951e-19 3.462951e-19
1.282633e+02 3.462410e-19 3.462410e-19
1.283633e+02 3.407447e-19 3.407447e-19
1.284633e+02 3.298247e-19 3.298247e-19
1.285633e+02 3.134511e-19 3.134511e-19
1.286633e+02 2.977045e-19 2.977045e-19
1.287633e+02 2.852823e-19 2.852823e-19
1.288633e+02 2.701286e-19 2.701286e-19
1.289633e+02 2.642929e-19 2.642929e-19
1.290633e+02 2.642486e-19 2.642486e-19
1.291633e+02 2.641852e-19 2.641852e-19
1.292633e+02 2.641307e-19 2.641307e-19
1.293633e+02 2.586268e-19 2.586268e-19
1.294633e+02 2.531560e-19 2.531560e-19
1.295633e+02 2.404330e-19 2.404330e-19
1.296633e+02 2.312868e-19 2.312868e-19
1.297633e+02 2.312296e-19 2.312296e-19
1.298633e+02 2.364472e-19 2.364472e-19
1.299633e+02 2.294133e-19 2.294133e-19
1.300633e+02 2.218290e-19 2.218290e-19
1.301633e+02 2.310147e-19 2.310147e-19
1.302633e+02 2.146700e-19 2.146700e-19
1.303633e+02 2.031074e-19 2.031074e-19
1.304633e+02 2.078937e-19 2.078937e-19
1.305633e+02 2.307975e-19 2.307975e-19
1.306633e+02 2.190738e-19 2.190738e-19
1.307633e+02 2.082084e-19 2.082084e-19
1.308633e+02 2.112575e-19 2.112575e-19
1.309633e+02 2.363997e-19 2.363997e-19
1.310633e+02 2.363598e-19 2.363598e-19
1.311633e+02 2.304715e-19 2.304715e-19
1.312633e+02 2.069339e-19 2.069339e-19
1.313633e+02 1.926893e-19 1.926893e-19
1.314633e+02 1.819532e-19 1.819532e-19
1.315633e+02 1.540864e-19 1.540864e-19
1.316633e+02 1.540449e-19 1.540449e-19
1.317633e+02 1.543631e-19 1.543631e-19
1.318633e+02 1.322113e-19 1.322113e-19
1.319633e+02 1.171930e-19 1.171930e-19
1.320633e+02 1.157892e-19 1.157892e-19
1.321633e+02 1.157352e-19 1.157352e-19
1.322633e+02 1.156733e-19 1.156733e-19
1.323633e+02 1.209021e-19 1.209021e-19
1.324633e+02 1.318850e-19 1.318850e-19
1.325633e+02 1.095561e-19 1.095561e-19
1.326633e+02 9.876681e-20 9.876681e-20
1.327633e+02 9.819712e-20 9.819712e-20
1.328633e+02 9.762742e-20 9.762742e-20
1.329633e+02 9.705772e-20 9.705772e-20
1.330633e+02 9.648802e-20 9.648802e-20
1.331633e+02 9.591833e-20 9.591833e-20
1.332633e+02 9.534863e-20 9.534863e-20
1.333633e+02 9.477893e-20 9.477893e-20
1.334633e+02 9.420923e-20 9.420923e-20
1.335633e+02 9.363953e-20 9.363953e-20
1.336633e+02 9.306984e-20 9.306984e-20
1.337633e+02 9.250014e-20 9.250014e-20
1.338633e+02 9.193044e-20 9.193044e-20
1.339633e+02 9.136074e-20 9.136074e-20
1.340633e+02 9.079104e-20 9.079104e-20
1.341633e+02 9.022135e-20 9.022135e-20
1.342633e+02 8.965165e-20 8.965165e-20
1.343633e+02 8.908195e-20 8.908195e-20
1.344633e+02 8.851225e-20 8.851225e-20
1.345633e+02 8.794255e-20 8.794255e-20
1.346633e+02 8.737286e-20 8.737286e-20
1.347633e+02 8.680316e-20 8.680316e-20
1.348633e+02 8.623346e-20 8.623346e-20
1.349633e+02 8.566376e-20 8.566376e-20
1.350633e+02 8.509407e-20 8.509407e-20
1.351633e+02 8.452437e-20 8.452437e-20
1.352633e+02 8.395467e-20 8.395467e-20
1.353633e+02 8.338497e-20 8.338497e-20
1.354633e+02 8.281527e-20 8.281527e-20
1.355633e+02 8.224558e-20 8.224558e-20
1.356633e+02 8.167588e-20 8.167588e-20
1.357633e+02 8.110618e-20 8.110618e-20
1.358633e+02 8.053648e-20 8.053648e-20
1.359633e+02 7.996678e-20 7.996678e-20
1.360633e+02 7.939709e-20 7.939709e-20
1.361633e+02 7.882739e-20 7.882739e-20
1.362633e+02 7.825769e-20 7.825769e-20
1.363633e+02 7.768799e-20 7.768799e-20
1.364633e+02 7.711829e-20 7.711829e-20
1.365633e+02 7.654860e-20 7.654860e-20
1.366633e+02 7.597890e-20 7.597890e-20
1.367633e+02 7.540920e-20 7.540920e-20
1.368633e+02 7.483950e-20 7.483950e-20
1.369633e+02 7.426981e-20 7.426981e-20
1.370633e+02 7.370011e-20 7.370011e-20
1.371633e+02 7.313041e-20 7.313041e-20
1.372633e+02 7.256071e-20 7.256071e-20
1.373633e+02 7.199101e-20 7.199101e-20
1.374633e+02 7.142132e-20 7.142132e-20
1.375633e+02 7.085162e-20 7.085162e-20
1.376633e+02 7.028192e-20 7.028192e-20
1.377633e+02 6.971222e-20 6.971222e-20
1.378633e+02 6.914252e-20 6.914252e-20
1.379633e+02 6.857283e-20 6.857283e-20
1.380633e+02 6.800313e-20 6.800313e-20
1.381633e+02 6.743343e-20 6.743343e-20
1.382633e+02 6.686373e-20 6.686373e-20
1.383633e+02 6.629403e-20 6.629403e-20
1.384633e+02 6.572434e-20 6.572434e-20
1.385633e+02 6.515464e-20 6.515464e-20
1.386633e+02 6.458494e-20 6.458494e-20
1.387633e+02 6.401524e-20 6.401524e-20
1.388633e+02 6.344555e-20 6.344555e-20
1.389633e+02 6.287585e-20 6.287585e-20
1.390633e+02 6.230615e-20 6.230615e-20
1.391633e+02 6.173645e-20 6.173645e-20
1.392633e+02 6.116675e-20 6.116675e-20
1.393633e+02 6.059706e-20 6.059706e-20
1.394633e+02 6.002736e-20 6.002736e-20
1.395633e+02 5.945766e-20 5.945766e-20
1.396633e+02 5.888796e-20 5.888796e-20
1.397633e+02 5.831826e-20 5.831826e-20
1.398633e+02 5.774857e-20 5.774857e-20
1.399633e+02 5.717887e-20 5.717887e-20
1.400633e+02 5.660917e-20 5.660917e-20
1.401633e+02 5.603947e-20 5.603947e-20
1.402633e+02 5.546977e-20 5.546977e-20
1.403633e+02 5.490008e-20 5.490008e-20
1.404633e+02 5.433038e-20 5.433038e-20
1.405633e+02 5.376068e-20 5.376068e-20
1.406633e+02 5.319098e-20 5.319098e-20
1.407633e+02 5.262129e-20 5.262129e-20
1.408633e+02 5.205159e-20 5.205159e-20
1.409633e+02 5.148189e-20 5.148189e-20
1.410633e+02 5.091219e-20 5.091219e-20
1.411633e+02 5.034249e-20 5.034249e-20
1.412633e+02 4.977280e-20 4.977280e-20
1.413633e+02 4.920310e-20 4.920310e-20
1.414633e+02 4.863340e-20 4.863340e-20
1.415633e+02 4.806370e-20 4.806370e-20
1.416633e+02 4.749400e-20 4.749400e-20
1.417633e+02 4.692431e-20 4.692431e-20
1.418633e+02 4.635461e-20 4.635461e-20
1.419633e+02 4.578491e-20 4.578491e-20
1.420633e+02 4.521521e-20 4.521521e-20
1.421633e+02 4.464551e-20 4.464551e-20
1.422633e+02 4.407582e-20 4.407582e-20
1.423633e+02 4.350612e-20 4.350612e-20
1.424633e+02 4.293642e-20 4.293642e-20
1.425633e+02 4.236672e-20 4.236672e-20
1.426633e+02 4.179703e-20 4.179703e-20
1.427633e+02 4.122733e-20 4.122733e-20
1.428633e+02 4.065763e-20 4.065763e-20
1.429633e+02 4.008793e-20 4.008793e-20
1.430633e+02 3.951823e-20 3.951823e-20
1.431633e+02 3.894854e-20 3.894854e-20
1.432633e+02 3.837884e-20 3.837884e-20
1.433633e+02 3.780914e-20 3.780914e-20
1.434633e+02 3.723944e-20 3.723944e-20
1.435633e+02 3.666974e-20 3.666974e-20
1.436633e+02 3.610005e-20 3.610005e-20
1.437633e+02 3.553035e-20 3.553035e-20
1.438633e+02 3.496065e-20 3.496065e-20
1.439633e+02 3.439095e-20 3.439095e-20
1.440633e+02 3.382125e-20 3.382125e-20
1.441633e+02 3.325156e-20 3.325156e-20
1.442633e+02 3.268186e-20 3.268186e-20
1.443633e+02 3.211216e-20 3.211216e-20
1.444633e+02 3.154246e-20 3.154246e-20
1.445633e+02 3.097277e-20 3.097277e-20
1.446633e+02 3.040307e-20 3.040307e-20
1.447633e+02 2.983337e-20 2.983337e-20
1.448633e+02 2.926367e-20 2.926367e-20
1.449633e+02 2.869397e-20 2.869397e-20
1.450633e+02 2.812428e-20 2.812428e-20
1.451633e+02 2.755458e-20 2.755458e-20
1.452633e+02 2.698488e-20 2.698488e-20
1.453633e+02 2.641518e-20 2.641518e-20
1.454633e+02 2.584548e-20 2.584548e-20
1.455633e+02 2.527579e-20 2.527579e-20
1.456633e+02 2.470609e-20 2.470609e-20
1.457633e+02 2.413639e-20 2.413639e-20
1.458633e+02 2.356669e-20 2.356669e-20
1.459633e+02 2.299699e-20 2.299699e-20
1.460633e+02 2.242730e-20 2.242730e-20
1.461633e+02 2.185760e-20 2.185760e-20
1.462633e+02 2.128790e-20 2.128790e-20
1.463633e+02 2.071820e-20 2.071820e-20
1.464633e+02 2.014851e-20 2.014851e-20
1.465633e+02 1.957881e-20 1.957881e-20
1.466633e+02 1.900911e-20 1.900911e-20
1.467633e+02 1.843941e-20 1.843941e-20
1.468633e+02 1.786971e-20 1.786971e-20
1.469633e+02 1.730002e-20 1.730002e-20
1.470633e+02 1.673032e-20 1.673032e-20
1.471633e+02 1.616062e-20 1.616062e-20
1.472633e+02 1.559092e-20 1.559092e-20
1.473633e+02 1.502122e-20 1.502122e-20
1.474633e+02 1.445153e-20 1.445153e-20
1.475633e+02 1.388183e-20 1.388183e-20
1.476633e+02 1.331213e-20 1.331213e-20
1.477633e+02 1.274243e-20 1.274243e-20
1.478633e+02 1.217273e-20 1.217273e-20
1.479633e+02 1.160304e-20 1.160304e-20
1.480633e+02 1.103334e-20 1.103334e-20
1.481633e+02 1.046364e-20 1.046364e-20
1.482633e+02 9.893943e-21 9.893943e-21
1.483633e+02 9.324245e-21 9.324245e-21
1.484633e+02 8.754548e-21 8.754548e-21
1.485633e+02 8.184850e-21 8.184850e-21
1.486633e+02 7.615152e-21 7.615152e-21
1.487633e+02 7.045454e-21 7.045454e-21
1.488633e+02 6.475756e-21 6.475756e-21
1.489633e+02 5.906058e-21 5.906058e-21
1.490633e+02 5.336360e-21 5.336360e-21
1.491633e+02 4.766662e-21 4.766662e-21
1.492633e+02 4.196964e-21 4.196964e-21
1.493633e+02 3.627266e-21 3.627266e-21
1.494633e+02 3.057569e-21 3.057569e-21
1.495633e+02 2.487871e-21 2.487871e-21
1.496633e+02 1.918173e-21 1.918173e-21
1.497633e+02 1.348475e-21 1.348475e-21
1.498633e+02 7.787770e-22 7.787770e-22
1.499633e+02 2.090791e-22 2.090791e-22
