# S photoionisation cross section
# From the Leiden database for photodissociation and photoionization of astrophysically relevant molecules, http://home.strw.leidenuniv.nl/~ewine/photo/
# File last modified by Alan Heays 2017-03-01
# references: barthel2015 10.1103/PhysRevA.91.013406, gibson1986 http://stacks.iop.org/0022-3700/19/i=18/a=013,
# no info on lines
# wavelength: Wavelength (nm)
# photoabsorption: Photoabsorption cross section (cm2)
# photoionisation: Photoionisation cross section (cm2)
# This version has been resampled to a uniform 0.1nm grid while maintaining a constant integrated cross section (using trapezoidal integration).
# wavelength photoabsorption photoionisation
4.137730e+01 5.050510e-18 5.050510e-18
4.147730e+01 5.459225e-18 5.459225e-18
4.157730e+01 5.796476e-18 5.796476e-18
4.167730e+01 6.048348e-18 6.048348e-18
4.177730e+01 5.529796e-18 5.529796e-18
4.187730e+01 4.684336e-18 4.684336e-18
4.197730e+01 4.546800e-18 4.546800e-18
4.207730e+01 5.050510e-18 5.050510e-18
4.217730e+01 5.050510e-18 5.050510e-18
4.227730e+01 5.674037e-18 5.674037e-18
4.237730e+01 6.796726e-18 6.796726e-18
4.247730e+01 6.451457e-18 6.451457e-18
4.257730e+01 4.843634e-18 4.843634e-18
4.267730e+01 4.613047e-18 4.613047e-18
4.277730e+01 4.836492e-18 4.836492e-18
4.287730e+01 4.692978e-18 4.692978e-18
4.297730e+01 5.306799e-18 5.306799e-18
4.307730e+01 5.858590e-18 5.858590e-18
4.317730e+01 5.384254e-18 5.384254e-18
4.327730e+01 4.242420e-18 4.242420e-18
4.337730e+01 4.242420e-18 4.242420e-18
4.347730e+01 4.485775e-18 4.485775e-18
4.357730e+01 4.980393e-18 4.980393e-18
4.367730e+01 5.334751e-18 5.334751e-18
4.377730e+01 5.675950e-18 5.675950e-18
4.387730e+01 6.360882e-18 6.360882e-18
4.397730e+01 6.733585e-18 6.733585e-18
4.407730e+01 6.854467e-18 6.854467e-18
4.417730e+01 7.464428e-18 7.464428e-18
4.427730e+01 8.034056e-18 8.034056e-18
4.437730e+01 8.435998e-18 8.435998e-18
4.447730e+01 7.235128e-18 7.235128e-18
4.457730e+01 5.451499e-18 5.451499e-18
4.467730e+01 5.363239e-18 5.363239e-18
4.477730e+01 6.019174e-18 6.019174e-18
4.487730e+01 7.272730e-18 7.272730e-18
4.497730e+01 7.272730e-18 7.272730e-18
4.507730e+01 5.523327e-18 5.523327e-18
4.517730e+01 4.117666e-18 4.117666e-18
4.527730e+01 3.747381e-18 3.747381e-18
4.537730e+01 3.650305e-18 3.650305e-18
4.547730e+01 4.160224e-18 4.160224e-18
4.557730e+01 4.059988e-18 4.059988e-18
4.567730e+01 3.253357e-18 3.253357e-18
4.577730e+01 3.700043e-18 3.700043e-18
4.587730e+01 4.318073e-18 4.318073e-18
4.597730e+01 5.480122e-18 5.480122e-18
4.607730e+01 6.474050e-18 6.474050e-18
4.617730e+01 7.548546e-18 7.548546e-18
4.627730e+01 8.218079e-18 8.218079e-18
4.637730e+01 6.556251e-18 6.556251e-18
4.647730e+01 4.359451e-18 4.359451e-18
4.657730e+01 3.284623e-18 3.284623e-18
4.667730e+01 3.392316e-18 3.392316e-18
4.677730e+01 3.629764e-18 3.629764e-18
4.687730e+01 3.950248e-18 3.950248e-18
4.697730e+01 4.314420e-18 4.314420e-18
4.707730e+01 4.695692e-18 4.695692e-18
4.717730e+01 5.202674e-18 5.202674e-18
4.727730e+01 5.793718e-18 5.793718e-18
4.737730e+01 6.137024e-18 6.137024e-18
4.747730e+01 6.449787e-18 6.449787e-18
4.757730e+01 7.129135e-18 7.129135e-18
4.767730e+01 7.577393e-18 7.577393e-18
4.777730e+01 7.115206e-18 7.115206e-18
4.787730e+01 6.815166e-18 6.815166e-18
4.797730e+01 6.700464e-18 6.700464e-18
4.807730e+01 7.631672e-18 7.631672e-18
4.817730e+01 9.030518e-18 9.030518e-18
4.827730e+01 1.069129e-17 1.069129e-17
4.837730e+01 1.311204e-17 1.311204e-17
4.847730e+01 1.339597e-17 1.339597e-17
4.857730e+01 1.203015e-17 1.203015e-17
4.867730e+01 7.747825e-18 7.747825e-18
4.877730e+01 5.344625e-18 5.344625e-18
4.887730e+01 3.770139e-18 3.770139e-18
4.897730e+01 3.329698e-18 3.329698e-18
4.907730e+01 3.300340e-18 3.300340e-18
4.917730e+01 3.387668e-18 3.387668e-18
4.927730e+01 3.568660e-18 3.568660e-18
4.937730e+01 3.857180e-18 3.857180e-18
4.947730e+01 4.071704e-18 4.071704e-18
4.957730e+01 4.157476e-18 4.157476e-18
4.967730e+01 4.244059e-18 4.244059e-18
4.977730e+01 4.413975e-18 4.413975e-18
4.987730e+01 4.583892e-18 4.583892e-18
4.997730e+01 4.764670e-18 4.764670e-18
5.007730e+01 4.951780e-18 4.951780e-18
5.017730e+01 5.129319e-18 5.129319e-18
5.027730e+01 5.296166e-18 5.296166e-18
5.037730e+01 5.459205e-18 5.459205e-18
5.047730e+01 5.550974e-18 5.550974e-18
5.057730e+01 5.642743e-18 5.642743e-18
5.067730e+01 5.795693e-18 5.795693e-18
5.077730e+01 5.959498e-18 5.959498e-18
5.087730e+01 6.091652e-18 6.091652e-18
5.097730e+01 6.172760e-18 6.172760e-18
5.107730e+01 6.253868e-18 6.253868e-18
5.117730e+01 6.342276e-18 6.342276e-18
5.127730e+01 6.431570e-18 6.431570e-18
5.137730e+01 6.564882e-18 6.564882e-18
5.147730e+01 6.724098e-18 6.724098e-18
5.157730e+01 6.875931e-18 6.875931e-18
5.167730e+01 6.954755e-18 6.954755e-18
5.177730e+01 7.033580e-18 7.033580e-18
5.187730e+01 7.162504e-18 7.162504e-18
5.197730e+01 7.336041e-18 7.336041e-18
5.207730e+01 7.490273e-18 7.490273e-18
5.217730e+01 7.567620e-18 7.567620e-18
5.227730e+01 7.644967e-18 7.644967e-18
5.237730e+01 7.721859e-18 7.721859e-18
5.247730e+01 7.798434e-18 7.798434e-18
5.257730e+01 7.875008e-18 7.875008e-18
5.267730e+01 8.039025e-18 8.039025e-18
5.277730e+01 8.207585e-18 8.207585e-18
5.287730e+01 8.324415e-18 8.324415e-18
5.297730e+01 8.399533e-18 8.399533e-18
5.307730e+01 8.474651e-18 8.474651e-18
5.317730e+01 8.549058e-18 8.549058e-18
5.327730e+01 8.623352e-18 8.623352e-18
5.337730e+01 8.710607e-18 8.710607e-18
5.347730e+01 8.874261e-18 8.874261e-18
5.357730e+01 9.037914e-18 9.037914e-18
5.367730e+01 9.140217e-18 9.140217e-18
5.377730e+01 9.213138e-18 9.213138e-18
5.387730e+01 9.286059e-18 9.286059e-18
5.397730e+01 9.423673e-18 9.423673e-18
5.407730e+01 9.568016e-18 9.568016e-18
5.417730e+01 9.705436e-18 9.705436e-18
5.427730e+01 9.784847e-18 9.784847e-18
5.437730e+01 9.864257e-18 9.864257e-18
5.447730e+01 9.938797e-18 9.938797e-18
5.457730e+01 1.000955e-17 1.000955e-17
5.467730e+01 1.008031e-17 1.008031e-17
5.477730e+01 1.015053e-17 1.015053e-17
5.487730e+01 1.022055e-17 1.022055e-17
5.497730e+01 1.029056e-17 1.029056e-17
5.507730e+01 1.042970e-17 1.042970e-17
5.517730e+01 1.058379e-17 1.058379e-17
5.527730e+01 1.073451e-17 1.073451e-17
5.537730e+01 1.087175e-17 1.087175e-17
5.547730e+01 1.100899e-17 1.100899e-17
5.557730e+01 1.112848e-17 1.112848e-17
5.567730e+01 1.119637e-17 1.119637e-17
5.577730e+01 1.126426e-17 1.126426e-17
5.587730e+01 1.133196e-17 1.133196e-17
5.597730e+01 1.139916e-17 1.139916e-17
5.607730e+01 1.146636e-17 1.146636e-17
5.617730e+01 1.153537e-17 1.153537e-17
5.627730e+01 1.160918e-17 1.160918e-17
5.637730e+01 1.168299e-17 1.168299e-17
5.647730e+01 1.178782e-17 1.178782e-17
5.657730e+01 1.191943e-17 1.191943e-17
5.667730e+01 1.205104e-17 1.205104e-17
5.677730e+01 1.215159e-17 1.215159e-17
5.687730e+01 1.221668e-17 1.221668e-17
5.697730e+01 1.228178e-17 1.228178e-17
5.707730e+01 1.240130e-17 1.240130e-17
5.717730e+01 1.261609e-17 1.261609e-17
5.727730e+01 1.283087e-17 1.283087e-17
5.737730e+01 1.296384e-17 1.296384e-17
5.747730e+01 1.302759e-17 1.302759e-17
5.757730e+01 1.309134e-17 1.309134e-17
5.767730e+01 1.315746e-17 1.315746e-17
5.777730e+01 1.322756e-17 1.322756e-17
5.787730e+01 1.329766e-17 1.329766e-17
5.797730e+01 1.339468e-17 1.339468e-17
5.807730e+01 1.351956e-17 1.351956e-17
5.817730e+01 1.364443e-17 1.364443e-17
5.827730e+01 1.370232e-17 1.370232e-17
5.837730e+01 1.356502e-17 1.356502e-17
5.847730e+01 1.342772e-17 1.342772e-17
5.857730e+01 1.341818e-17 1.341818e-17
5.867730e+01 1.368998e-17 1.368998e-17
5.877730e+01 1.396178e-17 1.396178e-17
5.887730e+01 1.418699e-17 1.418699e-17
5.897730e+01 1.432141e-17 1.432141e-17
5.907730e+01 1.445582e-17 1.445582e-17
5.917730e+01 1.458536e-17 1.458536e-17
5.927730e+01 1.470511e-17 1.470511e-17
5.937730e+01 1.482486e-17 1.482486e-17
5.947730e+01 1.494461e-17 1.494461e-17
5.957730e+01 1.500628e-17 1.500628e-17
5.967730e+01 1.506547e-17 1.506547e-17
5.977730e+01 1.512467e-17 1.512467e-17
5.987730e+01 1.522267e-17 1.522267e-17
5.997730e+01 1.535283e-17 1.535283e-17
6.007730e+01 1.548299e-17 1.548299e-17
6.017730e+01 1.558121e-17 1.558121e-17
6.027730e+01 1.563913e-17 1.563913e-17
6.037730e+01 1.569704e-17 1.569704e-17
6.047730e+01 1.575496e-17 1.575496e-17
6.057730e+01 1.581224e-17 1.581224e-17
6.067730e+01 1.586948e-17 1.586948e-17
6.077730e+01 1.592673e-17 1.592673e-17
6.087730e+01 1.601319e-17 1.601319e-17
6.097730e+01 1.613901e-17 1.613901e-17
6.107730e+01 1.626484e-17 1.626484e-17
6.117730e+01 1.637565e-17 1.637565e-17
6.127730e+01 1.643167e-17 1.643167e-17
6.137730e+01 1.648768e-17 1.648768e-17
6.147730e+01 1.654370e-17 1.654370e-17
6.157730e+01 1.660306e-17 1.660306e-17
6.167730e+01 1.666459e-17 1.666459e-17
6.177730e+01 1.672611e-17 1.672611e-17
6.187730e+01 1.682680e-17 1.682680e-17
6.197730e+01 1.700924e-17 1.700924e-17
6.207730e+01 1.719168e-17 1.719168e-17
6.217730e+01 1.737276e-17 1.737276e-17
6.227730e+01 1.696459e-17 1.696459e-17
6.237730e+01 1.718742e-17 1.718742e-17
6.247730e+01 1.797164e-17 1.797164e-17
6.257730e+01 1.761291e-17 1.761291e-17
6.267730e+01 1.725419e-17 1.725419e-17
6.277730e+01 1.689736e-17 1.689736e-17
6.287730e+01 1.767083e-17 1.767083e-17
6.297730e+01 1.849688e-17 1.849688e-17
6.307730e+01 1.872401e-17 1.872401e-17
6.317730e+01 1.895114e-17 1.895114e-17
6.327730e+01 1.829264e-17 1.829264e-17
6.337730e+01 1.800973e-17 1.800973e-17
6.347730e+01 1.723597e-17 1.723597e-17
6.357730e+01 1.755512e-17 1.755512e-17
6.367730e+01 1.871664e-17 1.871664e-17
6.377730e+01 1.949029e-17 1.949029e-17
6.387730e+01 1.971953e-17 1.971953e-17
6.397730e+01 1.994877e-17 1.994877e-17
6.407730e+01 2.017801e-17 2.017801e-17
6.417730e+01 2.029329e-17 2.029329e-17
6.427730e+01 2.039526e-17 2.039526e-17
6.437730e+01 2.049722e-17 2.049722e-17
6.447730e+01 2.059919e-17 2.059919e-17
6.457730e+01 2.013530e-17 2.013530e-17
6.467730e+01 1.963025e-17 1.963025e-17
6.477730e+01 1.872730e-17 1.872730e-17
6.487730e+01 1.747433e-17 1.747433e-17
6.497730e+01 1.630289e-17 1.630289e-17
6.507730e+01 1.683732e-17 1.683732e-17
6.517730e+01 1.810168e-17 1.810168e-17
6.527730e+01 1.958570e-17 1.958570e-17
6.537730e+01 2.029045e-17 2.029045e-17
6.547730e+01 2.086511e-17 2.086511e-17
6.557730e+01 2.127645e-17 2.127645e-17
6.567730e+01 2.143888e-17 2.143888e-17
6.577730e+01 2.160132e-17 2.160132e-17
6.587730e+01 2.176375e-17 2.176375e-17
6.597730e+01 2.188226e-17 2.188226e-17
6.607730e+01 2.197862e-17 2.197862e-17
6.617730e+01 2.207498e-17 2.207498e-17
6.627730e+01 2.217134e-17 2.217134e-17
6.637730e+01 2.227217e-17 2.227217e-17
6.647730e+01 2.237798e-17 2.237798e-17
6.657730e+01 2.248380e-17 2.248380e-17
6.667730e+01 2.258962e-17 2.258962e-17
6.677730e+01 2.268775e-17 2.268775e-17
6.687730e+01 2.278180e-17 2.278180e-17
6.697730e+01 2.287585e-17 2.287585e-17
6.707730e+01 2.296991e-17 2.296991e-17
6.717730e+01 2.308573e-17 2.308573e-17
6.727730e+01 2.324062e-17 2.324062e-17
6.737730e+01 2.339551e-17 2.339551e-17
6.747730e+01 2.355040e-17 2.355040e-17
6.757730e+01 2.367722e-17 2.367722e-17
6.767730e+01 2.376899e-17 2.376899e-17
6.777730e+01 2.386076e-17 2.386076e-17
6.787730e+01 2.395253e-17 2.395253e-17
6.797730e+01 2.404254e-17 2.404254e-17
6.807730e+01 2.409291e-17 2.409291e-17
6.817730e+01 2.414327e-17 2.414327e-17
6.827730e+01 2.419363e-17 2.419363e-17
6.837730e+01 2.422585e-17 2.422585e-17
6.847730e+01 2.370267e-17 2.370267e-17
6.857730e+01 2.317949e-17 2.317949e-17
6.867730e+01 2.209504e-17 2.209504e-17
6.877730e+01 1.898536e-17 1.898536e-17
6.887730e+01 1.648695e-17 1.648695e-17
6.897730e+01 1.472560e-17 1.472560e-17
6.907730e+01 1.325326e-17 1.325326e-17
6.917730e+01 1.249975e-17 1.249975e-17
6.927730e+01 1.274071e-17 1.274071e-17
6.937730e+01 1.343961e-17 1.343961e-17
6.947730e+01 1.798250e-17 1.798250e-17
6.957730e+01 2.036979e-17 2.036979e-17
6.967730e+01 2.233339e-17 2.233339e-17
6.977730e+01 2.363598e-17 2.363598e-17
6.987730e+01 2.426246e-17 2.426246e-17
6.997730e+01 2.476455e-17 2.476455e-17
7.007730e+01 2.525783e-17 2.525783e-17
7.017730e+01 2.544737e-17 2.544737e-17
7.027730e+01 2.563691e-17 2.563691e-17
7.037730e+01 2.582644e-17 2.582644e-17
7.047730e+01 2.601598e-17 2.601598e-17
7.057730e+01 2.615717e-17 2.615717e-17
7.067730e+01 2.628346e-17 2.628346e-17
7.077730e+01 2.640976e-17 2.640976e-17
7.087730e+01 2.653606e-17 2.653606e-17
7.097730e+01 2.666235e-17 2.666235e-17
7.107730e+01 2.675587e-17 2.675587e-17
7.117730e+01 2.684821e-17 2.684821e-17
7.127730e+01 2.694056e-17 2.694056e-17
7.137730e+01 2.703290e-17 2.703290e-17
7.147730e+01 2.714339e-17 2.714339e-17
7.157730e+01 2.726646e-17 2.726646e-17
7.167730e+01 2.738952e-17 2.738952e-17
7.177730e+01 2.751258e-17 2.751258e-17
7.187730e+01 2.763564e-17 2.763564e-17
7.197730e+01 2.773065e-17 2.773065e-17
7.207730e+01 2.781155e-17 2.781155e-17
7.217730e+01 2.789246e-17 2.789246e-17
7.227730e+01 2.797336e-17 2.797336e-17
7.237730e+01 2.805427e-17 2.805427e-17
7.247730e+01 2.814043e-17 2.814043e-17
7.257730e+01 2.822915e-17 2.822915e-17
7.267730e+01 2.831787e-17 2.831787e-17
7.277730e+01 2.840660e-17 2.840660e-17
7.287730e+01 2.849882e-17 2.849882e-17
7.297730e+01 2.861703e-17 2.861703e-17
7.307730e+01 2.873523e-17 2.873523e-17
7.317730e+01 2.885344e-17 2.885344e-17
7.327730e+01 2.897164e-17 2.897164e-17
7.337730e+01 2.908985e-17 2.908985e-17
7.347730e+01 2.917644e-17 2.917644e-17
7.357730e+01 2.926275e-17 2.926275e-17
7.367730e+01 2.934906e-17 2.934906e-17
7.377730e+01 2.943537e-17 2.943537e-17
7.387730e+01 2.951871e-17 2.951871e-17
7.397730e+01 2.959543e-17 2.959543e-17
7.407730e+01 2.967216e-17 2.967216e-17
7.417730e+01 2.974888e-17 2.974888e-17
7.427730e+01 2.982560e-17 2.982560e-17
7.437730e+01 2.990447e-17 2.990447e-17
7.447730e+01 3.003063e-17 3.003063e-17
7.457730e+01 3.015678e-17 3.015678e-17
7.467730e+01 3.028293e-17 3.028293e-17
7.477730e+01 3.040909e-17 3.040909e-17
7.487730e+01 3.052294e-17 3.052294e-17
7.497730e+01 3.059758e-17 3.059758e-17
7.507730e+01 3.067223e-17 3.067223e-17
7.517730e+01 3.074688e-17 3.074688e-17
7.527730e+01 3.082152e-17 3.082152e-17
7.537730e+01 3.089617e-17 3.089617e-17
7.547730e+01 3.097675e-17 3.097675e-17
7.557730e+01 3.105857e-17 3.105857e-17
7.567730e+01 3.114038e-17 3.114038e-17
7.577730e+01 3.122220e-17 3.122220e-17
7.587730e+01 3.130402e-17 3.130402e-17
7.597730e+01 3.137767e-17 3.137767e-17
7.607730e+01 3.145031e-17 3.145031e-17
7.617730e+01 3.152295e-17 3.152295e-17
7.627730e+01 3.159558e-17 3.159558e-17
7.637730e+01 3.166822e-17 3.166822e-17
7.647730e+01 3.175607e-17 3.175607e-17
7.657730e+01 3.187544e-17 3.187544e-17
7.667730e+01 3.199480e-17 3.199480e-17
7.677730e+01 3.211417e-17 3.211417e-17
7.687730e+01 3.223354e-17 3.223354e-17
7.697730e+01 3.234078e-17 3.234078e-17
7.707730e+01 3.241141e-17 3.241141e-17
7.717730e+01 3.248205e-17 3.248205e-17
7.727730e+01 3.255268e-17 3.255268e-17
7.737730e+01 3.262331e-17 3.262331e-17
7.747730e+01 3.269395e-17 3.269395e-17
7.757730e+01 3.276814e-17 3.276814e-17
7.767730e+01 3.284551e-17 3.284551e-17
7.777730e+01 3.292287e-17 3.292287e-17
7.787730e+01 3.300024e-17 3.300024e-17
7.797730e+01 3.307761e-17 3.307761e-17
7.807730e+01 3.315230e-17 3.315230e-17
7.817730e+01 3.322090e-17 3.322090e-17
7.827730e+01 3.328950e-17 3.328950e-17
7.837730e+01 3.335810e-17 3.335810e-17
7.847730e+01 3.342671e-17 3.342671e-17
7.857730e+01 3.349531e-17 3.349531e-17
7.867730e+01 3.356665e-17 3.356665e-17
7.877730e+01 3.364184e-17 3.364184e-17
7.887730e+01 3.371703e-17 3.371703e-17
7.897730e+01 3.379222e-17 3.379222e-17
7.907730e+01 3.386741e-17 3.386741e-17
7.917730e+01 3.394224e-17 3.394224e-17
7.927730e+01 3.400894e-17 3.400894e-17
7.937730e+01 3.407563e-17 3.407563e-17
7.947730e+01 3.414233e-17 3.414233e-17
7.957730e+01 3.420903e-17 3.420903e-17
7.967730e+01 3.427572e-17 3.427572e-17
7.977730e+01 3.434242e-17 3.434242e-17
7.987730e+01 3.441539e-17 3.441539e-17
7.997730e+01 3.448845e-17 3.448845e-17
8.007730e+01 3.456151e-17 3.456151e-17
8.017730e+01 3.463458e-17 3.463458e-17
8.027730e+01 3.470764e-17 3.470764e-17
8.037730e+01 3.477694e-17 3.477694e-17
8.047730e+01 3.484172e-17 3.484172e-17
8.057730e+01 3.490649e-17 3.490649e-17
8.067730e+01 3.497127e-17 3.497127e-17
8.077730e+01 3.503605e-17 3.503605e-17
8.087730e+01 3.510083e-17 3.510083e-17
8.097730e+01 3.516695e-17 3.516695e-17
8.107730e+01 3.523790e-17 3.523790e-17
8.117730e+01 3.530885e-17 3.530885e-17
8.127730e+01 3.537979e-17 3.537979e-17
8.137730e+01 3.545074e-17 3.545074e-17
8.147730e+01 3.552169e-17 3.552169e-17
8.157730e+01 3.558843e-17 3.558843e-17
8.167730e+01 3.565132e-17 3.565132e-17
8.177730e+01 3.571420e-17 3.571420e-17
8.187730e+01 3.577709e-17 3.577709e-17
8.197730e+01 3.583998e-17 3.583998e-17
8.207730e+01 3.590287e-17 3.590287e-17
8.217730e+01 3.596634e-17 3.596634e-17
8.227730e+01 3.603519e-17 3.603519e-17
8.237730e+01 3.610403e-17 3.610403e-17
8.247730e+01 3.617288e-17 3.617288e-17
8.257730e+01 3.624172e-17 3.624172e-17
8.267730e+01 3.631057e-17 3.631057e-17
8.277730e+01 3.637061e-17 3.637061e-17
8.287730e+01 3.640114e-17 3.640114e-17
8.297730e+01 3.643167e-17 3.643167e-17
8.307730e+01 3.646220e-17 3.646220e-17
8.317730e+01 3.649273e-17 3.649273e-17
8.327730e+01 3.652326e-17 3.652326e-17
8.337730e+01 3.655379e-17 3.655379e-17
8.347730e+01 3.660232e-17 3.660232e-17
8.357730e+01 3.666238e-17 3.666238e-17
8.367730e+01 3.672244e-17 3.672244e-17
8.377730e+01 3.678250e-17 3.678250e-17
8.387730e+01 3.684255e-17 3.684255e-17
8.397730e+01 3.690261e-17 3.690261e-17
8.407730e+01 3.696267e-17 3.696267e-17
8.417730e+01 3.702768e-17 3.702768e-17
8.427730e+01 3.709334e-17 3.709334e-17
8.437730e+01 3.715900e-17 3.715900e-17
8.447730e+01 3.722466e-17 3.722466e-17
8.457730e+01 3.729032e-17 3.729032e-17
8.467730e+01 3.735599e-17 3.735599e-17
8.477730e+01 3.741624e-17 3.741624e-17
8.487730e+01 3.747449e-17 3.747449e-17
8.497730e+01 3.753275e-17 3.753275e-17
8.507730e+01 3.759100e-17 3.759100e-17
8.517730e+01 3.764925e-17 3.764925e-17
8.527730e+01 3.770751e-17 3.770751e-17
8.537730e+01 3.776576e-17 3.776576e-17
8.547730e+01 3.780307e-17 3.780307e-17
8.557730e+01 3.783493e-17 3.783493e-17
8.567730e+01 3.786679e-17 3.786679e-17
8.577730e+01 3.789865e-17 3.789865e-17
8.587730e+01 3.793051e-17 3.793051e-17
8.597730e+01 3.796237e-17 3.796237e-17
8.607730e+01 3.800536e-17 3.800536e-17
8.617730e+01 3.806181e-17 3.806181e-17
8.627730e+01 3.811825e-17 3.811825e-17
8.637730e+01 3.817470e-17 3.817470e-17
8.647730e+01 3.823115e-17 3.823115e-17
8.657730e+01 3.828760e-17 3.828760e-17
8.667730e+01 3.834404e-17 3.834404e-17
8.677730e+01 3.839201e-17 3.839201e-17
8.687730e+01 3.841978e-17 3.841978e-17
8.697730e+01 3.844756e-17 3.844756e-17
8.707730e+01 3.847533e-17 3.847533e-17
8.717730e+01 3.850310e-17 3.850310e-17
8.727730e+01 3.853087e-17 3.853087e-17
8.737730e+01 3.855864e-17 3.855864e-17
8.747730e+01 3.858703e-17 3.858703e-17
8.757730e+01 3.864774e-17 3.864774e-17
8.767730e+01 3.870846e-17 3.870846e-17
8.777730e+01 3.876918e-17 3.876918e-17
8.787730e+01 3.882989e-17 3.882989e-17
8.797730e+01 3.889061e-17 3.889061e-17
8.807730e+01 3.895132e-17 3.895132e-17
8.817730e+01 3.899970e-17 3.899970e-17
8.827730e+01 3.902659e-17 3.902659e-17
8.837730e+01 3.905347e-17 3.905347e-17
8.847730e+01 3.908035e-17 3.908035e-17
8.857730e+01 3.910724e-17 3.910724e-17
8.867730e+01 3.913412e-17 3.913412e-17
8.877730e+01 3.916101e-17 3.916101e-17
8.887730e+01 3.918789e-17 3.918789e-17
8.897730e+01 3.923689e-17 3.923689e-17
8.907730e+01 3.928976e-17 3.928976e-17
8.917730e+01 3.934263e-17 3.934263e-17
8.927730e+01 3.939550e-17 3.939550e-17
8.937730e+01 3.944838e-17 3.944838e-17
8.947730e+01 3.950125e-17 3.950125e-17
8.957730e+01 3.955412e-17 3.955412e-17
8.967730e+01 3.960201e-17 3.960201e-17
8.977730e+01 3.963090e-17 3.963090e-17
8.987730e+01 3.965979e-17 3.965979e-17
8.997730e+01 3.968869e-17 3.968869e-17
9.007730e+01 3.971758e-17 3.971758e-17
9.017730e+01 3.974647e-17 3.974647e-17
9.027730e+01 3.977537e-17 3.977537e-17
9.037730e+01 3.980908e-17 3.980908e-17
9.047730e+01 3.986024e-17 3.986024e-17
9.057730e+01 3.991139e-17 3.991139e-17
9.067730e+01 3.996254e-17 3.996254e-17
9.077730e+01 4.001370e-17 4.001370e-17
9.087730e+01 4.006485e-17 4.006485e-17
9.097730e+01 4.011601e-17 4.011601e-17
9.107730e+01 4.016716e-17 4.016716e-17
9.117730e+01 4.021001e-17 4.021001e-17
9.127730e+01 4.023512e-17 4.023512e-17
9.137730e+01 4.026023e-17 4.026023e-17
9.147730e+01 4.028534e-17 4.028534e-17
9.157730e+01 4.031046e-17 4.031046e-17
9.167730e+01 4.033557e-17 4.033557e-17
9.177730e+01 4.036068e-17 4.036068e-17
9.187730e+01 4.038579e-17 4.038579e-17
9.197730e+01 4.026728e-17 4.026728e-17
9.207730e+01 3.977011e-17 3.977011e-17
9.217730e+01 3.927293e-17 3.927293e-17
9.227730e+01 3.895999e-17 3.895999e-17
9.237730e+01 4.600862e-17 4.600862e-17
9.247730e+01 5.305726e-17 5.305726e-17
9.257730e+01 6.010590e-17 6.010590e-17
9.267730e+01 6.432391e-17 6.432391e-17
9.277730e+01 6.464955e-17 6.464955e-17
9.287730e+01 6.474579e-17 6.474579e-17
9.297730e+01 6.778265e-17 6.778265e-17
9.307730e+01 6.945695e-17 6.945695e-17
9.317730e+01 6.697732e-17 6.697732e-17
9.327730e+01 6.986146e-17 6.986146e-17
9.337730e+01 6.485940e-17 6.485940e-17
9.347730e+01 6.434838e-17 6.434838e-17
9.357730e+01 5.852250e-17 5.852250e-17
9.367730e+01 6.345084e-17 6.345084e-17
9.377730e+01 6.277948e-17 6.277948e-17
9.387730e+01 5.327585e-17 5.327585e-17
9.397730e+01 7.081399e-17 7.081399e-17
9.407730e+01 8.901903e-17 8.901903e-17
9.417730e+01 6.901463e-17 6.901463e-17
9.427730e+01 4.604866e-17 4.604866e-17
9.437730e+01 5.122886e-17 5.122886e-17
9.447730e+01 5.959331e-17 5.959331e-17
9.457730e+01 8.574699e-17 8.574699e-17
9.467730e+01 7.158656e-17 7.158656e-17
9.477730e+01 4.423641e-17 4.423641e-17
9.487730e+01 5.068290e-17 5.068290e-17
9.497730e+01 4.943033e-17 4.943033e-17
9.507730e+01 4.853699e-17 4.853699e-17
9.517730e+01 5.576419e-17 5.576419e-17
9.527730e+01 6.482965e-17 6.482965e-17
9.537730e+01 9.843712e-17 9.843712e-17
9.547730e+01 8.406459e-17 8.406459e-17
9.557730e+01 4.034564e-17 4.034564e-17
9.567730e+01 4.452975e-17 4.452975e-17
9.577730e+01 4.553053e-17 4.553053e-17
9.587730e+01 4.248625e-17 4.248625e-17
9.597730e+01 3.620836e-17 3.620836e-17
9.607730e+01 3.869321e-17 3.869321e-17
9.617730e+01 3.835150e-17 3.835150e-17
9.627730e+01 3.955160e-17 3.955160e-17
9.637730e+01 4.019926e-17 4.019926e-17
9.647730e+01 5.334500e-17 5.334500e-17
9.657730e+01 6.143625e-17 6.143625e-17
9.667730e+01 6.608173e-17 6.608173e-17
9.677730e+01 8.684724e-17 8.684724e-17
9.687730e+01 1.205806e-16 1.205806e-16
9.697730e+01 5.255733e-17 5.255733e-17
9.707730e+01 3.117841e-17 3.117841e-17
9.717730e+01 2.946427e-17 2.946427e-17
9.727730e+01 2.985592e-17 2.985592e-17
9.737730e+01 3.024757e-17 3.024757e-17
9.747730e+01 3.081501e-17 3.081501e-17
9.757730e+01 3.140459e-17 3.140459e-17
9.767730e+01 3.168974e-17 3.168974e-17
9.777730e+01 3.197490e-17 3.197490e-17
9.787730e+01 3.269204e-17 3.269204e-17
9.797730e+01 3.374171e-17 3.374171e-17
9.807730e+01 3.461605e-17 3.461605e-17
9.817730e+01 3.394758e-17 3.394758e-17
9.827730e+01 3.426224e-17 3.426224e-17
9.837730e+01 3.634723e-17 3.634723e-17
9.847730e+01 3.715774e-17 3.715774e-17
9.857730e+01 3.786647e-17 3.786647e-17
9.867730e+01 3.733381e-17 3.733381e-17
9.877730e+01 3.578674e-17 3.578674e-17
9.887730e+01 3.531501e-17 3.531501e-17
9.897730e+01 6.216103e-17 6.216103e-17
9.907730e+01 8.111402e-17 8.111402e-17
9.917730e+01 6.345478e-17 6.345478e-17
9.927730e+01 6.102751e-17 6.102751e-17
9.937730e+01 6.733604e-17 6.733604e-17
9.947730e+01 8.318039e-17 8.318039e-17
9.957730e+01 1.091508e-16 1.091508e-16
9.967730e+01 1.245759e-16 1.245759e-16
9.977730e+01 6.048053e-17 6.048053e-17
9.987730e+01 3.098739e-17 3.098739e-17
9.997730e+01 3.252237e-17 3.252237e-17
1.000773e+02 2.962653e-17 2.962653e-17
1.001773e+02 2.673070e-17 2.673070e-17
1.002773e+02 2.383486e-17 2.383486e-17
1.003773e+02 2.322131e-17 2.322131e-17
1.004773e+02 2.313255e-17 2.313255e-17
1.005773e+02 2.398104e-17 2.398104e-17
1.006773e+02 2.537280e-17 2.537280e-17
1.007773e+02 2.694602e-17 2.694602e-17
1.008773e+02 2.703237e-17 2.703237e-17
1.009773e+02 2.389068e-17 2.389068e-17
1.010773e+02 2.513868e-17 2.513868e-17
1.011773e+02 2.625415e-17 2.625415e-17
1.012773e+02 2.520186e-17 2.520186e-17
1.013773e+02 2.457887e-17 2.457887e-17
1.014773e+02 2.400736e-17 2.400736e-17
1.015773e+02 2.338415e-17 2.338415e-17
1.016773e+02 2.121209e-17 2.121209e-17
1.017773e+02 2.452157e-17 2.452157e-17
1.018773e+02 3.071784e-17 3.071784e-17
1.019773e+02 2.878116e-17 2.878116e-17
1.020773e+02 2.617986e-17 2.617986e-17
1.021773e+02 2.898914e-17 2.898914e-17
1.022773e+02 2.883296e-17 2.883296e-17
1.023773e+02 2.004327e-17 2.004327e-17
1.024773e+02 2.417821e-17 2.417821e-17
1.025773e+02 2.149819e-17 2.149819e-17
1.026773e+02 2.640862e-17 2.640862e-17
1.027773e+02 2.969068e-17 2.969068e-17
1.028773e+02 1.636181e-17 1.636181e-17
1.029773e+02 2.273539e-17 2.273539e-17
1.030773e+02 2.179876e-17 2.179876e-17
1.031773e+02 1.150679e-17 1.150679e-17
1.032773e+02 2.643488e-17 2.643488e-17
1.033773e+02 4.363757e-17 4.363757e-17
1.034773e+02 2.979705e-17 2.979705e-17
1.035773e+02 1.664958e-17 1.664958e-17
1.036773e+02 6.868942e-18 6.868942e-18
1.037773e+02 1.296375e-17 1.296375e-17
1.038773e+02 3.098463e-17 3.098463e-17
1.039773e+02 3.525563e-17 3.525563e-17
1.040773e+02 2.748724e-17 2.748724e-17
1.041773e+02 2.180409e-17 2.180409e-17
1.042773e+02 1.461644e-17 1.461644e-17
1.043773e+02 7.883471e-18 7.883471e-18
1.044773e+02 1.315378e-17 1.315378e-17
1.045773e+02 1.784909e-17 1.784909e-17
1.046773e+02 2.280503e-17 2.280503e-17
1.047773e+02 3.421363e-17 3.421363e-17
1.048773e+02 7.208498e-17 7.208498e-17
1.049773e+02 2.120005e-16 2.120005e-16
1.050773e+02 1.981059e-16 1.981059e-16
1.051773e+02 3.952503e-17 3.952503e-17
1.052773e+02 1.905873e-17 1.905873e-17
1.053773e+02 2.285835e-17 2.285835e-17
1.054773e+02 2.726743e-17 2.726743e-17
1.055773e+02 3.282713e-17 3.282713e-17
1.056773e+02 5.773991e-17 5.773991e-17
1.057773e+02 7.132844e-17 7.132844e-17
1.058773e+02 2.393792e-16 2.393792e-16
1.059773e+02 1.927256e-16 1.927256e-16
1.060773e+02 7.789936e-17 7.789936e-17
1.061773e+02 7.213329e-17 7.213329e-17
1.062773e+02 6.160553e-17 6.160553e-17
1.063773e+02 9.811916e-17 9.811916e-17
1.064773e+02 1.256546e-16 1.256546e-16
1.065773e+02 9.217130e-17 9.217130e-17
1.066773e+02 1.804744e-17 1.804744e-17
1.067773e+02 1.197033e-17 1.197033e-17
1.068773e+02 1.841746e-17 1.841746e-17
1.069773e+02 2.945756e-17 2.945756e-17
1.070773e+02 3.012937e-17 3.012937e-17
1.071773e+02 2.520711e-17 2.520711e-17
1.072773e+02 1.917596e-17 1.917596e-17
1.073773e+02 1.581269e-17 1.581269e-17
1.074773e+02 1.297809e-17 1.297809e-17
1.075773e+02 9.422593e-18 9.422593e-18
1.076773e+02 6.660784e-18 6.660784e-18
1.077773e+02 6.235367e-18 6.235367e-18
1.078773e+02 5.654681e-18 5.654681e-18
1.079773e+02 4.940393e-18 4.940393e-18
1.080773e+02 4.404315e-18 4.404315e-18
1.081773e+02 5.747827e-18 5.747827e-18
1.082773e+02 4.032692e-18 4.032692e-18
1.083773e+02 4.121743e-18 4.121743e-18
1.084773e+02 6.224504e-18 6.224504e-18
1.085773e+02 7.752014e-18 7.752014e-18
1.086773e+02 9.027523e-18 9.027523e-18
1.087773e+02 9.893572e-18 9.893572e-18
1.088773e+02 1.092322e-17 1.092322e-17
1.089773e+02 1.461654e-17 1.461654e-17
1.090773e+02 1.755734e-17 1.755734e-17
1.091773e+02 7.494943e-17 7.494943e-17
1.092773e+02 1.077897e-16 1.077897e-16
1.093773e+02 6.354274e-17 6.354274e-17
1.094773e+02 3.956627e-17 3.956627e-17
1.095773e+02 5.410769e-17 5.410769e-17
1.096773e+02 6.534120e-17 6.534120e-17
1.097773e+02 3.245361e-17 3.245361e-17
1.098773e+02 2.686041e-17 2.686041e-17
1.099773e+02 2.364280e-17 2.364280e-17
1.100773e+02 3.213028e-17 3.213028e-17
1.101773e+02 3.413216e-17 3.413216e-17
1.102773e+02 3.007113e-17 3.007113e-17
1.103773e+02 3.044300e-17 3.044300e-17
1.104773e+02 2.982110e-17 2.982110e-17
1.105773e+02 3.029258e-17 3.029258e-17
1.106773e+02 3.089615e-17 3.089615e-17
1.107773e+02 2.826994e-17 2.826994e-17
1.108773e+02 2.494569e-17 2.494569e-17
1.109773e+02 2.209529e-17 2.209529e-17
1.110773e+02 1.986037e-17 1.986037e-17
1.111773e+02 1.630151e-17 1.630151e-17
1.112773e+02 1.353754e-17 1.353754e-17
1.113773e+02 9.312918e-18 9.312918e-18
1.114773e+02 8.159777e-18 8.159777e-18
1.115773e+02 6.644226e-18 6.644226e-18
1.116773e+02 3.093311e-18 3.093311e-18
1.117773e+02 2.147014e-18 2.147014e-18
1.118773e+02 1.789227e-18 1.789227e-18
1.119773e+02 1.559489e-18 1.559489e-18
1.120773e+02 1.545544e-18 1.545544e-18
1.121773e+02 1.558335e-18 1.558335e-18
1.122773e+02 1.139469e-18 1.139469e-18
1.123773e+02 1.260351e-18 1.260351e-18
1.124773e+02 2.038115e-18 2.038115e-18
1.125773e+02 2.300772e-18 2.300772e-18
1.126773e+02 2.461985e-18 2.461985e-18
1.127773e+02 2.914758e-18 2.914758e-18
1.128773e+02 2.656411e-18 2.656411e-18
1.129773e+02 1.760779e-18 1.760779e-18
1.130773e+02 2.313307e-18 2.313307e-18
1.131773e+02 2.326098e-18 2.326098e-18
1.132773e+02 2.338891e-18 2.338891e-18
1.133773e+02 2.351683e-18 2.351683e-18
1.134773e+02 2.775501e-18 2.775501e-18
1.135773e+02 2.637305e-18 2.637305e-18
1.136773e+02 2.711787e-18 2.711787e-18
1.137773e+02 3.280318e-18 3.280318e-18
1.138773e+02 3.559786e-18 3.559786e-18
1.139773e+02 3.068299e-18 3.068299e-18
1.140773e+02 3.131260e-18 3.131260e-18
1.141773e+02 4.882934e-18 4.882934e-18
1.142773e+02 6.289188e-18 6.289188e-18
1.143773e+02 6.958582e-18 6.958582e-18
1.144773e+02 6.985037e-18 6.985037e-18
1.145773e+02 8.046761e-18 8.046761e-18
1.146773e+02 7.815308e-18 7.815308e-18
1.147773e+02 7.649527e-18 7.649527e-18
1.148773e+02 9.894468e-18 9.894468e-18
1.149773e+02 1.009499e-17 1.009499e-17
1.150773e+02 9.911732e-18 9.911732e-18
1.151773e+02 1.114760e-17 1.114760e-17
1.152773e+02 1.155259e-17 1.155259e-17
1.153773e+02 1.225530e-17 1.225530e-17
1.154773e+02 1.612938e-17 1.612938e-17
1.155773e+02 3.079899e-17 3.079899e-17
1.156773e+02 2.742910e-17 2.742910e-17
1.157773e+02 1.566154e-17 1.566154e-17
1.158773e+02 1.713529e-17 1.713529e-17
1.159773e+02 1.740071e-17 1.740071e-17
1.160773e+02 1.975291e-17 1.975291e-17
1.161773e+02 2.254502e-17 2.254502e-17
1.162773e+02 2.446310e-17 2.446310e-17
1.163773e+02 2.785969e-17 2.785969e-17
1.164773e+02 3.566106e-17 3.566106e-17
1.165773e+02 5.477536e-17 5.477536e-17
1.166773e+02 9.274673e-17 9.274673e-17
1.167773e+02 7.538299e-17 7.538299e-17
1.168773e+02 2.072859e-17 2.072859e-17
1.169773e+02 5.737206e-17 5.737206e-17
1.170773e+02 8.343845e-17 8.343845e-17
1.171773e+02 5.130922e-17 5.130922e-17
1.172773e+02 2.481589e-17 2.481589e-17
1.173773e+02 1.601197e-17 1.601197e-17
1.174773e+02 1.568791e-17 1.568791e-17
1.175773e+02 1.827666e-17 1.827666e-17
1.176773e+02 1.757200e-17 1.757200e-17
1.177773e+02 1.584482e-17 1.584482e-17
1.178773e+02 1.646424e-17 1.646424e-17
1.179773e+02 1.516881e-17 1.516881e-17
1.180773e+02 1.574986e-17 1.574986e-17
1.181773e+02 1.576275e-17 1.576275e-17
1.182773e+02 1.675425e-17 1.675425e-17
1.183773e+02 1.748277e-17 1.748277e-17
1.184773e+02 1.772061e-17 1.772061e-17
1.185773e+02 1.773340e-17 1.773340e-17
1.186773e+02 1.789990e-17 1.789990e-17
1.187773e+02 1.844133e-17 1.844133e-17
1.188773e+02 1.903575e-17 1.903575e-17
1.189773e+02 1.906424e-17 1.906424e-17
1.190773e+02 1.863505e-17 1.863505e-17
1.191773e+02 1.922141e-17 1.922141e-17
1.192773e+02 1.944722e-17 1.944722e-17
1.193773e+02 1.891593e-17 1.891593e-17
1.194773e+02 1.836094e-17 1.836094e-17
1.195773e+02 1.786104e-17 1.786104e-17
