#
# S + PHOTON = S+ + ELECTR
#
# 421
#
#
#
#
#
#
 91.11796279907128 2.5232077258842492e-17 2.5232077258842492e-17
 91.15698335767308 3.127e-17 3.127e-17
 91.25097570221127 4.017e-17 4.017e-17
 91.27874399950558 3.967e-17 3.967e-17
 91.28937866734735 3.510e-17 3.510e-17
 91.29295459381534 3.737e-17 3.737e-17
 91.29653994710961 1.484e-16 1.484e-16
 91.30013472941854 1.196e-16 1.196e-16
 91.30374809104854 8.493e-17 8.493e-17
 91.30738003637798 7.417e-17 7.417e-17
 91.31102142023675 6.973e-17 6.973e-17
 91.31834166348082 6.703e-17 6.703e-17
 91.33690374007704 7.156e-17 7.156e-17
 91.35583054651065 8.658e-17 8.658e-17
 91.37513169403658 1.167e-16 1.167e-16
 91.38295707342961 1.240e-16 1.240e-16
 91.38689776011282 1.207e-16 1.207e-16
 91.3908479522516  1.115e-16 1.115e-16
 91.39481681863748 9.767e-17 9.767e-17
 91.40681717404815 4.665e-17 4.665e-17
 91.41084244507201 3.358e-17 3.358e-17
 91.4148955818217  2.502e-17 2.502e-17
 91.41895824923115 2.019e-17 2.019e-17
 91.42303962182623 1.784e-17 1.784e-17
 91.42713970456922 1.697e-17 1.697e-17
 91.43124932876425 1.693e-17 1.693e-17
 91.47331164866797 2.44e-17 2.44e-17
 91.53061642767203 3.118e-17 3.118e-17
 91.67025054002698 3.99e-17 3.99e-17
 91.71192390996952 3.952e-17 3.952e-17
 91.72793167889615 3.525e-17 3.525e-17
 91.73331501570435 3.601e-17 3.601e-17
 91.73871745538839 1.213e-16 1.213e-16
 91.74414824116303 1.303e-16 1.303e-16
 91.74960738298382 8.770e-17 8.770e-17
 91.75508565207971 7.518e-17 7.518e-17
 91.76058305518693 7.017e-17 7.017e-17
 91.77724559573167 6.709e-17 6.709e-17
 91.8055016415372  7.3840e-17 7.3840e-17
 91.82857428245567 8.746e-17 8.746e-17
 91.85800085409958 1.186e-16 1.186e-16
 91.86996570705983 1.237e-16 1.237e-16
 91.87598635502111 1.182e-16 1.182e-16
 91.88203558523196 1.070e-16 1.070e-16
 91.89421983700062 7.467e-17 7.467e-17
 91.90650928281187 4.137e-17 4.137e-17
 91.91270159115678 3.002e-17 3.002e-17
 91.91892254938413 2.303e-17 2.303e-17
 91.92516289589748 1.928e-17 1.928e-17
 91.93144118707519 1.757e-17 1.757e-17
 91.94408383437925 1.722e-17 1.722e-17
 92.00245388125954 2.39e-17 2.39e-17
 92.09127412872426 3.066e-17 3.066e-17
 92.31093012165871 3.926e-17 3.926e-17
 92.38585542424817 3.925e-17 3.925e-17
 92.41161039560149 3.54e-17 3.54e-17
 92.42027981191546 3.502e-17 3.502e-17
 92.42899772991542 8.684e-17 8.684e-17
 92.43776417659304 1.494e-16 1.494e-16
 92.44656980054234 9.242e-17 9.242e-17
 92.45543338438367 7.681e-17 7.681e-17
 92.4643361966553  7.0860e-17 7.0860e-17
 92.49132716448481 6.717e-17 6.717e-17
 92.53726490619157 7.430e-17 7.430e-17
 92.57490566019527 8.918e-17 8.918e-17
 92.61336768559955 1.156e-16 1.156e-16
 92.63291200948299 1.244e-16 1.244e-16
 92.64276261226847 1.215e-16 1.215e-16
 92.65266241236671 1.123e-16 1.123e-16
 92.66262086309201 9.817e-17 9.817e-17
 92.69282020585201 4.677e-17 4.677e-17
 92.70300419594662 3.377e-17 3.377e-17
 92.71323758774909 2.535e-17 2.535e-17
 92.72352984807262 2.062e-17 2.062e-17
 92.73387157843878 1.832e-17 1.832e-17
 92.74428168929942 1.745e-17 1.745e-17
 92.7547413435622  1.739e-17 1.739e-17
 92.8515672627566  2.359e-17 2.359e-17
 93.00041743366121 3.011e-17 3.011e-17
 93.37622748214973 3.832e-17 3.832e-17
 93.52190908937899 3.874e-17 3.874e-17
 93.58279045909906 3.442e-17 3.442e-17
 93.59824670637931 5.619e-17 5.619e-17
 93.61380422872713 1.864e-16 1.864e-16
 93.62946312460598 1.025e-16 1.025e-16
 93.64522349317001 7.995e-17 7.995e-17
 93.66108543426581 7.212e-17 7.212e-17
 93.67703941855843 6.883e-17 6.883e-17
 93.70927206512438 6.734e-17 6.734e-17
 93.77500053614111 7.272e-17 7.272e-17
 93.84245444980468 8.742e-17 8.742e-17
 93.9117088039351  1.153e-16 1.153e-16
 93.94702809089716 1.249e-16 1.249e-16
 93.96486241379112 1.215e-16 1.215e-16
 93.98281982307738 1.111e-16 1.111e-16
 94.05586366898407 4.411e-17 4.411e-17
 94.07442887027843 3.202e-17 3.202e-17
 94.09312770477171 2.452e-17 2.452e-17
 94.1119506079802  2.047e-17 2.047e-17
 94.13090744778686 1.858e-17 1.858e-17
 94.16919437376362 1.795e-17 1.795e-17
 94.32775063978635 2.306e-17 2.306e-17
 94.58290177024732 2.88e-17 2.88e-17
 95.27292095229941 3.609e-17 3.609e-17
 95.67760587939273 3.762e-17 3.762e-17
 95.80179962445349 3.419e-17 3.419e-17
 95.83348551440295 3.887e-17 3.887e-17
 95.8654344119154  1.671e-16 1.671e-16
 95.8976367303629  1.362e-16 1.362e-16
 95.93011315645889 8.819e-17 8.819e-17
 95.96286422528384 7.496e-17 7.496e-17
 95.99588036446253 6.997e-17 6.997e-17
 96.02917221772485 6.807e-17 6.807e-17
 96.09659540607314 6.843e-17 6.843e-17
 96.19987803140053 7.511e-17 7.511e-17
 96.30581537076437 8.992e-17 8.992e-17
 96.45135542543908 1.232e-16 1.232e-16
 96.48852946140559 1.257e-16 1.257e-16
 96.52603889833682 1.196e-16 1.196e-16
 96.56386402017944 1.056e-16 1.056e-16
 96.6793534370629  5.055e-17 5.055e-17
 96.71853066108276 3.626e-17 3.626e-17
 96.75805813433578 2.72e-17 2.72e-17
 96.79793667690768 2.231e-17 2.231e-17
 96.83816711717045 1.998e-17 1.998e-17
 96.91972827834335 1.895e-17 1.895e-17
 97.26111450713688 2.309e-17 2.309e-17
 97.87289288422378 2.791e-17 2.791e-17
 99.52920443171612 3.282e-17 3.282e-17
 99.53079157141563 1.324e-16 1.324e-16
 99.53297668902244 5.407e-17 5.407e-17
 99.53516190257633 1.059e-17 1.059e-17
 99.53735808451008 1.635e-17 1.635e-17
 99.53955436336079 2.692e-17 2.692e-17
 99.54176161252335 4.159e-17 4.159e-17
 99.5439798334509  6.881e-17 6.881e-17
 99.54619815324377 1.229e-16 1.229e-16
 99.54842744675339 1.167e-16 1.167e-16
 99.55066771544764 5.848e-17 5.848e-17
 99.55290808497557 3.774e-17 3.774e-17
 99.5551594316597  3.138e-17 3.138e-17
 99.55741088017261 2.944e-17 2.944e-17
 99.55967330782323 2.906e-17 2.906e-17
 99.5850347603988  3.400e-17 3.400e-17
 99.5992388995794  3.248e-17 3.248e-17
 99.61128021622102 2.697e-17 2.697e-17
 99.6309488793765  1.214e-17 1.214e-17
 99.63845464121699 7.045e-18 7.045e-18
 99.64349906137312 4.425e-18 4.425e-18
 99.64602691108472 3.391e-18 3.391e-18
 99.64857668252849 2.548e-18 2.548e-18
 99.65112658446419 1.893e-18 1.893e-18
 99.65367661690183 1.42e-18 1.42e-18
 99.65624857667849 1.120e-18 1.120e-18
 99.65882066921788 9.804e-19 9.804e-19
 99.66140379407262 9.893e-19 9.893e-19
 99.66399795294811 1.132e-18 1.132e-18
 99.66660314755718 1.395e-18 1.395e-18
 99.66920847836823 1.764e-18 1.764e-18
 99.67445225582159 2.770e-18 2.770e-18
 99.67972929571919 4.057e-18 4.057e-18
 99.69306612428094 8.044e-18 8.044e-18
 99.73444062314113 2.261e-17 2.261e-17
 99.75735757434508 3.301e-17 3.301e-17
 99.76904392284629 4.202e-17 4.202e-17
 99.77495367025339 5.037e-17 5.037e-17
 99.77792519407469 5.726e-17 5.726e-17
 99.78089689489866 6.838e-17 6.838e-17
 99.78389062543971 8.826e-17 8.826e-17
 99.78688453562821 1.301e-16 1.301e-16
 99.78988955314461 5.966e-17 5.966e-17
 99.79291660830694 1.047e-17 1.047e-17
 99.79594384712195 1.72e-17 1.72e-17
 99.79898219926217 2.832e-17 2.832e-17
 99.80203166674096 4.334e-17 4.334e-17
 99.80509225157925 7.106e-17 7.106e-17
 99.8081639558055  1.255e-16 1.255e-16
 99.81123584911344 1.164e-16 1.164e-16
 99.81432979755351 5.904e-17 5.904e-17
 99.81743487150985 3.891e-17 3.891e-17
 99.8205510730412  3.271e-17 3.271e-17
 99.82366746914809 3.079e-17 3.079e-17
 99.82680593134827 3.04e-17 3.04e-17
 99.86200959194273 3.470e-17 3.470e-17
 99.88178835246206 3.279e-17 3.279e-17
 99.8985851046523  2.698e-17 2.698e-17
 99.92609185341028 1.171e-17 1.171e-17
 99.93661217623477 6.548e-18 6.548e-18
 99.94369272374217 3.954e-18 3.954e-18
 99.94725529806482 2.958e-18 2.958e-18
 99.95081812637824 2.169e-18 2.169e-18
 99.95440313615657 1.583e-18 1.583e-18
 99.95799936763013 1.193e-18 1.193e-18
 99.96160682319365 9.88e-19 9.88e-19
 99.96523647135098 9.545e-19 9.545e-19
 99.96886638310598 1.077e-18 1.077e-18
 99.97251849388317 1.340e-18 1.340e-18
 99.97618184001435 1.726e-18 1.726e-18
 99.97985642394044 2.222e-18 2.222e-18
 99.98354224811012 2.811e-18 2.811e-18
 99.99095859875931 4.217e-18 4.217e-18
100.00595922653852 7.642e-18 7.642e-18
100.08843876223706 2.950e-17 2.950e-17
100.11322345731028 3.874e-17 3.874e-17
100.12582943394725 4.694e-17 4.694e-17
100.13431220473982 5.757e-17 5.757e-17
100.13858163957161 6.754e-17 6.754e-17
100.14286244359823 8.531e-17 8.531e-17
100.14716562574182 1.264e-16 1.264e-16
100.15148018472147 6.546e-17 6.546e-17
100.15580612343031 1.032e-17 1.032e-17
100.16015445367715 1.903e-17 1.903e-17
100.1645251812463  3.097e-17 3.097e-17
100.1689073011183  4.658e-17 4.658e-17
100.17330081623356 7.542e-17 7.542e-17
100.17772775508042 1.304e-16 1.304e-16
100.18215508522222 1.148e-16 1.148e-16
100.18660483615441 5.949e-17 5.949e-17
100.19107701380011 4.062e-17 4.062e-17
100.19556060741835 3.476e-17 3.476e-17
100.20006663770404 3.291e-17 3.291e-17
100.20458409197823 3.249e-17 3.249e-17
100.25549419887765 3.58e-17 3.58e-17
100.2842131933581  3.327e-17 3.327e-17
100.3086864134668  2.696e-17 2.696e-17
100.34376674952421 1.294e-17 1.294e-17
100.35911658707654 7.235e-18 7.235e-18
100.36945191597696 4.291e-18 4.291e-18
100.3746480190134  3.15e-18 3.15e-18
100.37986677459572 2.247e-18 2.247e-18
100.38510818970684 1.582e-18 1.582e-18
100.39037227136103 1.151e-18 1.151e-18
100.39565902660399 9.421e-19 9.421e-19
100.40096846251295 9.41e-19 9.41e-19
100.40628952311296 1.13e-18 1.13e-18
100.41164434053129 1.488e-18 1.488e-18
100.41701079458476 1.996e-18 1.996e-18
100.42241102217903 2.633e-18 2.633e-18
100.42783396628774 3.38e-18 3.38e-18
100.43873696291084 5.135e-18 5.135e-18
100.54700973949849 2.599e-17 2.599e-17
100.62006204759778 4.073e-17 4.073e-17
100.64526638548739 4.977e-17 4.977e-17
100.6580400692669  5.89e-17 5.89e-17
100.66446704729734 6.729e-17 6.729e-17
100.67091708904389 8.197e-17 8.197e-17
100.6774013261216  1.209e-16 1.209e-16
100.68391977158632 6.772e-17 6.772e-17
100.69046131277124 1.106e-17 1.106e-17
100.70362484639187 3.702e-17 3.702e-17
100.71025798969631 5.350e-17 5.350e-17
100.71691427015566 8.443e-17 8.443e-17
100.72360482988945 1.397e-16 1.397e-16
100.73031854778181 1.121e-16 1.121e-16
100.73706656901021 6.095e-17 6.095e-17
100.7438489071833  4.417e-17 4.417e-17
100.75066557598171 3.883e-17 3.883e-17
100.757505448543   3.706e-17 3.706e-17
100.84204445454413 3.798e-17 3.798e-17
100.88608718508909 3.426e-17 3.426e-17
100.92372980912622 2.687e-17 2.687e-17
100.98582492982656 8.944e-18 8.944e-18
101.00170768487483 5.134e-18 5.134e-18
101.00971251651181 3.62e-18 3.62e-18
101.01775221178999 2.418e-18 2.418e-18
101.02583798708645 1.552e-18 1.552e-18
101.03394746056148 1.032e-18 1.032e-18
101.04211425422728 8.559e-19 8.559e-19
101.05030477918775 1.007e-18 1.007e-18
101.05854146122641 1.462e-18 1.462e-18
101.06681311347375 2.189e-18 2.189e-18
101.07513096373676 3.153e-18 3.153e-18
101.08348382167711 4.317e-18 4.317e-18
101.10031706184085 7.099e-18 7.099e-18
101.1517935788437  1.704e-17 1.704e-17
101.23190121273819 3.100e-17 3.100e-17
101.43344346025086 5.61e-17 5.61e-17
101.47433187268715 6.577e-17 6.577e-17
101.49509365886148 7.708e-17 7.708e-17
101.5055625380047  1.133e-16 1.133e-16
101.51607881298655 1.829e-17 1.829e-17
101.52665382394846 3.156e-17 3.156e-17
101.53728760692275 4.772e-17 4.772e-17
101.54796888205168 5.989e-17 5.989e-17
101.55870899710246 7.658e-17 7.658e-17
101.5695079887029  1.109e-16 1.109e-16
101.58036589369314 1.625e-16 1.625e-16
101.60224726406589 7.238e-17 7.238e-17
101.61327079927472 5.844e-17 5.844e-17
101.62436472553741 5.362e-17 5.362e-17
101.6355064169419  5.173e-17 5.173e-17
101.75031841920322 4.855e-17 4.855e-17
101.83446114461017 4.155e-17 4.155e-17
101.88401118349601 3.306e-17 3.306e-17
101.9219007387116  2.306e-17 2.306e-17
101.97343013773344 4.832e-18 4.832e-18
101.98648613317591 1.397e-18 1.397e-18
101.99962539108917 1.076e-18 1.076e-18
102.01282513466    7.209e-18 7.209e-18
102.0261082553667  2.398e-17 2.398e-17
102.03947481701825 5.303e-17 5.303e-17
102.05290202601308 8.841e-17 8.841e-17
102.06642422467655 1.188e-16 1.188e-16
102.08000718215292 1.373e-16 1.373e-16
102.09367382162304 1.448e-16 1.448e-16
102.1074242088602  1.453e-16 1.453e-16
102.16319584415206 1.271e-16 1.271e-16
102.27869872229505 9.323e-17 9.323e-17
102.5925453219747  2.412e-17 2.412e-17
102.66000761500466 1.195e-17 1.195e-17
102.6943564788076  7.159e-18 7.159e-18
102.7116958202732  5.294e-18 5.294e-18
102.72914524585765 3.908e-18 3.908e-18
102.74670486479747 3.132e-18 3.132e-18
102.76437478707453 3.15e-18 3.15e-18
102.78214353058188 4.226e-18 4.226e-18
102.80003438843391 6.744e-18 6.744e-18
102.81803588403404 1.128e-17 1.128e-17
102.83614813036388 1.872e-17 1.872e-17
102.85438285029459 3.032e-17 3.032e-17
102.87272855746412 4.766e-17 4.766e-17
102.89118536720032 7.163e-17 7.163e-17
102.90976501723148 9.927e-17 9.927e-17
102.9284676370733  1.184e-16 1.184e-16
102.94728172705072 1.167e-16 1.167e-16
102.98527970842124 8.099e-17 8.099e-17
103.00446386518622 7.763e-17 7.763e-17
103.0237716444784  1.049e-16 1.049e-16
103.0432031813264  1.243e-16 1.243e-16
103.0627586117003  5.432e-17 5.432e-17
103.08244973318974 2.005e-17 2.005e-17
103.10226503194328 8.072e-18 8.072e-18
103.1222046468568  3.472e-18 3.472e-18
103.1422803919933  1.899e-18 1.899e-18
103.16248074308196 1.858e-18 1.858e-18
103.18281752536184 2.707e-18 2.707e-18
103.20329089553975 4.113e-18 4.113e-18
103.22390101146764 5.877e-18 5.877e-18
103.2655204155927  9.977e-18 9.977e-18
103.37203765802437 2.013e-17 2.013e-17
103.45987174679449 2.542e-17 2.542e-17
103.55010262034511 2.713e-17 2.713e-17
103.6664295022353  2.480e-17 2.480e-17
103.9885672618524  9.994e-18 9.994e-18
104.09381155027247 6.21e-18 6.21e-18
104.17477818876584 4.049e-18 4.049e-18
104.22973199936268 2.950e-18 2.950e-18
104.28550761741985 2.128e-18 2.128e-18
104.34210758915    1.576e-18 1.576e-18
104.3707294687014  1.399e-18 1.399e-18
104.3995584236461  1.287e-18 1.287e-18
104.4285947842033  1.239e-18 1.239e-18
104.45786283108796 1.254e-18 1.254e-18
104.48733897900272 1.330e-18 1.330e-18
104.5170475414324  1.466e-18 1.466e-18
104.54696491200093 1.662e-18 1.662e-18
104.60749950638815 2.228e-18 2.228e-18
104.66896984636894 3.022e-18 3.022e-18
104.76293684290154 4.635e-18 4.635e-18
104.89164004684785 7.593e-18 7.593e-18
105.02441202530865 1.159e-17 1.159e-17
105.1614281277105  1.699e-17 1.699e-17
105.30286630294092 2.484e-17 2.484e-17
105.41195970198096 3.436e-17 3.436e-17
105.48618596602234 4.517e-17 4.517e-17
105.52374766477    5.361e-17 5.361e-17
105.56162960176355 6.614e-17 6.614e-17
105.59982020092154 8.604e-17 8.604e-17
105.63832010285298 1.158e-16 1.158e-16
105.67714220913442 1.191e-16 1.191e-16
105.7162871993987  5.373e-17 5.373e-17
105.75575575967823 3.486e-17 3.486e-17
105.7955608650031  6.103e-17 6.103e-17
105.8356909503675  1.149e-16 1.149e-16
105.91697813345068 3.096e-17 3.096e-17
105.95814905895234 1.995e-17 1.995e-17
105.99966025318236 1.752e-17 1.752e-17
106.04151247850991 1.766e-17 1.766e-17
106.30036428232474 2.526e-17 2.526e-17
106.52658780495988 2.954e-17 2.954e-17
106.7629940263052  3.022e-17 3.022e-17
107.01022748861192 2.695e-17 2.695e-17
107.5399777141224  1.322e-17 1.322e-17
107.76616101209952 8.037e-18 8.037e-18
107.94154117076678 5.021e-18 5.021e-18
108.0613116499707  3.492e-18 3.492e-18
108.18342878642613 2.352e-18 2.352e-18
108.24539453265595 1.922e-18 1.922e-18
108.30797196311335 1.583e-18 1.583e-18
108.37116307695785 1.331e-18 1.331e-18
108.43499570254444 1.162e-18 1.162e-18
108.49945905893653 1.073e-18 1.073e-18
108.5645681963311  1.059e-18 1.059e-18
108.63032530252904 1.116e-18 1.116e-18
108.69674555645904 1.241e-18 1.241e-18
108.76385720841688 1.431e-18 1.431e-18
108.90011232604243 1.987e-18 1.987e-18
109.10978042734791 3.222e-18 3.222e-18
109.32605441246073 4.876e-18 4.876e-18
109.7019222949368  8.441e-18 8.441e-18
110.26302319321774 1.506e-17 1.506e-17
110.8688488695848  2.429e-17 2.429e-17
111.33172618358217 3.454e-17 3.454e-17
111.62249841495966 4.526e-17 4.526e-17
111.82206743127597 5.847e-17 5.847e-17
111.92361815276745 6.981e-17 6.981e-17
112.02640014513677 8.828e-17 8.828e-17
112.13039209216558 1.192e-16 1.192e-16
112.2356416802281  1.354e-16 1.354e-16
112.34215545138015 9.785e-17 9.785e-17
112.4499677970314  9.644e-17 9.644e-17
112.5590856155585  3.376e-17 3.376e-17
112.66954376954989 1.828e-17 1.828e-17
112.78136348902913 1.665e-17 1.665e-17
112.89455223980447 1.799e-17 1.799e-17
113.24266235306693 2.365e-17 2.365e-17
113.7276601863813  2.859e-17 2.859e-17
114.23805010747265 3.007e-17 3.007e-17
114.91463767921302 2.72e-17 2.72e-17
116.20691689292319 1.458e-17 1.458e-17
116.82138735886192 9.225e-18 9.225e-18
