# SH+ cross sections
# From the Leiden database for photodissociation and photoionization of astrophysically relevant molecules, http://home.strw.leidenuniv.nl/~ewine/photo/
# File last modified by Alan Heays 2017-03-01
# references: mcmillan2016 http://stacks.iop.org/0953-4075/49/i=8/a=084001,
# no info on lines
# wavelength: (nm)
# photoabsorption   -- Photoabsorption cross section (cm2)
# photodissociation -- Photodissociation cross section (cm2)
# This version has been resampled to a uniform 0.1nm grid while maintaining a constant integrated cross section (using trapezoidal integration).
# wavelength photoabsorption photodissociation
7.000000e+01 1.371265e-24 1.371265e-24
7.010000e+01 1.734364e-24 1.734364e-24
7.020000e+01 2.097464e-24 2.097464e-24
7.030000e+01 2.460563e-24 2.460563e-24
7.040000e+01 2.823662e-24 2.823662e-24
7.050000e+01 3.186761e-24 3.186761e-24
7.060000e+01 3.549861e-24 3.549861e-24
7.070000e+01 3.912960e-24 3.912960e-24
7.080000e+01 4.276059e-24 4.276059e-24
7.090000e+01 4.639158e-24 4.639158e-24
7.100000e+01 5.002257e-24 5.002257e-24
7.110000e+01 4.989799e-24 4.989799e-24
7.120000e+01 4.977341e-24 4.977341e-24
7.130000e+01 4.964882e-24 4.964882e-24
7.140000e+01 4.952424e-24 4.952424e-24
7.150000e+01 4.939965e-24 4.939965e-24
7.160000e+01 4.927507e-24 4.927507e-24
7.170000e+01 4.915048e-24 4.915048e-24
7.180000e+01 4.902590e-24 4.902590e-24
7.190000e+01 4.890132e-24 4.890132e-24
7.200000e+01 4.877673e-24 4.877673e-24
7.210000e+01 4.872118e-24 4.872118e-24
7.220000e+01 4.866562e-24 4.866562e-24
7.230000e+01 4.861006e-24 4.861006e-24
7.240000e+01 4.855451e-24 4.855451e-24
7.250000e+01 4.849895e-24 4.849895e-24
7.260000e+01 4.844339e-24 4.844339e-24
7.270000e+01 4.838784e-24 4.838784e-24
7.280000e+01 4.833228e-24 4.833228e-24
7.290000e+01 4.827673e-24 4.827673e-24
7.300000e+01 4.822117e-24 4.822117e-24
7.310000e+01 5.756540e-24 5.756540e-24
7.320000e+01 6.690963e-24 6.690963e-24
7.330000e+01 7.625387e-24 7.625387e-24
7.340000e+01 8.559810e-24 8.559810e-24
7.350000e+01 9.494233e-24 9.494233e-24
7.360000e+01 1.042866e-23 1.042866e-23
7.370000e+01 1.136308e-23 1.136308e-23
7.380000e+01 1.229750e-23 1.229750e-23
7.390000e+01 1.323193e-23 1.323193e-23
7.400000e+01 1.416635e-23 1.416635e-23
7.410000e+01 1.998184e-23 1.998184e-23
7.420000e+01 2.579732e-23 2.579732e-23
7.430000e+01 3.161281e-23 3.161281e-23
7.440000e+01 3.742829e-23 3.742829e-23
7.450000e+01 4.324378e-23 4.324378e-23
7.460000e+01 4.905926e-23 4.905926e-23
7.470000e+01 5.487475e-23 5.487475e-23
7.480000e+01 6.069024e-23 6.069024e-23
7.490000e+01 6.650572e-23 6.650572e-23
7.500000e+01 7.232121e-23 7.232121e-23
7.510000e+01 9.944833e-23 9.944833e-23
7.520000e+01 1.265754e-22 1.265754e-22
7.530000e+01 1.537026e-22 1.537026e-22
7.540000e+01 1.808297e-22 1.808297e-22
7.550000e+01 2.079568e-22 2.079568e-22
7.560000e+01 2.350839e-22 2.350839e-22
7.570000e+01 2.622110e-22 2.622110e-22
7.580000e+01 2.893381e-22 2.893381e-22
7.590000e+01 3.164653e-22 3.164653e-22
7.600000e+01 3.435924e-22 3.435924e-22
7.610000e+01 4.252252e-22 4.252252e-22
7.620000e+01 5.068579e-22 5.068579e-22
7.630000e+01 5.884907e-22 5.884907e-22
7.640000e+01 6.701235e-22 6.701235e-22
7.650000e+01 7.517563e-22 7.517563e-22
7.660000e+01 8.333891e-22 8.333891e-22
7.670000e+01 9.150219e-22 9.150219e-22
7.680000e+01 9.966546e-22 9.966546e-22
7.690000e+01 1.078287e-21 1.078287e-21
7.700000e+01 1.159920e-21 1.159920e-21
7.710000e+01 1.503678e-21 1.503678e-21
7.720000e+01 1.847436e-21 1.847436e-21
7.730000e+01 2.191193e-21 2.191193e-21
7.740000e+01 2.534951e-21 2.534951e-21
7.750000e+01 2.878709e-21 2.878709e-21
7.760000e+01 3.222466e-21 3.222466e-21
7.770000e+01 3.566224e-21 3.566224e-21
7.780000e+01 3.909982e-21 3.909982e-21
7.790000e+01 4.253739e-21 4.253739e-21
7.800000e+01 4.597497e-21 4.597497e-21
7.810000e+01 5.254633e-21 5.254633e-21
7.820000e+01 5.911768e-21 5.911768e-21
7.830000e+01 6.568904e-21 6.568904e-21
7.840000e+01 7.226039e-21 7.226039e-21
7.850000e+01 7.883175e-21 7.883175e-21
7.860000e+01 8.540311e-21 8.540311e-21
7.870000e+01 9.197446e-21 9.197446e-21
7.880000e+01 9.854582e-21 9.854582e-21
7.890000e+01 1.051172e-20 1.051172e-20
7.900000e+01 1.116885e-20 1.116885e-20
7.910000e+01 1.226679e-20 1.226679e-20
7.920000e+01 1.336473e-20 1.336473e-20
7.930000e+01 1.446267e-20 1.446267e-20
7.940000e+01 1.556061e-20 1.556061e-20
7.950000e+01 1.665855e-20 1.665855e-20
7.960000e+01 1.775649e-20 1.775649e-20
7.970000e+01 1.885443e-20 1.885443e-20
7.980000e+01 1.995237e-20 1.995237e-20
7.990000e+01 2.105031e-20 2.105031e-20
8.000000e+01 2.214825e-20 2.214825e-20
8.010000e+01 2.682580e-20 2.682580e-20
8.020000e+01 3.150334e-20 3.150334e-20
8.030000e+01 3.618089e-20 3.618089e-20
8.040000e+01 4.085844e-20 4.085844e-20
8.050000e+01 4.553598e-20 4.553598e-20
8.060000e+01 5.021353e-20 5.021353e-20
8.070000e+01 5.489107e-20 5.489107e-20
8.080000e+01 5.956862e-20 5.956862e-20
8.090000e+01 6.424617e-20 6.424617e-20
8.100000e+01 6.892371e-20 6.892371e-20
8.110000e+01 7.360279e-20 7.360279e-20
8.120000e+01 7.828187e-20 7.828187e-20
8.130000e+01 8.296095e-20 8.296095e-20
8.140000e+01 8.764003e-20 8.764003e-20
8.150000e+01 9.231911e-20 9.231911e-20
8.160000e+01 9.699819e-20 9.699819e-20
8.170000e+01 1.016773e-19 1.016773e-19
8.180000e+01 1.063564e-19 1.063564e-19
8.190000e+01 1.110354e-19 1.110354e-19
8.200000e+01 1.157145e-19 1.157145e-19
8.210000e+01 1.362380e-19 1.362380e-19
8.220000e+01 1.567615e-19 1.567615e-19
8.230000e+01 1.772849e-19 1.772849e-19
8.240000e+01 1.978084e-19 1.978084e-19
8.250000e+01 2.183319e-19 2.183319e-19
8.260000e+01 2.388554e-19 2.388554e-19
8.270000e+01 2.593789e-19 2.593789e-19
8.280000e+01 2.799023e-19 2.799023e-19
8.290000e+01 3.004258e-19 3.004258e-19
8.300000e+01 3.209493e-19 3.209493e-19
8.310000e+01 3.463293e-19 3.463293e-19
8.320000e+01 3.717093e-19 3.717093e-19
8.330000e+01 3.970893e-19 3.970893e-19
8.340000e+01 4.224693e-19 4.224693e-19
8.350000e+01 4.478493e-19 4.478493e-19
8.360000e+01 4.732292e-19 4.732292e-19
8.370000e+01 4.986092e-19 4.986092e-19
8.380000e+01 5.239892e-19 5.239892e-19
8.390000e+01 5.493692e-19 5.493692e-19
8.400000e+01 5.747492e-19 5.747492e-19
8.410000e+01 6.198703e-19 6.198703e-19
8.420000e+01 6.649915e-19 6.649915e-19
8.430000e+01 7.101126e-19 7.101126e-19
8.440000e+01 7.552337e-19 7.552337e-19
8.450000e+01 8.003549e-19 8.003549e-19
8.460000e+01 8.454760e-19 8.454760e-19
8.470000e+01 8.905971e-19 8.905971e-19
8.480000e+01 9.357183e-19 9.357183e-19
8.490000e+01 9.808394e-19 9.808394e-19
8.500000e+01 1.025961e-18 1.025961e-18
8.510000e+01 1.132626e-18 1.132626e-18
8.520000e+01 1.239291e-18 1.239291e-18
8.530000e+01 1.345956e-18 1.345956e-18
8.540000e+01 1.452621e-18 1.452621e-18
8.550000e+01 1.559286e-18 1.559286e-18
8.560000e+01 1.665952e-18 1.665952e-18
8.570000e+01 1.772617e-18 1.772617e-18
8.580000e+01 1.879282e-18 1.879282e-18
8.590000e+01 1.985947e-18 1.985947e-18
8.600000e+01 2.092612e-18 2.092612e-18
8.610000e+01 2.199434e-18 2.199434e-18
8.620000e+01 2.306256e-18 2.306256e-18
8.630000e+01 2.413077e-18 2.413077e-18
8.640000e+01 2.519899e-18 2.519899e-18
8.650000e+01 2.626721e-18 2.626721e-18
8.660000e+01 2.733542e-18 2.733542e-18
8.670000e+01 2.840364e-18 2.840364e-18
8.680000e+01 2.947186e-18 2.947186e-18
8.690000e+01 3.054008e-18 3.054008e-18
8.700000e+01 3.160829e-18 3.160829e-18
8.710000e+01 3.369807e-18 3.369807e-18
8.720000e+01 3.578785e-18 3.578785e-18
8.730000e+01 3.787763e-18 3.787763e-18
8.740000e+01 3.996741e-18 3.996741e-18
8.750000e+01 4.205719e-18 4.205719e-18
8.760000e+01 4.414697e-18 4.414697e-18
8.770000e+01 4.623675e-18 4.623675e-18
8.780000e+01 4.832652e-18 4.832652e-18
8.790000e+01 5.041630e-18 5.041630e-18
8.800000e+01 5.250608e-18 5.250608e-18
8.810000e+01 5.499382e-18 5.499382e-18
8.820000e+01 5.748157e-18 5.748157e-18
8.830000e+01 5.996931e-18 5.996931e-18
8.840000e+01 6.245705e-18 6.245705e-18
8.850000e+01 6.494479e-18 6.494479e-18
8.860000e+01 6.743253e-18 6.743253e-18
8.870000e+01 6.992028e-18 6.992028e-18
8.880000e+01 7.240802e-18 7.240802e-18
8.890000e+01 7.489576e-18 7.489576e-18
8.900000e+01 7.738350e-18 7.738350e-18
8.910000e+01 8.025980e-18 8.025980e-18
8.920000e+01 8.313610e-18 8.313610e-18
8.930000e+01 8.601240e-18 8.601240e-18
8.940000e+01 8.888870e-18 8.888870e-18
8.950000e+01 9.176499e-18 9.176499e-18
8.960000e+01 9.464129e-18 9.464129e-18
8.970000e+01 9.751759e-18 9.751759e-18
8.980000e+01 1.003939e-17 1.003939e-17
8.990000e+01 1.032702e-17 1.032702e-17
9.000000e+01 1.061465e-17 1.061465e-17
9.010000e+01 1.105300e-17 1.105300e-17
9.020000e+01 1.149136e-17 1.149136e-17
9.030000e+01 1.192971e-17 1.192971e-17
9.040000e+01 1.236807e-17 1.236807e-17
9.050000e+01 1.280643e-17 1.280643e-17
9.060000e+01 1.324478e-17 1.324478e-17
9.070000e+01 1.368314e-17 1.368314e-17
9.080000e+01 1.412149e-17 1.412149e-17
9.090000e+01 1.455985e-17 1.455985e-17
9.100000e+01 1.499820e-17 1.499820e-17
9.110000e+01 1.544727e-17 1.544727e-17
9.120000e+01 1.589633e-17 1.589633e-17
9.130000e+01 1.634540e-17 1.634540e-17
9.140000e+01 1.679446e-17 1.679446e-17
9.150000e+01 1.724353e-17 1.724353e-17
9.160000e+01 1.769259e-17 1.769259e-17
9.170000e+01 1.814166e-17 1.814166e-17
9.180000e+01 1.859072e-17 1.859072e-17
9.190000e+01 1.903979e-17 1.903979e-17
9.200000e+01 1.948885e-17 1.948885e-17
9.210000e+01 2.014236e-17 2.014236e-17
9.220000e+01 2.079586e-17 2.079586e-17
9.230000e+01 2.144937e-17 2.144937e-17
9.240000e+01 2.210288e-17 2.210288e-17
9.250000e+01 2.275638e-17 2.275638e-17
9.260000e+01 2.340989e-17 2.340989e-17
9.270000e+01 2.406339e-17 2.406339e-17
9.280000e+01 2.471690e-17 2.471690e-17
9.290000e+01 2.537041e-17 2.537041e-17
9.300000e+01 2.602391e-17 2.602391e-17
9.310000e+01 2.667743e-17 2.667743e-17
9.320000e+01 2.733095e-17 2.733095e-17
9.330000e+01 2.798447e-17 2.798447e-17
9.340000e+01 2.863798e-17 2.863798e-17
9.350000e+01 2.929150e-17 2.929150e-17
9.360000e+01 2.994502e-17 2.994502e-17
9.370000e+01 3.059854e-17 3.059854e-17
9.380000e+01 3.125205e-17 3.125205e-17
9.390000e+01 3.190557e-17 3.190557e-17
9.400000e+01 3.255909e-17 3.255909e-17
9.410000e+01 3.312215e-17 3.312215e-17
9.420000e+01 3.368520e-17 3.368520e-17
9.430000e+01 3.424826e-17 3.424826e-17
9.440000e+01 3.481132e-17 3.481132e-17
9.450000e+01 3.537438e-17 3.537438e-17
9.460000e+01 3.593744e-17 3.593744e-17
9.470000e+01 3.650049e-17 3.650049e-17
9.480000e+01 3.706355e-17 3.706355e-17
9.490000e+01 3.762661e-17 3.762661e-17
9.500000e+01 3.818967e-17 3.818967e-17
9.510000e+01 3.856453e-17 3.856453e-17
9.520000e+01 3.893940e-17 3.893940e-17
9.530000e+01 3.931426e-17 3.931426e-17
9.540000e+01 3.968912e-17 3.968912e-17
9.550000e+01 4.006399e-17 4.006399e-17
9.560000e+01 4.043885e-17 4.043885e-17
9.570000e+01 4.081372e-17 4.081372e-17
9.580000e+01 4.118858e-17 4.118858e-17
9.590000e+01 4.156344e-17 4.156344e-17
9.600000e+01 4.193831e-17 4.193831e-17
9.610000e+01 4.221465e-17 4.221465e-17
9.620000e+01 4.249099e-17 4.249099e-17
9.630000e+01 4.276733e-17 4.276733e-17
9.640000e+01 4.304368e-17 4.304368e-17
9.650000e+01 4.332002e-17 4.332002e-17
9.660000e+01 4.359636e-17 4.359636e-17
9.670000e+01 4.387270e-17 4.387270e-17
9.680000e+01 4.414904e-17 4.414904e-17
9.690000e+01 4.442539e-17 4.442539e-17
9.700000e+01 4.470173e-17 4.470173e-17
9.710000e+01 4.479637e-17 4.479637e-17
9.720000e+01 4.489102e-17 4.489102e-17
9.730000e+01 4.498566e-17 4.498566e-17
9.740000e+01 4.508030e-17 4.508030e-17
9.750000e+01 4.517495e-17 4.517495e-17
9.760000e+01 4.526959e-17 4.526959e-17
9.770000e+01 4.536424e-17 4.536424e-17
9.780000e+01 4.545888e-17 4.545888e-17
9.790000e+01 4.555352e-17 4.555352e-17
9.800000e+01 4.564817e-17 4.564817e-17
9.810000e+01 4.574283e-17 4.574283e-17
9.820000e+01 4.583749e-17 4.583749e-17
9.830000e+01 4.593215e-17 4.593215e-17
9.840000e+01 4.602681e-17 4.602681e-17
9.850000e+01 4.612147e-17 4.612147e-17
9.860000e+01 4.621613e-17 4.621613e-17
9.870000e+01 4.631080e-17 4.631080e-17
9.880000e+01 4.640546e-17 4.640546e-17
9.890000e+01 4.650012e-17 4.650012e-17
9.900000e+01 4.659478e-17 4.659478e-17
9.910000e+01 4.634623e-17 4.634623e-17
9.920000e+01 4.609768e-17 4.609768e-17
9.930000e+01 4.584913e-17 4.584913e-17
9.940000e+01 4.560058e-17 4.560058e-17
9.950000e+01 4.535202e-17 4.535202e-17
9.960000e+01 4.510347e-17 4.510347e-17
9.970000e+01 4.485492e-17 4.485492e-17
9.980000e+01 4.460637e-17 4.460637e-17
9.990000e+01 4.435782e-17 4.435782e-17
1.000000e+02 4.410927e-17 4.410927e-17
1.001000e+02 4.380200e-17 4.380200e-17
1.002000e+02 4.349473e-17 4.349473e-17
1.003000e+02 4.318746e-17 4.318746e-17
1.004000e+02 4.288019e-17 4.288019e-17
1.005000e+02 4.257292e-17 4.257292e-17
1.006000e+02 4.226565e-17 4.226565e-17
1.007000e+02 4.195838e-17 4.195838e-17
1.008000e+02 4.165111e-17 4.165111e-17
1.009000e+02 4.134384e-17 4.134384e-17
1.010000e+02 4.103657e-17 4.103657e-17
1.011000e+02 4.055066e-17 4.055066e-17
1.012000e+02 4.006474e-17 4.006474e-17
1.013000e+02 3.957883e-17 3.957883e-17
1.014000e+02 3.909291e-17 3.909291e-17
1.015000e+02 3.860700e-17 3.860700e-17
1.016000e+02 3.812108e-17 3.812108e-17
1.017000e+02 3.763517e-17 3.763517e-17
1.018000e+02 3.714925e-17 3.714925e-17
1.019000e+02 3.666334e-17 3.666334e-17
1.020000e+02 3.617742e-17 3.617742e-17
1.021000e+02 3.576843e-17 3.576843e-17
1.022000e+02 3.535944e-17 3.535944e-17
1.023000e+02 3.495045e-17 3.495045e-17
1.024000e+02 3.454146e-17 3.454146e-17
1.025000e+02 3.413247e-17 3.413247e-17
1.026000e+02 3.372348e-17 3.372348e-17
1.027000e+02 3.331449e-17 3.331449e-17
1.028000e+02 3.290551e-17 3.290551e-17
1.029000e+02 3.249652e-17 3.249652e-17
1.030000e+02 3.208753e-17 3.208753e-17
1.031000e+02 3.181705e-17 3.181705e-17
1.032000e+02 3.154658e-17 3.154658e-17
1.033000e+02 3.127610e-17 3.127610e-17
1.034000e+02 3.100563e-17 3.100563e-17
1.035000e+02 3.073516e-17 3.073516e-17
1.036000e+02 3.046468e-17 3.046468e-17
1.037000e+02 3.019421e-17 3.019421e-17
1.038000e+02 2.992373e-17 2.992373e-17
1.039000e+02 2.965326e-17 2.965326e-17
1.040000e+02 2.938279e-17 2.938279e-17
1.041000e+02 2.909710e-17 2.909710e-17
1.042000e+02 2.881141e-17 2.881141e-17
1.043000e+02 2.852572e-17 2.852572e-17
1.044000e+02 2.824003e-17 2.824003e-17
1.045000e+02 2.795434e-17 2.795434e-17
1.046000e+02 2.766866e-17 2.766866e-17
1.047000e+02 2.738297e-17 2.738297e-17
1.048000e+02 2.709728e-17 2.709728e-17
1.049000e+02 2.681159e-17 2.681159e-17
1.050000e+02 2.652590e-17 2.652590e-17
1.051000e+02 2.620835e-17 2.620835e-17
1.052000e+02 2.589081e-17 2.589081e-17
1.053000e+02 2.557326e-17 2.557326e-17
1.054000e+02 2.525571e-17 2.525571e-17
1.055000e+02 2.493816e-17 2.493816e-17
1.056000e+02 2.462062e-17 2.462062e-17
1.057000e+02 2.430307e-17 2.430307e-17
1.058000e+02 2.398552e-17 2.398552e-17
1.059000e+02 2.366798e-17 2.366798e-17
1.060000e+02 2.335043e-17 2.335043e-17
1.061000e+02 2.324416e-17 2.324416e-17
1.062000e+02 2.313788e-17 2.313788e-17
1.063000e+02 2.303161e-17 2.303161e-17
1.064000e+02 2.292534e-17 2.292534e-17
1.065000e+02 2.281907e-17 2.281907e-17
1.066000e+02 2.271279e-17 2.271279e-17
1.067000e+02 2.260652e-17 2.260652e-17
1.068000e+02 2.250025e-17 2.250025e-17
1.069000e+02 2.239398e-17 2.239398e-17
1.070000e+02 2.228770e-17 2.228770e-17
1.071000e+02 2.219546e-17 2.219546e-17
1.072000e+02 2.210322e-17 2.210322e-17
1.073000e+02 2.201098e-17 2.201098e-17
1.074000e+02 2.191874e-17 2.191874e-17
1.075000e+02 2.182650e-17 2.182650e-17
1.076000e+02 2.173425e-17 2.173425e-17
1.077000e+02 2.164201e-17 2.164201e-17
1.078000e+02 2.154977e-17 2.154977e-17
1.079000e+02 2.145753e-17 2.145753e-17
1.080000e+02 2.136529e-17 2.136529e-17
1.081000e+02 2.097310e-17 2.097310e-17
1.082000e+02 2.058092e-17 2.058092e-17
1.083000e+02 2.018874e-17 2.018874e-17
1.084000e+02 1.979656e-17 1.979656e-17
1.085000e+02 1.940438e-17 1.940438e-17
1.086000e+02 1.901219e-17 1.901219e-17
1.087000e+02 1.862001e-17 1.862001e-17
1.088000e+02 1.822783e-17 1.822783e-17
1.089000e+02 1.783565e-17 1.783565e-17
1.090000e+02 1.744346e-17 1.744346e-17
1.091000e+02 1.710560e-17 1.710560e-17
1.092000e+02 1.676774e-17 1.676774e-17
1.093000e+02 1.642988e-17 1.642988e-17
1.094000e+02 1.609202e-17 1.609202e-17
1.095000e+02 1.575416e-17 1.575416e-17
1.096000e+02 1.541629e-17 1.541629e-17
1.097000e+02 1.507843e-17 1.507843e-17
1.098000e+02 1.474057e-17 1.474057e-17
1.099000e+02 1.440271e-17 1.440271e-17
1.100000e+02 1.406485e-17 1.406485e-17
1.101000e+02 1.366062e-17 1.366062e-17
1.102000e+02 1.325640e-17 1.325640e-17
1.103000e+02 1.285217e-17 1.285217e-17
1.104000e+02 1.244795e-17 1.244795e-17
1.105000e+02 1.204372e-17 1.204372e-17
1.106000e+02 1.163950e-17 1.163950e-17
1.107000e+02 1.123527e-17 1.123527e-17
1.108000e+02 1.083105e-17 1.083105e-17
1.109000e+02 1.042682e-17 1.042682e-17
1.110000e+02 1.002260e-17 1.002260e-17
1.111000e+02 9.631598e-18 9.631598e-18
1.112000e+02 9.240597e-18 9.240597e-18
1.113000e+02 8.849597e-18 8.849597e-18
1.114000e+02 8.458596e-18 8.458596e-18
1.115000e+02 8.067596e-18 8.067596e-18
1.116000e+02 7.676595e-18 7.676595e-18
1.117000e+02 7.285594e-18 7.285594e-18
1.118000e+02 6.894594e-18 6.894594e-18
1.119000e+02 6.503593e-18 6.503593e-18
1.120000e+02 6.112593e-18 6.112593e-18
1.121000e+02 5.778660e-18 5.778660e-18
1.122000e+02 5.444728e-18 5.444728e-18
1.123000e+02 5.110795e-18 5.110795e-18
1.124000e+02 4.776863e-18 4.776863e-18
1.125000e+02 4.442931e-18 4.442931e-18
1.126000e+02 4.108998e-18 4.108998e-18
1.127000e+02 3.775066e-18 3.775066e-18
1.128000e+02 3.441134e-18 3.441134e-18
1.129000e+02 3.107201e-18 3.107201e-18
1.130000e+02 2.773269e-18 2.773269e-18
1.131000e+02 2.612455e-18 2.612455e-18
1.132000e+02 2.451642e-18 2.451642e-18
1.133000e+02 2.290828e-18 2.290828e-18
1.134000e+02 2.130015e-18 2.130015e-18
1.135000e+02 1.969201e-18 1.969201e-18
1.136000e+02 1.808388e-18 1.808388e-18
1.137000e+02 1.647574e-18 1.647574e-18
1.138000e+02 1.486760e-18 1.486760e-18
1.139000e+02 1.325947e-18 1.325947e-18
1.140000e+02 1.165133e-18 1.165133e-18
1.141000e+02 1.100193e-18 1.100193e-18
1.142000e+02 1.035252e-18 1.035252e-18
1.143000e+02 9.703120e-19 9.703120e-19
1.144000e+02 9.053716e-19 9.053716e-19
1.145000e+02 8.404312e-19 8.404312e-19
1.146000e+02 7.754907e-19 7.754907e-19
1.147000e+02 7.105503e-19 7.105503e-19
1.148000e+02 6.456099e-19 6.456099e-19
1.149000e+02 5.806694e-19 5.806694e-19
1.150000e+02 5.157290e-19 5.157290e-19
1.151000e+02 4.873859e-19 4.873859e-19
1.152000e+02 4.590428e-19 4.590428e-19
1.153000e+02 4.306997e-19 4.306997e-19
1.154000e+02 4.023566e-19 4.023566e-19
1.155000e+02 3.740134e-19 3.740134e-19
1.156000e+02 3.456703e-19 3.456703e-19
1.157000e+02 3.173272e-19 3.173272e-19
1.158000e+02 2.889841e-19 2.889841e-19
1.159000e+02 2.606410e-19 2.606410e-19
1.160000e+02 2.322979e-19 2.322979e-19
1.161000e+02 2.212695e-19 2.212695e-19
1.162000e+02 2.102412e-19 2.102412e-19
1.163000e+02 1.992129e-19 1.992129e-19
1.164000e+02 1.881846e-19 1.881846e-19
1.165000e+02 1.771562e-19 1.771562e-19
1.166000e+02 1.661279e-19 1.661279e-19
1.167000e+02 1.550996e-19 1.550996e-19
1.168000e+02 1.440713e-19 1.440713e-19
1.169000e+02 1.330429e-19 1.330429e-19
1.170000e+02 1.220146e-19 1.220146e-19
1.171000e+02 1.192221e-19 1.192221e-19
1.172000e+02 1.164295e-19 1.164295e-19
1.173000e+02 1.136370e-19 1.136370e-19
1.174000e+02 1.108445e-19 1.108445e-19
1.175000e+02 1.080519e-19 1.080519e-19
1.176000e+02 1.052594e-19 1.052594e-19
1.177000e+02 1.024668e-19 1.024668e-19
1.178000e+02 9.967431e-20 9.967431e-20
1.179000e+02 9.688177e-20 9.688177e-20
1.180000e+02 9.408923e-20 9.408923e-20
1.181000e+02 9.281647e-20 9.281647e-20
1.182000e+02 9.154371e-20 9.154371e-20
1.183000e+02 9.027095e-20 9.027095e-20
1.184000e+02 8.899819e-20 8.899819e-20
1.185000e+02 8.772543e-20 8.772543e-20
1.186000e+02 8.645267e-20 8.645267e-20
1.187000e+02 8.517990e-20 8.517990e-20
1.188000e+02 8.390714e-20 8.390714e-20
1.189000e+02 8.263438e-20 8.263438e-20
1.190000e+02 8.136162e-20 8.136162e-20
1.191000e+02 8.101903e-20 8.101903e-20
1.192000e+02 8.067645e-20 8.067645e-20
1.193000e+02 8.033386e-20 8.033386e-20
1.194000e+02 7.999127e-20 7.999127e-20
1.195000e+02 7.964868e-20 7.964868e-20
1.196000e+02 7.930610e-20 7.930610e-20
1.197000e+02 7.896351e-20 7.896351e-20
1.198000e+02 7.862092e-20 7.862092e-20
1.199000e+02 7.827833e-20 7.827833e-20
1.200000e+02 7.793575e-20 7.793575e-20
1.201000e+02 7.763363e-20 7.763363e-20
1.202000e+02 7.733151e-20 7.733151e-20
1.203000e+02 7.702939e-20 7.702939e-20
1.204000e+02 7.672728e-20 7.672728e-20
1.205000e+02 7.642516e-20 7.642516e-20
1.206000e+02 7.612304e-20 7.612304e-20
1.207000e+02 7.582092e-20 7.582092e-20
1.208000e+02 7.551881e-20 7.551881e-20
1.209000e+02 7.521669e-20 7.521669e-20
1.210000e+02 7.491457e-20 7.491457e-20
1.211000e+02 7.476779e-20 7.476779e-20
1.212000e+02 7.462100e-20 7.462100e-20
1.213000e+02 7.447422e-20 7.447422e-20
1.214000e+02 7.432744e-20 7.432744e-20
1.215000e+02 7.418066e-20 7.418066e-20
1.216000e+02 7.403387e-20 7.403387e-20
1.217000e+02 7.388709e-20 7.388709e-20
1.218000e+02 7.374031e-20 7.374031e-20
1.219000e+02 7.359353e-20 7.359353e-20
1.220000e+02 7.344674e-20 7.344674e-20
1.221000e+02 7.354536e-20 7.354536e-20
1.222000e+02 7.364397e-20 7.364397e-20
1.223000e+02 7.374259e-20 7.374259e-20
1.224000e+02 7.384120e-20 7.384120e-20
1.225000e+02 7.393982e-20 7.393982e-20
1.226000e+02 7.403843e-20 7.403843e-20
1.227000e+02 7.413704e-20 7.413704e-20
1.228000e+02 7.423566e-20 7.423566e-20
1.229000e+02 7.433427e-20 7.433427e-20
1.230000e+02 7.443289e-20 7.443289e-20
1.231000e+02 7.424335e-20 7.424335e-20
1.232000e+02 7.405381e-20 7.405381e-20
1.233000e+02 7.386428e-20 7.386428e-20
1.234000e+02 7.367474e-20 7.367474e-20
1.235000e+02 7.348521e-20 7.348521e-20
1.236000e+02 7.329567e-20 7.329567e-20
1.237000e+02 7.310613e-20 7.310613e-20
1.238000e+02 7.291660e-20 7.291660e-20
1.239000e+02 7.272706e-20 7.272706e-20
1.240000e+02 7.253752e-20 7.253752e-20
1.241000e+02 7.232604e-20 7.232604e-20
1.242000e+02 7.211456e-20 7.211456e-20
1.243000e+02 7.190308e-20 7.190308e-20
1.244000e+02 7.169161e-20 7.169161e-20
1.245000e+02 7.148013e-20 7.148013e-20
1.246000e+02 7.126865e-20 7.126865e-20
1.247000e+02 7.105717e-20 7.105717e-20
1.248000e+02 7.084569e-20 7.084569e-20
1.249000e+02 7.063421e-20 7.063421e-20
1.250000e+02 7.042273e-20 7.042273e-20
1.251000e+02 7.011039e-20 7.011039e-20
1.252000e+02 6.979806e-20 6.979806e-20
1.253000e+02 6.948573e-20 6.948573e-20
1.254000e+02 6.917339e-20 6.917339e-20
1.255000e+02 6.886106e-20 6.886106e-20
1.256000e+02 6.854872e-20 6.854872e-20
1.257000e+02 6.823639e-20 6.823639e-20
1.258000e+02 6.792406e-20 6.792406e-20
1.259000e+02 6.761172e-20 6.761172e-20
1.260000e+02 6.729939e-20 6.729939e-20
1.261000e+02 6.688090e-20 6.688090e-20
1.262000e+02 6.646242e-20 6.646242e-20
1.263000e+02 6.604393e-20 6.604393e-20
1.264000e+02 6.562545e-20 6.562545e-20
1.265000e+02 6.520696e-20 6.520696e-20
1.266000e+02 6.478848e-20 6.478848e-20
1.267000e+02 6.436999e-20 6.436999e-20
1.268000e+02 6.395151e-20 6.395151e-20
1.269000e+02 6.353302e-20 6.353302e-20
1.270000e+02 6.311454e-20 6.311454e-20
1.271000e+02 6.272104e-20 6.272104e-20
1.272000e+02 6.232754e-20 6.232754e-20
1.273000e+02 6.193404e-20 6.193404e-20
1.274000e+02 6.154054e-20 6.154054e-20
1.275000e+02 6.114704e-20 6.114704e-20
1.276000e+02 6.075354e-20 6.075354e-20
1.277000e+02 6.036004e-20 6.036004e-20
1.278000e+02 5.996654e-20 5.996654e-20
1.279000e+02 5.957304e-20 5.957304e-20
1.280000e+02 5.917954e-20 5.917954e-20
1.281000e+02 5.871555e-20 5.871555e-20
1.282000e+02 5.825155e-20 5.825155e-20
1.283000e+02 5.778756e-20 5.778756e-20
1.284000e+02 5.732357e-20 5.732357e-20
1.285000e+02 5.685958e-20 5.685958e-20
1.286000e+02 5.639558e-20 5.639558e-20
1.287000e+02 5.593159e-20 5.593159e-20
1.288000e+02 5.546760e-20 5.546760e-20
1.289000e+02 5.500361e-20 5.500361e-20
1.290000e+02 5.453961e-20 5.453961e-20
1.291000e+02 5.407923e-20 5.407923e-20
1.292000e+02 5.361885e-20 5.361885e-20
1.293000e+02 5.315847e-20 5.315847e-20
1.294000e+02 5.269808e-20 5.269808e-20
1.295000e+02 5.223770e-20 5.223770e-20
1.296000e+02 5.177732e-20 5.177732e-20
1.297000e+02 5.131694e-20 5.131694e-20
1.298000e+02 5.085655e-20 5.085655e-20
1.299000e+02 5.039617e-20 5.039617e-20
1.300000e+02 4.993579e-20 4.993579e-20
1.301000e+02 4.945326e-20 4.945326e-20
1.302000e+02 4.897073e-20 4.897073e-20
1.303000e+02 4.848820e-20 4.848820e-20
1.304000e+02 4.800567e-20 4.800567e-20
1.305000e+02 4.752315e-20 4.752315e-20
1.306000e+02 4.704062e-20 4.704062e-20
1.307000e+02 4.655809e-20 4.655809e-20
1.308000e+02 4.607556e-20 4.607556e-20
1.309000e+02 4.559303e-20 4.559303e-20
1.310000e+02 4.511051e-20 4.511051e-20
1.311000e+02 4.459968e-20 4.459968e-20
1.312000e+02 4.408885e-20 4.408885e-20
1.313000e+02 4.357802e-20 4.357802e-20
1.314000e+02 4.306720e-20 4.306720e-20
1.315000e+02 4.255637e-20 4.255637e-20
1.316000e+02 4.204554e-20 4.204554e-20
1.317000e+02 4.153472e-20 4.153472e-20
1.318000e+02 4.102389e-20 4.102389e-20
1.319000e+02 4.051306e-20 4.051306e-20
1.320000e+02 4.000224e-20 4.000224e-20
1.321000e+02 3.956227e-20 3.956227e-20
1.322000e+02 3.912230e-20 3.912230e-20
1.323000e+02 3.868233e-20 3.868233e-20
1.324000e+02 3.824236e-20 3.824236e-20
1.325000e+02 3.780239e-20 3.780239e-20
1.326000e+02 3.736242e-20 3.736242e-20
1.327000e+02 3.692245e-20 3.692245e-20
1.328000e+02 3.648248e-20 3.648248e-20
1.329000e+02 3.604250e-20 3.604250e-20
1.330000e+02 3.560253e-20 3.560253e-20
1.331000e+02 3.532078e-20 3.532078e-20
1.332000e+02 3.503903e-20 3.503903e-20
1.333000e+02 3.475727e-20 3.475727e-20
1.334000e+02 3.447552e-20 3.447552e-20
1.335000e+02 3.419376e-20 3.419376e-20
1.336000e+02 3.391201e-20 3.391201e-20
1.337000e+02 3.363025e-20 3.363025e-20
1.338000e+02 3.334850e-20 3.334850e-20
1.339000e+02 3.306674e-20 3.306674e-20
1.340000e+02 3.278499e-20 3.278499e-20
1.341000e+02 3.261209e-20 3.261209e-20
1.342000e+02 3.243919e-20 3.243919e-20
1.343000e+02 3.226629e-20 3.226629e-20
1.344000e+02 3.209340e-20 3.209340e-20
1.345000e+02 3.192050e-20 3.192050e-20
1.346000e+02 3.174760e-20 3.174760e-20
1.347000e+02 3.157470e-20 3.157470e-20
1.348000e+02 3.140180e-20 3.140180e-20
1.349000e+02 3.122891e-20 3.122891e-20
1.350000e+02 3.105601e-20 3.105601e-20
1.351000e+02 3.099789e-20 3.099789e-20
1.352000e+02 3.093978e-20 3.093978e-20
1.353000e+02 3.088166e-20 3.088166e-20
1.354000e+02 3.082354e-20 3.082354e-20
1.355000e+02 3.076543e-20 3.076543e-20
1.356000e+02 3.070731e-20 3.070731e-20
1.357000e+02 3.064920e-20 3.064920e-20
1.358000e+02 3.059108e-20 3.059108e-20
1.359000e+02 3.053296e-20 3.053296e-20
1.360000e+02 3.047485e-20 3.047485e-20
1.361000e+02 3.036459e-20 3.036459e-20
1.362000e+02 3.025432e-20 3.025432e-20
1.363000e+02 3.014406e-20 3.014406e-20
1.364000e+02 3.003380e-20 3.003380e-20
1.365000e+02 2.992353e-20 2.992353e-20
1.366000e+02 2.981327e-20 2.981327e-20
1.367000e+02 2.970301e-20 2.970301e-20
1.368000e+02 2.959274e-20 2.959274e-20
1.369000e+02 2.948248e-20 2.948248e-20
1.370000e+02 2.937222e-20 2.937222e-20
1.371000e+02 2.943168e-20 2.943168e-20
1.372000e+02 2.949115e-20 2.949115e-20
1.373000e+02 2.955061e-20 2.955061e-20
1.374000e+02 2.961007e-20 2.961007e-20
1.375000e+02 2.966954e-20 2.966954e-20
1.376000e+02 2.972900e-20 2.972900e-20
1.377000e+02 2.978847e-20 2.978847e-20
1.378000e+02 2.984793e-20 2.984793e-20
1.379000e+02 2.990739e-20 2.990739e-20
1.380000e+02 2.996686e-20 2.996686e-20
1.381000e+02 3.007913e-20 3.007913e-20
1.382000e+02 3.019140e-20 3.019140e-20
1.383000e+02 3.030368e-20 3.030368e-20
1.384000e+02 3.041595e-20 3.041595e-20
1.385000e+02 3.052822e-20 3.052822e-20
1.386000e+02 3.064050e-20 3.064050e-20
1.387000e+02 3.075277e-20 3.075277e-20
1.388000e+02 3.086504e-20 3.086504e-20
1.389000e+02 3.097732e-20 3.097732e-20
1.390000e+02 3.108959e-20 3.108959e-20
1.391000e+02 3.134582e-20 3.134582e-20
1.392000e+02 3.160205e-20 3.160205e-20
1.393000e+02 3.185828e-20 3.185828e-20
1.394000e+02 3.211451e-20 3.211451e-20
1.395000e+02 3.237074e-20 3.237074e-20
1.396000e+02 3.262697e-20 3.262697e-20
1.397000e+02 3.288320e-20 3.288320e-20
1.398000e+02 3.313943e-20 3.313943e-20
1.399000e+02 3.339566e-20 3.339566e-20
1.400000e+02 3.365189e-20 3.365189e-20
1.401000e+02 3.393359e-20 3.393359e-20
1.402000e+02 3.421529e-20 3.421529e-20
1.403000e+02 3.449699e-20 3.449699e-20
1.404000e+02 3.477869e-20 3.477869e-20
1.405000e+02 3.506038e-20 3.506038e-20
1.406000e+02 3.534208e-20 3.534208e-20
1.407000e+02 3.562378e-20 3.562378e-20
1.408000e+02 3.590548e-20 3.590548e-20
1.409000e+02 3.618718e-20 3.618718e-20
1.410000e+02 3.646888e-20 3.646888e-20
1.411000e+02 3.670125e-20 3.670125e-20
1.412000e+02 3.693362e-20 3.693362e-20
1.413000e+02 3.716598e-20 3.716598e-20
1.414000e+02 3.739835e-20 3.739835e-20
1.415000e+02 3.763072e-20 3.763072e-20
1.416000e+02 3.786308e-20 3.786308e-20
1.417000e+02 3.809545e-20 3.809545e-20
1.418000e+02 3.832782e-20 3.832782e-20
1.419000e+02 3.856019e-20 3.856019e-20
1.420000e+02 3.879255e-20 3.879255e-20
1.421000e+02 3.898979e-20 3.898979e-20
1.422000e+02 3.918703e-20 3.918703e-20
1.423000e+02 3.938428e-20 3.938428e-20
1.424000e+02 3.958152e-20 3.958152e-20
1.425000e+02 3.977876e-20 3.977876e-20
1.426000e+02 3.997600e-20 3.997600e-20
1.427000e+02 4.017324e-20 4.017324e-20
1.428000e+02 4.037048e-20 4.037048e-20
1.429000e+02 4.056772e-20 4.056772e-20
1.430000e+02 4.076496e-20 4.076496e-20
1.431000e+02 4.101286e-20 4.101286e-20
1.432000e+02 4.126076e-20 4.126076e-20
1.433000e+02 4.150866e-20 4.150866e-20
1.434000e+02 4.175657e-20 4.175657e-20
1.435000e+02 4.200447e-20 4.200447e-20
1.436000e+02 4.225237e-20 4.225237e-20
1.437000e+02 4.250027e-20 4.250027e-20
1.438000e+02 4.274817e-20 4.274817e-20
1.439000e+02 4.299607e-20 4.299607e-20
1.440000e+02 4.324397e-20 4.324397e-20
1.441000e+02 4.338321e-20 4.338321e-20
1.442000e+02 4.352245e-20 4.352245e-20
1.443000e+02 4.366169e-20 4.366169e-20
1.444000e+02 4.380093e-20 4.380093e-20
1.445000e+02 4.394017e-20 4.394017e-20
1.446000e+02 4.407941e-20 4.407941e-20
1.447000e+02 4.421865e-20 4.421865e-20
1.448000e+02 4.435789e-20 4.435789e-20
1.449000e+02 4.449713e-20 4.449713e-20
1.450000e+02 4.463637e-20 4.463637e-20
1.451000e+02 4.471125e-20 4.471125e-20
1.452000e+02 4.478613e-20 4.478613e-20
1.453000e+02 4.486102e-20 4.486102e-20
1.454000e+02 4.493590e-20 4.493590e-20
1.455000e+02 4.501078e-20 4.501078e-20
1.456000e+02 4.508566e-20 4.508566e-20
1.457000e+02 4.516055e-20 4.516055e-20
1.458000e+02 4.523543e-20 4.523543e-20
1.459000e+02 4.531031e-20 4.531031e-20
1.460000e+02 4.538519e-20 4.538519e-20
1.461000e+02 4.548198e-20 4.548198e-20
1.462000e+02 4.557876e-20 4.557876e-20
1.463000e+02 4.567555e-20 4.567555e-20
1.464000e+02 4.577233e-20 4.577233e-20
1.465000e+02 4.586911e-20 4.586911e-20
1.466000e+02 4.596590e-20 4.596590e-20
1.467000e+02 4.606268e-20 4.606268e-20
1.468000e+02 4.615947e-20 4.615947e-20
1.469000e+02 4.625625e-20 4.625625e-20
1.470000e+02 4.635303e-20 4.635303e-20
1.471000e+02 4.629766e-20 4.629766e-20
1.472000e+02 4.624229e-20 4.624229e-20
1.473000e+02 4.618692e-20 4.618692e-20
1.474000e+02 4.613155e-20 4.613155e-20
1.475000e+02 4.607617e-20 4.607617e-20
1.476000e+02 4.602080e-20 4.602080e-20
1.477000e+02 4.596543e-20 4.596543e-20
1.478000e+02 4.591006e-20 4.591006e-20
1.479000e+02 4.585469e-20 4.585469e-20
1.480000e+02 4.579932e-20 4.579932e-20
1.481000e+02 4.570423e-20 4.570423e-20
1.482000e+02 4.560914e-20 4.560914e-20
1.483000e+02 4.551405e-20 4.551405e-20
1.484000e+02 4.541896e-20 4.541896e-20
1.485000e+02 4.532387e-20 4.532387e-20
1.486000e+02 4.522878e-20 4.522878e-20
1.487000e+02 4.513369e-20 4.513369e-20
1.488000e+02 4.503861e-20 4.503861e-20
1.489000e+02 4.494352e-20 4.494352e-20
1.490000e+02 4.484843e-20 4.484843e-20
1.491000e+02 4.460389e-20 4.460389e-20
1.492000e+02 4.435936e-20 4.435936e-20
1.493000e+02 4.411482e-20 4.411482e-20
1.494000e+02 4.387028e-20 4.387028e-20
1.495000e+02 4.362575e-20 4.362575e-20
1.496000e+02 4.338121e-20 4.338121e-20
1.497000e+02 4.313668e-20 4.313668e-20
1.498000e+02 4.289214e-20 4.289214e-20
1.499000e+02 4.264760e-20 4.264760e-20
1.500000e+02 4.240307e-20 4.240307e-20
1.501000e+02 4.211740e-20 4.211740e-20
1.502000e+02 4.183173e-20 4.183173e-20
1.503000e+02 4.154607e-20 4.154607e-20
1.504000e+02 4.126040e-20 4.126040e-20
1.505000e+02 4.097473e-20 4.097473e-20
1.506000e+02 4.068907e-20 4.068907e-20
1.507000e+02 4.040340e-20 4.040340e-20
1.508000e+02 4.011773e-20 4.011773e-20
1.509000e+02 3.983206e-20 3.983206e-20
1.510000e+02 3.954640e-20 3.954640e-20
1.511000e+02 3.924950e-20 3.924950e-20
1.512000e+02 3.895261e-20 3.895261e-20
1.513000e+02 3.865572e-20 3.865572e-20
1.514000e+02 3.835883e-20 3.835883e-20
1.515000e+02 3.806194e-20 3.806194e-20
1.516000e+02 3.776504e-20 3.776504e-20
1.517000e+02 3.746815e-20 3.746815e-20
1.518000e+02 3.717126e-20 3.717126e-20
1.519000e+02 3.687437e-20 3.687437e-20
1.520000e+02 3.657748e-20 3.657748e-20
1.521000e+02 3.624894e-20 3.624894e-20
1.522000e+02 3.592040e-20 3.592040e-20
1.523000e+02 3.559186e-20 3.559186e-20
1.524000e+02 3.526333e-20 3.526333e-20
1.525000e+02 3.493479e-20 3.493479e-20
1.526000e+02 3.460625e-20 3.460625e-20
1.527000e+02 3.427772e-20 3.427772e-20
1.528000e+02 3.394918e-20 3.394918e-20
1.529000e+02 3.362064e-20 3.362064e-20
1.530000e+02 3.329210e-20 3.329210e-20
1.531000e+02 3.297360e-20 3.297360e-20
1.532000e+02 3.265509e-20 3.265509e-20
1.533000e+02 3.233658e-20 3.233658e-20
1.534000e+02 3.201807e-20 3.201807e-20
1.535000e+02 3.169956e-20 3.169956e-20
1.536000e+02 3.138105e-20 3.138105e-20
1.537000e+02 3.106254e-20 3.106254e-20
1.538000e+02 3.074403e-20 3.074403e-20
1.539000e+02 3.042552e-20 3.042552e-20
1.540000e+02 3.010702e-20 3.010702e-20
1.541000e+02 2.979001e-20 2.979001e-20
1.542000e+02 2.947301e-20 2.947301e-20
1.543000e+02 2.915601e-20 2.915601e-20
1.544000e+02 2.883901e-20 2.883901e-20
1.545000e+02 2.852201e-20 2.852201e-20
1.546000e+02 2.820501e-20 2.820501e-20
1.547000e+02 2.788801e-20 2.788801e-20
1.548000e+02 2.757101e-20 2.757101e-20
1.549000e+02 2.725401e-20 2.725401e-20
1.550000e+02 2.693701e-20 2.693701e-20
1.551000e+02 2.662812e-20 2.662812e-20
1.552000e+02 2.631924e-20 2.631924e-20
1.553000e+02 2.601035e-20 2.601035e-20
1.554000e+02 2.570147e-20 2.570147e-20
1.555000e+02 2.539258e-20 2.539258e-20
1.556000e+02 2.508370e-20 2.508370e-20
1.557000e+02 2.477481e-20 2.477481e-20
1.558000e+02 2.446593e-20 2.446593e-20
1.559000e+02 2.415704e-20 2.415704e-20
1.560000e+02 2.384816e-20 2.384816e-20
1.561000e+02 2.354778e-20 2.354778e-20
1.562000e+02 2.324740e-20 2.324740e-20
1.563000e+02 2.294703e-20 2.294703e-20
1.564000e+02 2.264665e-20 2.264665e-20
1.565000e+02 2.234627e-20 2.234627e-20
1.566000e+02 2.204589e-20 2.204589e-20
1.567000e+02 2.174551e-20 2.174551e-20
1.568000e+02 2.144513e-20 2.144513e-20
1.569000e+02 2.114476e-20 2.114476e-20
1.570000e+02 2.084438e-20 2.084438e-20
1.571000e+02 2.054788e-20 2.054788e-20
1.572000e+02 2.025138e-20 2.025138e-20
1.573000e+02 1.995488e-20 1.995488e-20
1.574000e+02 1.965838e-20 1.965838e-20
1.575000e+02 1.936188e-20 1.936188e-20
1.576000e+02 1.906538e-20 1.906538e-20
1.577000e+02 1.876888e-20 1.876888e-20
1.578000e+02 1.847238e-20 1.847238e-20
1.579000e+02 1.817588e-20 1.817588e-20
1.580000e+02 1.787938e-20 1.787938e-20
1.581000e+02 1.758812e-20 1.758812e-20
1.582000e+02 1.729686e-20 1.729686e-20
1.583000e+02 1.700559e-20 1.700559e-20
1.584000e+02 1.671433e-20 1.671433e-20
1.585000e+02 1.642307e-20 1.642307e-20
1.586000e+02 1.613181e-20 1.613181e-20
1.587000e+02 1.584054e-20 1.584054e-20
1.588000e+02 1.554928e-20 1.554928e-20
1.589000e+02 1.525802e-20 1.525802e-20
1.590000e+02 1.496676e-20 1.496676e-20
1.591000e+02 1.467954e-20 1.467954e-20
1.592000e+02 1.439232e-20 1.439232e-20
1.593000e+02 1.410510e-20 1.410510e-20
1.594000e+02 1.381788e-20 1.381788e-20
1.595000e+02 1.353066e-20 1.353066e-20
1.596000e+02 1.324344e-20 1.324344e-20
1.597000e+02 1.295622e-20 1.295622e-20
1.598000e+02 1.266900e-20 1.266900e-20
1.599000e+02 1.238178e-20 1.238178e-20
1.600000e+02 1.209456e-20 1.209456e-20
1.601000e+02 1.184655e-20 1.184655e-20
1.602000e+02 1.159854e-20 1.159854e-20
1.603000e+02 1.135054e-20 1.135054e-20
1.604000e+02 1.110253e-20 1.110253e-20
1.605000e+02 1.085452e-20 1.085452e-20
1.606000e+02 1.060651e-20 1.060651e-20
1.607000e+02 1.035851e-20 1.035851e-20
1.608000e+02 1.011050e-20 1.011050e-20
1.609000e+02 9.862492e-21 9.862492e-21
1.610000e+02 9.614485e-21 9.614485e-21
1.611000e+02 9.450708e-21 9.450708e-21
1.612000e+02 9.286932e-21 9.286932e-21
1.613000e+02 9.123156e-21 9.123156e-21
1.614000e+02 8.959380e-21 8.959380e-21
1.615000e+02 8.795604e-21 8.795604e-21
1.616000e+02 8.631828e-21 8.631828e-21
1.617000e+02 8.468052e-21 8.468052e-21
1.618000e+02 8.304276e-21 8.304276e-21
1.619000e+02 8.140500e-21 8.140500e-21
1.620000e+02 7.976724e-21 7.976724e-21
1.621000e+02 7.813819e-21 7.813819e-21
1.622000e+02 7.650914e-21 7.650914e-21
1.623000e+02 7.488009e-21 7.488009e-21
1.624000e+02 7.325105e-21 7.325105e-21
1.625000e+02 7.162200e-21 7.162200e-21
1.626000e+02 6.999295e-21 6.999295e-21
1.627000e+02 6.836390e-21 6.836390e-21
1.628000e+02 6.673485e-21 6.673485e-21
1.629000e+02 6.510581e-21 6.510581e-21
1.630000e+02 6.347676e-21 6.347676e-21
1.631000e+02 6.189936e-21 6.189936e-21
1.632000e+02 6.032197e-21 6.032197e-21
1.633000e+02 5.874457e-21 5.874457e-21
1.634000e+02 5.716718e-21 5.716718e-21
1.635000e+02 5.558978e-21 5.558978e-21
1.636000e+02 5.401239e-21 5.401239e-21
1.637000e+02 5.243500e-21 5.243500e-21
1.638000e+02 5.085760e-21 5.085760e-21
1.639000e+02 4.928021e-21 4.928021e-21
1.640000e+02 4.770281e-21 4.770281e-21
1.641000e+02 4.668111e-21 4.668111e-21
1.642000e+02 4.565940e-21 4.565940e-21
1.643000e+02 4.463769e-21 4.463769e-21
1.644000e+02 4.361599e-21 4.361599e-21
1.645000e+02 4.259428e-21 4.259428e-21
1.646000e+02 4.157258e-21 4.157258e-21
1.647000e+02 4.055087e-21 4.055087e-21
1.648000e+02 3.952916e-21 3.952916e-21
1.649000e+02 3.850746e-21 3.850746e-21
1.650000e+02 3.748575e-21 3.748575e-21
1.651000e+02 3.671560e-21 3.671560e-21
1.652000e+02 3.594546e-21 3.594546e-21
1.653000e+02 3.517531e-21 3.517531e-21
1.654000e+02 3.440516e-21 3.440516e-21
1.655000e+02 3.363502e-21 3.363502e-21
1.656000e+02 3.286487e-21 3.286487e-21
1.657000e+02 3.209472e-21 3.209472e-21
1.658000e+02 3.132457e-21 3.132457e-21
1.659000e+02 3.055443e-21 3.055443e-21
1.660000e+02 2.978428e-21 2.978428e-21
1.661000e+02 2.903379e-21 2.903379e-21
1.662000e+02 2.828330e-21 2.828330e-21
1.663000e+02 2.753281e-21 2.753281e-21
1.664000e+02 2.678232e-21 2.678232e-21
1.665000e+02 2.603183e-21 2.603183e-21
1.666000e+02 2.528134e-21 2.528134e-21
1.667000e+02 2.453085e-21 2.453085e-21
1.668000e+02 2.378036e-21 2.378036e-21
1.669000e+02 2.302987e-21 2.302987e-21
1.670000e+02 2.227938e-21 2.227938e-21
1.671000e+02 2.153631e-21 2.153631e-21
1.672000e+02 2.079324e-21 2.079324e-21
1.673000e+02 2.005018e-21 2.005018e-21
1.674000e+02 1.930711e-21 1.930711e-21
1.675000e+02 1.856404e-21 1.856404e-21
1.676000e+02 1.782097e-21 1.782097e-21
1.677000e+02 1.707791e-21 1.707791e-21
1.678000e+02 1.633484e-21 1.633484e-21
1.679000e+02 1.559177e-21 1.559177e-21
1.680000e+02 1.484870e-21 1.484870e-21
1.681000e+02 1.455100e-21 1.455100e-21
1.682000e+02 1.425330e-21 1.425330e-21
1.683000e+02 1.395560e-21 1.395560e-21
1.684000e+02 1.365789e-21 1.365789e-21
1.685000e+02 1.336019e-21 1.336019e-21
1.686000e+02 1.306249e-21 1.306249e-21
1.687000e+02 1.276479e-21 1.276479e-21
1.688000e+02 1.246709e-21 1.246709e-21
1.689000e+02 1.216939e-21 1.216939e-21
1.690000e+02 1.187168e-21 1.187168e-21
1.691000e+02 1.160013e-21 1.160013e-21
1.692000e+02 1.132857e-21 1.132857e-21
1.693000e+02 1.105701e-21 1.105701e-21
1.694000e+02 1.078546e-21 1.078546e-21
1.695000e+02 1.051390e-21 1.051390e-21
1.696000e+02 1.024234e-21 1.024234e-21
1.697000e+02 9.970788e-22 9.970788e-22
1.698000e+02 9.699231e-22 9.699231e-22
1.699000e+02 9.427675e-22 9.427675e-22
1.700000e+02 9.156118e-22 9.156118e-22
1.701000e+02 8.905560e-22 8.905560e-22
1.702000e+02 8.655001e-22 8.655001e-22
1.703000e+02 8.404442e-22 8.404442e-22
1.704000e+02 8.153884e-22 8.153884e-22
1.705000e+02 7.903325e-22 7.903325e-22
1.706000e+02 7.652767e-22 7.652767e-22
1.707000e+02 7.402208e-22 7.402208e-22
1.708000e+02 7.151649e-22 7.151649e-22
1.709000e+02 6.901091e-22 6.901091e-22
1.710000e+02 6.650532e-22 6.650532e-22
1.711000e+02 6.400269e-22 6.400269e-22
1.712000e+02 6.150006e-22 6.150006e-22
1.713000e+02 5.899743e-22 5.899743e-22
1.714000e+02 5.649480e-22 5.649480e-22
1.715000e+02 5.399217e-22 5.399217e-22
1.716000e+02 5.148954e-22 5.148954e-22
1.717000e+02 4.898691e-22 4.898691e-22
1.718000e+02 4.648428e-22 4.648428e-22
1.719000e+02 4.398165e-22 4.398165e-22
1.720000e+02 4.147901e-22 4.147901e-22
1.721000e+02 4.082739e-22 4.082739e-22
1.722000e+02 4.017577e-22 4.017577e-22
1.723000e+02 3.952415e-22 3.952415e-22
1.724000e+02 3.887253e-22 3.887253e-22
1.725000e+02 3.822091e-22 3.822091e-22
1.726000e+02 3.756929e-22 3.756929e-22
1.727000e+02 3.691767e-22 3.691767e-22
1.728000e+02 3.626605e-22 3.626605e-22
1.729000e+02 3.561443e-22 3.561443e-22
1.730000e+02 3.496281e-22 3.496281e-22
1.731000e+02 3.436003e-22 3.436003e-22
1.732000e+02 3.375725e-22 3.375725e-22
1.733000e+02 3.315448e-22 3.315448e-22
1.734000e+02 3.255170e-22 3.255170e-22
1.735000e+02 3.194892e-22 3.194892e-22
1.736000e+02 3.134614e-22 3.134614e-22
1.737000e+02 3.074336e-22 3.074336e-22
1.738000e+02 3.014058e-22 3.014058e-22
1.739000e+02 2.953781e-22 2.953781e-22
1.740000e+02 2.893503e-22 2.893503e-22
1.741000e+02 2.833225e-22 2.833225e-22
1.742000e+02 2.772947e-22 2.772947e-22
1.743000e+02 2.712669e-22 2.712669e-22
1.744000e+02 2.652391e-22 2.652391e-22
1.745000e+02 2.592114e-22 2.592114e-22
1.746000e+02 2.531836e-22 2.531836e-22
1.747000e+02 2.471558e-22 2.471558e-22
1.748000e+02 2.411280e-22 2.411280e-22
1.749000e+02 2.351002e-22 2.351002e-22
1.750000e+02 2.290724e-22 2.290724e-22
1.751000e+02 2.230447e-22 2.230447e-22
1.752000e+02 2.170169e-22 2.170169e-22
1.753000e+02 2.109891e-22 2.109891e-22
1.754000e+02 2.049613e-22 2.049613e-22
1.755000e+02 1.989335e-22 1.989335e-22
1.756000e+02 1.929058e-22 1.929058e-22
1.757000e+02 1.868780e-22 1.868780e-22
1.758000e+02 1.808502e-22 1.808502e-22
1.759000e+02 1.748224e-22 1.748224e-22
1.760000e+02 1.687946e-22 1.687946e-22
1.761000e+02 1.634757e-22 1.634757e-22
1.762000e+02 1.581567e-22 1.581567e-22
1.763000e+02 1.528377e-22 1.528377e-22
1.764000e+02 1.475188e-22 1.475188e-22
1.765000e+02 1.421998e-22 1.421998e-22
1.766000e+02 1.368808e-22 1.368808e-22
1.767000e+02 1.315619e-22 1.315619e-22
1.768000e+02 1.262429e-22 1.262429e-22
1.769000e+02 1.209239e-22 1.209239e-22
1.770000e+02 1.156050e-22 1.156050e-22
1.771000e+02 1.105836e-22 1.105836e-22
1.772000e+02 1.055623e-22 1.055623e-22
1.773000e+02 1.005410e-22 1.005410e-22
1.774000e+02 9.551962e-23 9.551962e-23
1.775000e+02 9.049829e-23 9.049829e-23
1.776000e+02 8.547696e-23 8.547696e-23
1.777000e+02 8.045563e-23 8.045563e-23
1.778000e+02 7.543430e-23 7.543430e-23
1.779000e+02 7.041296e-23 7.041296e-23
1.780000e+02 6.539163e-23 6.539163e-23
1.781000e+02 6.336409e-23 6.336409e-23
1.782000e+02 6.133654e-23 6.133654e-23
1.783000e+02 5.930900e-23 5.930900e-23
1.784000e+02 5.728146e-23 5.728146e-23
1.785000e+02 5.525391e-23 5.525391e-23
1.786000e+02 5.322637e-23 5.322637e-23
1.787000e+02 5.119883e-23 5.119883e-23
1.788000e+02 4.917128e-23 4.917128e-23
1.789000e+02 4.714374e-23 4.714374e-23
1.790000e+02 4.511620e-23 4.511620e-23
1.791000e+02 4.424097e-23 4.424097e-23
1.792000e+02 4.336573e-23 4.336573e-23
1.793000e+02 4.249050e-23 4.249050e-23
1.794000e+02 4.161527e-23 4.161527e-23
1.795000e+02 4.074004e-23 4.074004e-23
1.796000e+02 3.986481e-23 3.986481e-23
1.797000e+02 3.898958e-23 3.898958e-23
1.798000e+02 3.811435e-23 3.811435e-23
1.799000e+02 3.723912e-23 3.723912e-23
1.800000e+02 3.636389e-23 3.636389e-23
1.801000e+02 3.561656e-23 3.561656e-23
1.802000e+02 3.486923e-23 3.486923e-23
1.803000e+02 3.412190e-23 3.412190e-23
1.804000e+02 3.337457e-23 3.337457e-23
1.805000e+02 3.262724e-23 3.262724e-23
1.806000e+02 3.187991e-23 3.187991e-23
1.807000e+02 3.113258e-23 3.113258e-23
1.808000e+02 3.038525e-23 3.038525e-23
1.809000e+02 2.963792e-23 2.963792e-23
1.810000e+02 2.889060e-23 2.889060e-23
1.811000e+02 2.818367e-23 2.818367e-23
1.812000e+02 2.747675e-23 2.747675e-23
1.813000e+02 2.676983e-23 2.676983e-23
1.814000e+02 2.606291e-23 2.606291e-23
1.815000e+02 2.535599e-23 2.535599e-23
1.816000e+02 2.464906e-23 2.464906e-23
1.817000e+02 2.394214e-23 2.394214e-23
1.818000e+02 2.323522e-23 2.323522e-23
1.819000e+02 2.252830e-23 2.252830e-23
1.820000e+02 2.182137e-23 2.182137e-23
1.821000e+02 2.123107e-23 2.123107e-23
1.822000e+02 2.064077e-23 2.064077e-23
1.823000e+02 2.005047e-23 2.005047e-23
1.824000e+02 1.946017e-23 1.946017e-23
1.825000e+02 1.886987e-23 1.886987e-23
1.826000e+02 1.827957e-23 1.827957e-23
1.827000e+02 1.768927e-23 1.768927e-23
1.828000e+02 1.709897e-23 1.709897e-23
1.829000e+02 1.650867e-23 1.650867e-23
1.830000e+02 1.591836e-23 1.591836e-23
1.831000e+02 1.544302e-23 1.544302e-23
1.832000e+02 1.496768e-23 1.496768e-23
1.833000e+02 1.449234e-23 1.449234e-23
1.834000e+02 1.401700e-23 1.401700e-23
1.835000e+02 1.354166e-23 1.354166e-23
1.836000e+02 1.306632e-23 1.306632e-23
1.837000e+02 1.259098e-23 1.259098e-23
1.838000e+02 1.211564e-23 1.211564e-23
1.839000e+02 1.164030e-23 1.164030e-23
1.840000e+02 1.116496e-23 1.116496e-23
1.841000e+02 1.086605e-23 1.086605e-23
1.842000e+02 1.056714e-23 1.056714e-23
1.843000e+02 1.026824e-23 1.026824e-23
1.844000e+02 9.969334e-24 9.969334e-24
1.845000e+02 9.670429e-24 9.670429e-24
1.846000e+02 9.371524e-24 9.371524e-24
1.847000e+02 9.072619e-24 9.072619e-24
1.848000e+02 8.773714e-24 8.773714e-24
1.849000e+02 8.474809e-24 8.474809e-24
1.850000e+02 8.175903e-24 8.175903e-24
1.851000e+02 7.993590e-24 7.993590e-24
1.852000e+02 7.811276e-24 7.811276e-24
1.853000e+02 7.628963e-24 7.628963e-24
1.854000e+02 7.446649e-24 7.446649e-24
1.855000e+02 7.264336e-24 7.264336e-24
1.856000e+02 7.082022e-24 7.082022e-24
1.857000e+02 6.899709e-24 6.899709e-24
1.858000e+02 6.717395e-24 6.717395e-24
1.859000e+02 6.535082e-24 6.535082e-24
1.860000e+02 6.352768e-24 6.352768e-24
1.861000e+02 6.208966e-24 6.208966e-24
1.862000e+02 6.065163e-24 6.065163e-24
1.863000e+02 5.921361e-24 5.921361e-24
1.864000e+02 5.777558e-24 5.777558e-24
1.865000e+02 5.633755e-24 5.633755e-24
1.866000e+02 5.489953e-24 5.489953e-24
1.867000e+02 5.346150e-24 5.346150e-24
1.868000e+02 5.202348e-24 5.202348e-24
1.869000e+02 5.058545e-24 5.058545e-24
1.870000e+02 4.914742e-24 4.914742e-24
1.871000e+02 4.810779e-24 4.810779e-24
1.872000e+02 4.706815e-24 4.706815e-24
1.873000e+02 4.602851e-24 4.602851e-24
1.874000e+02 4.498888e-24 4.498888e-24
1.875000e+02 4.394924e-24 4.394924e-24
1.876000e+02 4.290960e-24 4.290960e-24
1.877000e+02 4.186997e-24 4.186997e-24
1.878000e+02 4.083033e-24 4.083033e-24
1.879000e+02 3.979069e-24 3.979069e-24
1.880000e+02 3.875106e-24 3.875106e-24
1.881000e+02 3.796666e-24 3.796666e-24
1.882000e+02 3.718226e-24 3.718226e-24
1.883000e+02 3.639786e-24 3.639786e-24
1.884000e+02 3.561346e-24 3.561346e-24
1.885000e+02 3.482906e-24 3.482906e-24
1.886000e+02 3.404466e-24 3.404466e-24
1.887000e+02 3.326026e-24 3.326026e-24
1.888000e+02 3.247586e-24 3.247586e-24
1.889000e+02 3.169146e-24 3.169146e-24
1.890000e+02 3.090706e-24 3.090706e-24
1.891000e+02 3.019116e-24 3.019116e-24
1.892000e+02 2.947526e-24 2.947526e-24
1.893000e+02 2.875936e-24 2.875936e-24
1.894000e+02 2.804346e-24 2.804346e-24
1.895000e+02 2.732755e-24 2.732755e-24
1.896000e+02 2.661165e-24 2.661165e-24
1.897000e+02 2.589575e-24 2.589575e-24
1.898000e+02 2.517985e-24 2.517985e-24
1.899000e+02 2.446395e-24 2.446395e-24
1.900000e+02 2.374805e-24 2.374805e-24
1.901000e+02 2.312745e-24 2.312745e-24
1.902000e+02 2.250685e-24 2.250685e-24
1.903000e+02 2.188626e-24 2.188626e-24
1.904000e+02 2.126566e-24 2.126566e-24
1.905000e+02 2.064506e-24 2.064506e-24
1.906000e+02 2.002447e-24 2.002447e-24
1.907000e+02 1.940387e-24 1.940387e-24
1.908000e+02 1.878327e-24 1.878327e-24
1.909000e+02 1.816268e-24 1.816268e-24
1.910000e+02 1.754208e-24 1.754208e-24
1.911000e+02 1.714885e-24 1.714885e-24
1.912000e+02 1.675563e-24 1.675563e-24
1.913000e+02 1.636240e-24 1.636240e-24
1.914000e+02 1.596917e-24 1.596917e-24
1.915000e+02 1.557594e-24 1.557594e-24
1.916000e+02 1.518271e-24 1.518271e-24
1.917000e+02 1.478949e-24 1.478949e-24
1.918000e+02 1.439626e-24 1.439626e-24
1.919000e+02 1.400303e-24 1.400303e-24
1.920000e+02 1.360980e-24 1.360980e-24
1.921000e+02 1.330338e-24 1.330338e-24
1.922000e+02 1.299696e-24 1.299696e-24
1.923000e+02 1.269054e-24 1.269054e-24
1.924000e+02 1.238412e-24 1.238412e-24
1.925000e+02 1.207770e-24 1.207770e-24
1.926000e+02 1.177128e-24 1.177128e-24
1.927000e+02 1.146485e-24 1.146485e-24
1.928000e+02 1.115843e-24 1.115843e-24
1.929000e+02 1.085201e-24 1.085201e-24
1.930000e+02 1.054559e-24 1.054559e-24
1.931000e+02 1.029010e-24 1.029010e-24
1.932000e+02 1.003461e-24 1.003461e-24
1.933000e+02 9.779125e-25 9.779125e-25
1.934000e+02 9.523636e-25 9.523636e-25
1.935000e+02 9.268148e-25 9.268148e-25
1.936000e+02 9.012659e-25 9.012659e-25
1.937000e+02 8.757171e-25 8.757171e-25
1.938000e+02 8.501682e-25 8.501682e-25
1.939000e+02 8.246194e-25 8.246194e-25
1.940000e+02 7.990705e-25 7.990705e-25
1.941000e+02 7.785469e-25 7.785469e-25
1.942000e+02 7.580232e-25 7.580232e-25
1.943000e+02 7.374995e-25 7.374995e-25
1.944000e+02 7.169758e-25 7.169758e-25
1.945000e+02 6.964521e-25 6.964521e-25
1.946000e+02 6.759284e-25 6.759284e-25
1.947000e+02 6.554047e-25 6.554047e-25
1.948000e+02 6.348810e-25 6.348810e-25
1.949000e+02 6.143573e-25 6.143573e-25
1.950000e+02 5.938336e-25 5.938336e-25
1.951000e+02 5.794839e-25 5.794839e-25
1.952000e+02 5.651342e-25 5.651342e-25
1.953000e+02 5.507845e-25 5.507845e-25
1.954000e+02 5.364348e-25 5.364348e-25
1.955000e+02 5.220850e-25 5.220850e-25
1.956000e+02 5.077353e-25 5.077353e-25
1.957000e+02 4.933856e-25 4.933856e-25
1.958000e+02 4.790359e-25 4.790359e-25
1.959000e+02 4.646862e-25 4.646862e-25
1.960000e+02 4.503365e-25 4.503365e-25
1.961000e+02 4.386442e-25 4.386442e-25
1.962000e+02 4.269518e-25 4.269518e-25
1.963000e+02 4.152595e-25 4.152595e-25
1.964000e+02 4.035671e-25 4.035671e-25
1.965000e+02 3.918748e-25 3.918748e-25
1.966000e+02 3.801824e-25 3.801824e-25
1.967000e+02 3.684901e-25 3.684901e-25
1.968000e+02 3.567977e-25 3.567977e-25
1.969000e+02 3.451054e-25 3.451054e-25
1.970000e+02 3.334130e-25 3.334130e-25
1.971000e+02 3.256326e-25 3.256326e-25
1.972000e+02 3.178521e-25 3.178521e-25
1.973000e+02 3.100717e-25 3.100717e-25
1.974000e+02 3.022913e-25 3.022913e-25
1.975000e+02 2.945109e-25 2.945109e-25
1.976000e+02 2.867304e-25 2.867304e-25
1.977000e+02 2.789500e-25 2.789500e-25
1.978000e+02 2.711696e-25 2.711696e-25
1.979000e+02 2.633892e-25 2.633892e-25
1.980000e+02 2.556087e-25 2.556087e-25
1.981000e+02 2.487078e-25 2.487078e-25
1.982000e+02 2.418069e-25 2.418069e-25
1.983000e+02 2.349059e-25 2.349059e-25
1.984000e+02 2.280050e-25 2.280050e-25
1.985000e+02 2.211041e-25 2.211041e-25
1.986000e+02 2.142032e-25 2.142032e-25
1.987000e+02 2.073022e-25 2.073022e-25
1.988000e+02 2.004013e-25 2.004013e-25
1.989000e+02 1.935004e-25 1.935004e-25
1.990000e+02 1.865994e-25 1.865994e-25
1.991000e+02 1.820192e-25 1.820192e-25
1.992000e+02 1.774391e-25 1.774391e-25
1.993000e+02 1.728589e-25 1.728589e-25
1.994000e+02 1.682787e-25 1.682787e-25
1.995000e+02 1.636985e-25 1.636985e-25
1.996000e+02 1.591183e-25 1.591183e-25
1.997000e+02 1.545381e-25 1.545381e-25
1.998000e+02 1.499579e-25 1.499579e-25
1.999000e+02 1.453777e-25 1.453777e-25
2.000000e+02 1.407975e-25 1.407975e-25
2.001000e+02 1.368173e-25 1.368173e-25
2.002000e+02 1.328370e-25 1.328370e-25
2.003000e+02 1.288568e-25 1.288568e-25
2.004000e+02 1.248766e-25 1.248766e-25
2.005000e+02 1.208963e-25 1.208963e-25
2.006000e+02 1.169161e-25 1.169161e-25
2.007000e+02 1.129358e-25 1.129358e-25
2.008000e+02 1.089556e-25 1.089556e-25
2.009000e+02 1.049754e-25 1.049754e-25
2.010000e+02 1.009951e-25 1.009951e-25
2.011000e+02 9.839962e-26 9.839962e-26
2.012000e+02 9.580411e-26 9.580411e-26
2.013000e+02 9.320861e-26 9.320861e-26
2.014000e+02 9.061310e-26 9.061310e-26
2.015000e+02 8.801760e-26 8.801760e-26
2.016000e+02 8.542209e-26 8.542209e-26
2.017000e+02 8.282658e-26 8.282658e-26
2.018000e+02 8.023108e-26 8.023108e-26
2.019000e+02 7.763557e-26 7.763557e-26
2.020000e+02 7.504007e-26 7.504007e-26
2.021000e+02 7.287799e-26 7.287799e-26
2.022000e+02 7.071592e-26 7.071592e-26
2.023000e+02 6.855385e-26 6.855385e-26
2.024000e+02 6.639177e-26 6.639177e-26
2.025000e+02 6.422970e-26 6.422970e-26
2.026000e+02 6.206763e-26 6.206763e-26
2.027000e+02 5.990555e-26 5.990555e-26
2.028000e+02 5.774348e-26 5.774348e-26
2.029000e+02 5.558141e-26 5.558141e-26
2.030000e+02 5.341933e-26 5.341933e-26
2.031000e+02 5.489986e-26 5.489986e-26
2.032000e+02 5.638039e-26 5.638039e-26
2.033000e+02 5.786091e-26 5.786091e-26
2.034000e+02 5.934144e-26 5.934144e-26
2.035000e+02 6.082197e-26 6.082197e-26
2.036000e+02 6.230250e-26 6.230250e-26
2.037000e+02 6.378302e-26 6.378302e-26
2.038000e+02 6.526355e-26 6.526355e-26
2.039000e+02 6.674408e-26 6.674408e-26
2.040000e+02 6.822460e-26 6.822460e-26
2.041000e+02 6.869032e-26 6.869032e-26
2.042000e+02 6.915603e-26 6.915603e-26
2.043000e+02 6.962175e-26 6.962175e-26
2.044000e+02 7.008746e-26 7.008746e-26
2.045000e+02 7.055318e-26 7.055318e-26
2.046000e+02 7.101889e-26 7.101889e-26
2.047000e+02 7.148461e-26 7.148461e-26
2.048000e+02 7.195032e-26 7.195032e-26
2.049000e+02 7.241604e-26 7.241604e-26
2.050000e+02 7.288175e-26 7.288175e-26
2.051000e+02 7.542535e-26 7.542535e-26
2.052000e+02 7.796894e-26 7.796894e-26
2.053000e+02 8.051254e-26 8.051254e-26
2.054000e+02 8.305613e-26 8.305613e-26
2.055000e+02 8.559973e-26 8.559973e-26
2.056000e+02 8.814333e-26 8.814333e-26
2.057000e+02 9.068692e-26 9.068692e-26
2.058000e+02 9.323052e-26 9.323052e-26
2.059000e+02 9.577411e-26 9.577411e-26
2.060000e+02 9.831771e-26 9.831771e-26
2.061000e+02 1.043191e-25 1.043191e-25
2.062000e+02 1.103205e-25 1.103205e-25
2.063000e+02 1.163219e-25 1.163219e-25
2.064000e+02 1.223232e-25 1.223232e-25
2.065000e+02 1.283246e-25 1.283246e-25
2.066000e+02 1.343260e-25 1.343260e-25
2.067000e+02 1.403274e-25 1.403274e-25
2.068000e+02 1.463288e-25 1.463288e-25
2.069000e+02 1.523302e-25 1.523302e-25
2.070000e+02 1.583315e-25 1.583315e-25
2.071000e+02 1.634198e-25 1.634198e-25
2.072000e+02 1.685081e-25 1.685081e-25
2.073000e+02 1.735963e-25 1.735963e-25
2.074000e+02 1.786846e-25 1.786846e-25
2.075000e+02 1.837728e-25 1.837728e-25
2.076000e+02 1.888611e-25 1.888611e-25
2.077000e+02 1.939493e-25 1.939493e-25
2.078000e+02 1.990376e-25 1.990376e-25
2.079000e+02 2.041258e-25 2.041258e-25
2.080000e+02 2.092141e-25 2.092141e-25
2.081000e+02 2.157832e-25 2.157832e-25
2.082000e+02 2.223524e-25 2.223524e-25
2.083000e+02 2.289216e-25 2.289216e-25
2.084000e+02 2.354907e-25 2.354907e-25
2.085000e+02 2.420599e-25 2.420599e-25
2.086000e+02 2.486291e-25 2.486291e-25
2.087000e+02 2.551983e-25 2.551983e-25
2.088000e+02 2.617674e-25 2.617674e-25
2.089000e+02 2.683366e-25 2.683366e-25
2.090000e+02 2.749058e-25 2.749058e-25
2.091000e+02 2.913712e-25 2.913712e-25
2.092000e+02 3.078367e-25 3.078367e-25
2.093000e+02 3.243021e-25 3.243021e-25
2.094000e+02 3.407676e-25 3.407676e-25
2.095000e+02 3.572331e-25 3.572331e-25
2.096000e+02 3.736985e-25 3.736985e-25
2.097000e+02 3.901640e-25 3.901640e-25
2.098000e+02 4.066294e-25 4.066294e-25
2.099000e+02 4.230949e-25 4.230949e-25
2.100000e+02 4.395603e-25 4.395603e-25
2.101000e+02 4.654960e-25 4.654960e-25
2.102000e+02 4.914317e-25 4.914317e-25
2.103000e+02 5.173674e-25 5.173674e-25
2.104000e+02 5.433031e-25 5.433031e-25
2.105000e+02 5.692388e-25 5.692388e-25
2.106000e+02 5.951744e-25 5.951744e-25
2.107000e+02 6.211101e-25 6.211101e-25
2.108000e+02 6.470458e-25 6.470458e-25
2.109000e+02 6.729815e-25 6.729815e-25
2.110000e+02 6.989172e-25 6.989172e-25
2.111000e+02 7.248529e-25 7.248529e-25
2.112000e+02 7.507885e-25 7.507885e-25
2.113000e+02 7.767242e-25 7.767242e-25
2.114000e+02 8.026599e-25 8.026599e-25
2.115000e+02 8.285956e-25 8.285956e-25
2.116000e+02 8.545313e-25 8.545313e-25
2.117000e+02 8.804669e-25 8.804669e-25
2.118000e+02 9.064026e-25 9.064026e-25
2.119000e+02 9.323383e-25 9.323383e-25
2.120000e+02 9.582740e-25 9.582740e-25
2.121000e+02 9.891926e-25 9.891926e-25
2.122000e+02 1.020111e-24 1.020111e-24
2.123000e+02 1.051030e-24 1.051030e-24
2.124000e+02 1.081948e-24 1.081948e-24
2.125000e+02 1.112867e-24 1.112867e-24
2.126000e+02 1.143786e-24 1.143786e-24
2.127000e+02 1.174704e-24 1.174704e-24
2.128000e+02 1.205623e-24 1.205623e-24
2.129000e+02 1.236541e-24 1.236541e-24
2.130000e+02 1.267460e-24 1.267460e-24
2.131000e+02 1.347558e-24 1.347558e-24
2.132000e+02 1.427655e-24 1.427655e-24
2.133000e+02 1.507753e-24 1.507753e-24
2.134000e+02 1.587851e-24 1.587851e-24
2.135000e+02 1.667948e-24 1.667948e-24
2.136000e+02 1.748046e-24 1.748046e-24
2.137000e+02 1.828144e-24 1.828144e-24
2.138000e+02 1.908241e-24 1.908241e-24
2.139000e+02 1.988339e-24 1.988339e-24
2.140000e+02 2.068437e-24 2.068437e-24
2.141000e+02 2.148534e-24 2.148534e-24
2.142000e+02 2.228632e-24 2.228632e-24
2.143000e+02 2.308730e-24 2.308730e-24
2.144000e+02 2.388827e-24 2.388827e-24
2.145000e+02 2.468925e-24 2.468925e-24
2.146000e+02 2.549023e-24 2.549023e-24
2.147000e+02 2.629120e-24 2.629120e-24
2.148000e+02 2.709218e-24 2.709218e-24
2.149000e+02 2.789316e-24 2.789316e-24
2.150000e+02 2.869413e-24 2.869413e-24
2.151000e+02 2.949511e-24 2.949511e-24
2.152000e+02 3.029609e-24 3.029609e-24
2.153000e+02 3.109706e-24 3.109706e-24
2.154000e+02 3.189804e-24 3.189804e-24
2.155000e+02 3.269902e-24 3.269902e-24
2.156000e+02 3.350000e-24 3.350000e-24
2.157000e+02 3.430097e-24 3.430097e-24
2.158000e+02 3.510195e-24 3.510195e-24
2.159000e+02 3.590293e-24 3.590293e-24
2.160000e+02 3.670390e-24 3.670390e-24
2.161000e+02 3.750488e-24 3.750488e-24
2.162000e+02 3.830586e-24 3.830586e-24
2.163000e+02 3.910683e-24 3.910683e-24
2.164000e+02 3.990781e-24 3.990781e-24
2.165000e+02 4.070879e-24 4.070879e-24
2.166000e+02 4.150976e-24 4.150976e-24
2.167000e+02 4.231074e-24 4.231074e-24
2.168000e+02 4.311172e-24 4.311172e-24
2.169000e+02 4.391269e-24 4.391269e-24
2.170000e+02 4.471367e-24 4.471367e-24
2.171000e+02 4.740995e-24 4.740995e-24
2.172000e+02 5.010623e-24 5.010623e-24
2.173000e+02 5.280250e-24 5.280250e-24
2.174000e+02 5.549878e-24 5.549878e-24
2.175000e+02 5.819506e-24 5.819506e-24
2.176000e+02 6.089134e-24 6.089134e-24
2.177000e+02 6.358762e-24 6.358762e-24
2.178000e+02 6.628389e-24 6.628389e-24
2.179000e+02 6.898017e-24 6.898017e-24
2.180000e+02 7.167645e-24 7.167645e-24
2.181000e+02 7.445996e-24 7.445996e-24
2.182000e+02 7.724347e-24 7.724347e-24
2.183000e+02 8.002698e-24 8.002698e-24
2.184000e+02 8.281049e-24 8.281049e-24
2.185000e+02 8.559400e-24 8.559400e-24
2.186000e+02 8.837751e-24 8.837751e-24
2.187000e+02 9.116102e-24 9.116102e-24
2.188000e+02 9.394453e-24 9.394453e-24
2.189000e+02 9.672803e-24 9.672803e-24
2.190000e+02 9.951154e-24 9.951154e-24
2.191000e+02 1.022951e-23 1.022951e-23
2.192000e+02 1.050786e-23 1.050786e-23
2.193000e+02 1.078621e-23 1.078621e-23
2.194000e+02 1.106456e-23 1.106456e-23
2.195000e+02 1.134291e-23 1.134291e-23
2.196000e+02 1.162126e-23 1.162126e-23
2.197000e+02 1.189961e-23 1.189961e-23
2.198000e+02 1.217796e-23 1.217796e-23
2.199000e+02 1.245631e-23 1.245631e-23
2.200000e+02 1.273466e-23 1.273466e-23
2.201000e+02 1.301301e-23 1.301301e-23
2.202000e+02 1.329137e-23 1.329137e-23
2.203000e+02 1.356972e-23 1.356972e-23
2.204000e+02 1.384807e-23 1.384807e-23
2.205000e+02 1.412642e-23 1.412642e-23
2.206000e+02 1.440477e-23 1.440477e-23
2.207000e+02 1.468312e-23 1.468312e-23
2.208000e+02 1.496147e-23 1.496147e-23
2.209000e+02 1.523982e-23 1.523982e-23
2.210000e+02 1.551817e-23 1.551817e-23
2.211000e+02 1.589684e-23 1.589684e-23
2.212000e+02 1.627550e-23 1.627550e-23
2.213000e+02 1.665417e-23 1.665417e-23
2.214000e+02 1.703283e-23 1.703283e-23
2.215000e+02 1.741150e-23 1.741150e-23
2.216000e+02 1.779016e-23 1.779016e-23
2.217000e+02 1.816883e-23 1.816883e-23
2.218000e+02 1.854749e-23 1.854749e-23
2.219000e+02 1.892616e-23 1.892616e-23
2.220000e+02 1.930482e-23 1.930482e-23
2.221000e+02 1.737434e-23 1.737434e-23
2.222000e+02 1.544386e-23 1.544386e-23
2.223000e+02 1.351338e-23 1.351338e-23
2.224000e+02 1.158289e-23 1.158289e-23
2.225000e+02 9.652411e-24 9.652411e-24
2.226000e+02 7.721929e-24 7.721929e-24
2.227000e+02 5.791447e-24 5.791447e-24
2.228000e+02 3.860964e-24 3.860964e-24
2.229000e+02 1.930482e-24 1.930482e-24
2.230000e+02 1.678959e-34 1.678959e-34
2.231000e+02 2.028010e-26 2.028010e-26
2.232000e+02 4.056020e-26 4.056020e-26
2.233000e+02 6.084029e-26 6.084029e-26
2.234000e+02 8.112039e-26 8.112039e-26
2.235000e+02 1.014005e-25 1.014005e-25
2.236000e+02 1.216806e-25 1.216806e-25
2.237000e+02 1.419607e-25 1.419607e-25
2.238000e+02 1.622408e-25 1.622408e-25
2.239000e+02 1.825209e-25 1.825209e-25
2.240000e+02 2.028010e-25 2.028010e-25
2.241000e+02 2.230811e-25 2.230811e-25
2.242000e+02 2.433612e-25 2.433612e-25
2.243000e+02 2.636413e-25 2.636413e-25
2.244000e+02 2.839214e-25 2.839214e-25
2.245000e+02 3.042015e-25 3.042015e-25
2.246000e+02 3.244816e-25 3.244816e-25
2.247000e+02 3.447617e-25 3.447617e-25
2.248000e+02 3.650418e-25 3.650418e-25
2.249000e+02 3.853219e-25 3.853219e-25
2.250000e+02 4.056020e-25 4.056020e-25
2.251000e+02 4.258821e-25 4.258821e-25
2.252000e+02 4.461622e-25 4.461622e-25
2.253000e+02 4.664422e-25 4.664422e-25
2.254000e+02 4.867223e-25 4.867223e-25
2.255000e+02 5.070024e-25 5.070024e-25
2.256000e+02 5.272825e-25 5.272825e-25
2.257000e+02 5.475626e-25 5.475626e-25
2.258000e+02 5.678427e-25 5.678427e-25
2.259000e+02 5.881228e-25 5.881228e-25
2.260000e+02 6.084029e-25 6.084029e-25
2.261000e+02 6.286830e-25 6.286830e-25
2.262000e+02 6.489631e-25 6.489631e-25
2.263000e+02 6.692432e-25 6.692432e-25
2.264000e+02 6.895233e-25 6.895233e-25
2.265000e+02 7.098034e-25 7.098034e-25
2.266000e+02 7.300835e-25 7.300835e-25
2.267000e+02 7.503636e-25 7.503636e-25
2.268000e+02 7.706437e-25 7.706437e-25
2.269000e+02 7.909238e-25 7.909238e-25
2.270000e+02 8.112039e-25 8.112039e-25
2.271000e+02 8.314840e-25 8.314840e-25
2.272000e+02 8.517641e-25 8.517641e-25
2.273000e+02 8.720442e-25 8.720442e-25
2.274000e+02 8.923243e-25 8.923243e-25
2.275000e+02 9.126044e-25 9.126044e-25
2.276000e+02 9.328845e-25 9.328845e-25
2.277000e+02 9.531646e-25 9.531646e-25
2.278000e+02 9.734447e-25 9.734447e-25
2.279000e+02 9.937248e-25 9.937248e-25
2.280000e+02 1.014005e-24 1.014005e-24
2.281000e+02 1.034285e-24 1.034285e-24
2.282000e+02 1.054565e-24 1.054565e-24
2.283000e+02 1.074845e-24 1.074845e-24
2.284000e+02 1.095125e-24 1.095125e-24
2.285000e+02 1.115405e-24 1.115405e-24
2.286000e+02 1.135685e-24 1.135685e-24
2.287000e+02 1.155966e-24 1.155966e-24
2.288000e+02 1.176246e-24 1.176246e-24
2.289000e+02 1.196526e-24 1.196526e-24
2.290000e+02 1.216806e-24 1.216806e-24
2.291000e+02 1.237086e-24 1.237086e-24
2.292000e+02 1.257366e-24 1.257366e-24
2.293000e+02 1.277646e-24 1.277646e-24
2.294000e+02 1.297926e-24 1.297926e-24
2.295000e+02 1.318206e-24 1.318206e-24
2.296000e+02 1.338486e-24 1.338486e-24
2.297000e+02 1.358767e-24 1.358767e-24
2.298000e+02 1.379047e-24 1.379047e-24
2.299000e+02 1.399327e-24 1.399327e-24
2.300000e+02 1.419607e-24 1.419607e-24
2.301000e+02 1.439887e-24 1.439887e-24
2.302000e+02 1.460167e-24 1.460167e-24
2.303000e+02 1.480447e-24 1.480447e-24
2.304000e+02 1.500727e-24 1.500727e-24
2.305000e+02 1.521007e-24 1.521007e-24
2.306000e+02 1.541287e-24 1.541287e-24
2.307000e+02 1.561568e-24 1.561568e-24
2.308000e+02 1.581848e-24 1.581848e-24
2.309000e+02 1.602128e-24 1.602128e-24
2.310000e+02 1.622408e-24 1.622408e-24
2.311000e+02 1.642688e-24 1.642688e-24
2.312000e+02 1.662968e-24 1.662968e-24
2.313000e+02 1.683248e-24 1.683248e-24
2.314000e+02 1.703528e-24 1.703528e-24
2.315000e+02 1.723808e-24 1.723808e-24
2.316000e+02 1.744088e-24 1.744088e-24
2.317000e+02 1.764369e-24 1.764369e-24
2.318000e+02 1.784649e-24 1.784649e-24
2.319000e+02 1.804929e-24 1.804929e-24
2.320000e+02 1.825209e-24 1.825209e-24
2.321000e+02 1.845489e-24 1.845489e-24
2.322000e+02 1.865769e-24 1.865769e-24
2.323000e+02 1.886049e-24 1.886049e-24
2.324000e+02 1.906329e-24 1.906329e-24
2.325000e+02 1.926609e-24 1.926609e-24
2.326000e+02 1.946889e-24 1.946889e-24
2.327000e+02 1.967169e-24 1.967169e-24
2.328000e+02 1.987450e-24 1.987450e-24
2.329000e+02 2.007730e-24 2.007730e-24
2.330000e+02 2.028010e-24 2.028010e-24
2.331000e+02 4.540484e-24 4.540484e-24
2.332000e+02 7.052958e-24 7.052958e-24
2.333000e+02 1.335104e-23 1.335104e-23
2.334000e+02 1.964911e-23 1.964911e-23
2.335000e+02 3.175034e-23 3.175034e-23
2.336000e+02 4.385156e-23 4.385156e-23
2.337000e+02 6.112410e-23 6.112410e-23
2.338000e+02 7.839665e-23 7.839665e-23
2.339000e+02 9.533548e-23 9.533548e-23
2.340000e+02 1.122743e-22 1.122743e-22
2.341000e+02 1.205398e-22 1.205398e-22
2.342000e+02 1.288053e-22 1.288053e-22
2.343000e+02 1.235898e-22 1.235898e-22
2.344000e+02 1.183743e-22 1.183743e-22
2.345000e+02 1.027605e-22 1.027605e-22
2.346000e+02 8.714679e-23 8.714679e-23
2.347000e+02 6.927060e-23 6.927060e-23
2.348000e+02 5.139441e-23 5.139441e-23
2.349000e+02 3.783726e-23 3.783726e-23
2.350000e+02 2.428011e-23 2.428011e-23
2.351000e+02 1.673443e-23 1.673443e-23
2.352000e+02 9.188742e-24 9.188742e-24
2.353000e+02 5.987222e-24 5.987222e-24
2.354000e+02 2.785702e-24 2.785702e-24
2.355000e+02 1.731240e-24 1.731240e-24
2.356000e+02 6.767767e-25 6.767767e-25
2.357000e+02 4.056018e-25 4.056018e-25
2.358000e+02 1.344269e-25 1.344269e-25
2.359000e+02 8.962271e-26 8.962271e-26
2.360000e+02 4.481854e-26 4.481854e-26
2.361000e+02 1.077545e-25 1.077545e-25
2.362000e+02 1.706906e-25 1.706906e-25
2.363000e+02 5.512576e-25 5.512576e-25
2.364000e+02 9.318247e-25 9.318247e-25
2.365000e+02 2.533325e-24 2.533325e-24
2.366000e+02 4.134825e-24 4.134825e-24
2.367000e+02 9.418229e-24 9.418229e-24
2.368000e+02 1.470163e-23 1.470163e-23
2.369000e+02 2.828791e-23 2.828791e-23
2.370000e+02 4.187419e-23 4.187419e-23
2.371000e+02 6.870847e-23 6.870847e-23
2.372000e+02 9.554276e-23 9.554276e-23
2.373000e+02 1.350865e-22 1.350865e-22
2.374000e+02 1.746303e-22 1.746303e-22
2.375000e+02 2.151595e-22 2.151595e-22
2.376000e+02 2.556888e-22 2.556888e-22
2.377000e+02 2.777936e-22 2.777936e-22
2.378000e+02 2.998984e-22 2.998984e-22
2.379000e+02 2.908382e-22 2.908382e-22
2.380000e+02 2.817780e-22 2.817780e-22
2.381000e+02 2.469316e-22 2.469316e-22
2.382000e+02 2.120852e-22 2.120852e-22
2.383000e+02 1.699799e-22 1.699799e-22
2.384000e+02 1.278746e-22 1.278746e-22
2.385000e+02 9.481878e-23 9.481878e-23
2.386000e+02 6.176299e-23 6.176299e-23
2.387000e+02 4.282998e-23 4.282998e-23
2.388000e+02 2.389697e-23 2.389697e-23
2.389000e+02 1.565186e-23 1.565186e-23
2.390000e+02 7.406752e-24 7.406752e-24
2.391000e+02 4.622879e-24 4.622879e-24
2.392000e+02 1.839006e-24 1.839006e-24
2.393000e+02 1.102388e-24 1.102388e-24
2.394000e+02 3.657707e-25 3.657707e-25
2.395000e+02 2.120245e-25 2.120245e-25
2.396000e+02 5.827826e-26 5.827826e-26
2.397000e+02 3.286042e-26 3.286042e-26
2.398000e+02 7.442575e-27 7.442575e-27
2.399000e+02 4.136818e-27 4.136818e-27
2.400000e+02 8.310610e-28 8.310610e-28
2.401000e+02 9.089715e-28 9.089715e-28
2.402000e+02 9.868819e-28 9.868819e-28
2.403000e+02 5.349218e-27 5.349218e-27
2.404000e+02 9.711554e-27 9.711554e-27
2.405000e+02 4.567862e-26 4.567862e-26
2.406000e+02 8.164568e-26 8.164568e-26
2.407000e+02 3.158645e-25 3.158645e-25
2.408000e+02 5.500834e-25 5.500834e-25
2.409000e+02 1.759491e-24 1.759491e-24
2.410000e+02 2.968899e-24 2.968899e-24
2.411000e+02 7.902495e-24 7.902495e-24
2.412000e+02 1.283609e-23 1.283609e-23
2.413000e+02 2.864656e-23 2.864656e-23
2.414000e+02 4.445703e-23 4.445703e-23
2.415000e+02 8.390059e-23 8.390059e-23
2.416000e+02 1.233442e-22 1.233442e-22
2.417000e+02 1.987404e-22 1.987404e-22
2.418000e+02 2.741366e-22 2.741366e-22
2.419000e+02 3.811055e-22 3.811055e-22
2.420000e+02 4.880744e-22 4.880744e-22
2.421000e+02 5.920901e-22 5.920901e-22
2.422000e+02 6.961059e-22 6.961059e-22
2.423000e+02 7.457066e-22 7.457066e-22
2.424000e+02 7.953074e-22 7.953074e-22
2.425000e+02 7.615982e-22 7.615982e-22
2.426000e+02 7.278889e-22 7.278889e-22
2.427000e+02 6.307751e-22 6.307751e-22
2.428000e+02 5.336612e-22 5.336612e-22
2.429000e+02 4.235442e-22 4.235442e-22
2.430000e+02 3.134271e-22 3.134271e-22
2.431000e+02 2.304442e-22 2.304442e-22
2.432000e+02 1.474612e-22 1.474612e-22
2.433000e+02 1.015188e-22 1.015188e-22
2.434000e+02 5.557630e-23 5.557630e-23
2.435000e+02 3.617776e-23 3.617776e-23
2.436000e+02 1.677922e-23 1.677922e-23
2.437000e+02 1.041867e-23 1.041867e-23
2.438000e+02 4.058114e-24 4.058114e-24
2.439000e+02 2.422170e-24 2.422170e-24
2.440000e+02 7.862256e-25 7.862256e-25
2.441000e+02 4.541241e-25 4.541241e-25
2.442000e+02 1.220227e-25 1.220227e-25
2.443000e+02 6.859666e-26 6.859666e-26
2.444000e+02 1.517065e-26 1.517065e-26
2.445000e+02 8.340781e-27 8.340781e-27
2.446000e+02 1.510910e-27 1.510910e-27
2.447000e+02 8.157438e-28 8.157438e-28
2.448000e+02 1.205773e-28 1.205773e-28
2.449000e+02 6.456679e-29 6.456679e-29
2.450000e+02 8.556256e-30 8.556256e-30
2.451000e+02 1.301092e-29 1.301092e-29
2.452000e+02 1.746558e-29 1.746558e-29
2.453000e+02 1.457061e-28 1.457061e-28
2.454000e+02 2.739466e-28 2.739466e-28
2.455000e+02 1.897562e-27 1.897562e-27
2.456000e+02 3.521178e-27 3.521178e-27
2.457000e+02 1.988968e-26 1.988968e-26
2.458000e+02 3.625818e-26 3.625818e-26
2.459000e+02 1.676715e-25 1.676715e-25
2.460000e+02 2.990848e-25 2.990848e-25
2.461000e+02 1.137693e-24 1.137693e-24
2.462000e+02 1.976302e-24 1.976302e-24
2.463000e+02 6.218763e-24 6.218763e-24
2.464000e+02 1.046122e-23 1.046122e-23
2.465000e+02 2.741014e-23 2.741014e-23
2.466000e+02 4.435905e-23 4.435905e-23
2.467000e+02 9.751894e-23 9.751894e-23
2.468000e+02 1.506788e-22 1.506788e-22
2.469000e+02 2.803436e-22 2.803436e-22
2.470000e+02 4.100084e-22 4.100084e-22
2.471000e+02 6.518664e-22 6.518664e-22
2.472000e+02 8.937243e-22 8.937243e-22
2.473000e+02 1.227150e-21 1.227150e-21
2.474000e+02 1.560576e-21 1.560576e-21
2.475000e+02 1.871745e-21 1.871745e-21
2.476000e+02 2.182913e-21 2.182913e-21
2.477000e+02 2.314463e-21 2.314463e-21
2.478000e+02 2.446012e-21 2.446012e-21
2.479000e+02 2.320801e-21 2.320801e-21
2.480000e+02 2.195589e-21 2.195589e-21
2.481000e+02 1.887171e-21 1.887171e-21
2.482000e+02 1.578752e-21 1.578752e-21
2.483000e+02 1.244068e-21 1.244068e-21
2.484000e+02 9.093838e-22 9.093838e-22
2.485000e+02 6.644993e-22 6.644993e-22
2.486000e+02 4.196149e-22 4.196149e-22
2.487000e+02 2.873598e-22 2.873598e-22
2.488000e+02 1.551047e-22 1.551047e-22
2.489000e+02 1.005159e-22 1.005159e-22
2.490000e+02 4.592714e-23 4.592714e-23
2.491000e+02 2.841053e-23 2.841053e-23
2.492000e+02 1.089392e-23 1.089392e-23
2.493000e+02 6.481960e-24 6.481960e-24
2.494000e+02 2.069996e-24 2.069996e-24
2.495000e+02 1.192540e-24 1.192540e-24
2.496000e+02 3.150832e-25 3.150832e-25
2.497000e+02 1.767514e-25 1.767514e-25
2.498000e+02 3.841947e-26 3.841947e-26
2.499000e+02 2.108610e-26 2.108610e-26
2.500000e+02 3.752735e-27 3.752735e-27
2.501000e+02 2.023187e-27 2.023187e-27
2.502000e+02 2.936397e-28 2.936397e-28
2.503000e+02 1.560227e-28 1.560227e-28
2.504000e+02 1.840569e-29 1.840569e-29
2.505000e+02 9.664987e-30 9.664987e-30
2.506000e+02 9.242851e-31 9.242851e-31
2.507000e+02 4.826407e-31 4.826407e-31
2.508000e+02 4.099639e-32 4.099639e-32
2.509000e+02 8.061841e-32 8.061841e-32
2.510000e+02 1.202404e-31 1.202404e-31
2.511000e+02 1.545033e-30 1.545033e-30
2.512000e+02 2.969825e-30 2.969825e-30
2.513000e+02 3.115991e-29 3.115991e-29
2.514000e+02 5.934999e-29 5.934999e-29
2.515000e+02 5.047425e-28 5.047425e-28
2.516000e+02 9.501349e-28 9.501349e-28
2.517000e+02 6.567495e-27 6.567495e-27
2.518000e+02 1.218485e-26 1.218485e-26
2.519000e+02 6.868111e-26 6.868111e-26
2.520000e+02 1.251774e-25 1.251774e-25
2.521000e+02 5.776651e-25 5.776651e-25
2.522000e+02 1.030153e-24 1.030153e-24
2.523000e+02 3.910687e-24 3.910687e-24
2.524000e+02 6.791222e-24 6.791222e-24
2.525000e+02 2.132785e-23 2.132785e-23
2.526000e+02 3.586449e-23 3.586449e-23
2.527000e+02 9.379379e-23 9.379379e-23
2.528000e+02 1.517231e-22 1.517231e-22
2.529000e+02 3.329480e-22 3.329480e-22
2.530000e+02 5.141728e-22 5.141728e-22
2.531000e+02 9.550086e-22 9.550086e-22
2.532000e+02 1.395844e-21 1.395844e-21
2.533000e+02 2.215690e-21 2.215690e-21
2.534000e+02 3.035535e-21 3.035535e-21
2.535000e+02 4.161844e-21 4.161844e-21
2.536000e+02 5.288152e-21 5.288152e-21
2.537000e+02 6.333963e-21 6.333963e-21
2.538000e+02 7.379774e-21 7.379774e-21
2.539000e+02 7.814873e-21 7.814873e-21
2.540000e+02 8.249973e-21 8.249973e-21
2.541000e+02 7.819033e-21 7.819033e-21
2.542000e+02 7.388094e-21 7.388094e-21
2.543000e+02 6.344088e-21 6.344088e-21
2.544000e+02 5.300083e-21 5.300083e-21
2.545000e+02 4.172948e-21 4.172948e-21
2.546000e+02 3.045814e-21 3.045814e-21
2.547000e+02 2.223982e-21 2.223982e-21
2.548000e+02 1.402150e-21 1.402150e-21
2.549000e+02 9.596138e-22 9.596138e-22
2.550000e+02 5.170778e-22 5.170778e-22
2.551000e+02 3.349151e-22 3.349151e-22
2.552000e+02 1.527523e-22 1.527523e-22
2.553000e+02 9.445040e-23 9.445040e-23
2.554000e+02 3.614848e-23 3.614848e-23
2.555000e+02 2.150060e-23 2.150060e-23
2.556000e+02 6.852717e-24 6.852717e-24
2.557000e+02 3.946685e-24 3.946685e-24
2.558000e+02 1.040653e-24 1.040653e-24
2.559000e+02 5.836243e-25 5.836243e-25
2.560000e+02 1.265958e-25 1.265958e-25
2.561000e+02 6.946632e-26 6.946632e-26
2.562000e+02 1.233682e-26 1.233682e-26
2.563000e+02 6.649945e-27 6.649945e-27
2.564000e+02 9.630693e-28 9.630693e-28
2.565000e+02 5.116475e-28 5.116475e-28
2.566000e+02 6.022575e-29 6.022575e-29
2.567000e+02 3.162138e-29 3.162138e-29
2.568000e+02 3.017014e-30 3.017014e-30
2.569000e+02 1.569043e-30 1.569043e-30
2.570000e+02 1.210718e-31 1.210718e-31
2.571000e+02 6.248190e-32 6.248190e-32
2.572000e+02 3.892053e-33 3.892053e-33
2.573000e+02 1.996160e-33 1.996160e-33
2.574000e+02 1.002664e-34 1.002664e-34
2.575000e+02 5.243421e-35 5.243421e-35
2.576000e+02 4.602024e-36 4.602024e-36
2.577000e+02 6.773675e-35 6.773675e-35
2.578000e+02 1.308715e-34 1.308715e-34
2.579000e+02 2.770767e-33 2.770767e-33
2.580000e+02 5.410662e-33 5.410662e-33
2.581000e+02 9.232627e-32 9.232627e-32
2.582000e+02 1.792419e-31 1.792419e-31
2.583000e+02 2.467934e-30 2.467934e-30
2.584000e+02 4.756627e-30 4.756627e-30
2.585000e+02 5.293738e-29 5.293738e-29
2.586000e+02 1.011181e-28 1.011181e-28
2.587000e+02 9.115516e-28 9.115516e-28
2.588000e+02 1.721985e-27 1.721985e-27
2.589000e+02 1.260646e-26 1.260646e-26
2.590000e+02 2.349093e-26 2.349093e-26
2.591000e+02 1.401000e-25 1.401000e-25
2.592000e+02 2.567091e-25 2.567091e-25
2.593000e+02 1.251983e-24 1.251983e-24
2.594000e+02 2.247258e-24 2.247258e-24
2.595000e+02 9.003242e-24 9.003242e-24
2.596000e+02 1.575923e-23 1.575923e-23
2.597000e+02 5.214429e-23 5.214429e-23
2.598000e+02 8.852935e-23 8.852935e-23
2.599000e+02 2.434604e-22 2.434604e-22
2.600000e+02 3.983915e-22 3.983915e-22
2.601000e+02 9.172764e-22 9.172764e-22
2.602000e+02 1.436161e-21 1.436161e-21
2.603000e+02 2.791737e-21 2.791737e-21
2.604000e+02 4.147313e-21 4.147313e-21
2.605000e+02 6.870668e-21 6.870668e-21
2.606000e+02 9.594023e-21 9.594023e-21
2.607000e+02 1.368647e-20 1.368647e-20
2.608000e+02 1.777891e-20 1.777891e-20
2.609000e+02 2.208569e-20 2.208569e-20
2.610000e+02 2.639246e-20 2.639246e-20
2.611000e+02 2.888884e-20 2.888884e-20
2.612000e+02 3.138521e-20 3.138521e-20
2.613000e+02 3.064156e-20 3.064156e-20
2.614000e+02 2.989790e-20 2.989790e-20
2.615000e+02 2.635661e-20 2.635661e-20
2.616000e+02 2.281533e-20 2.281533e-20
2.617000e+02 1.838120e-20 1.838120e-20
2.618000e+02 1.394707e-20 1.394707e-20
2.619000e+02 1.038845e-20 1.038845e-20
2.620000e+02 6.829829e-21 6.829829e-21
2.621000e+02 4.754521e-21 4.754521e-21
2.622000e+02 2.679212e-21 2.679212e-21
2.623000e+02 1.760570e-21 1.760570e-21
2.624000e+02 8.419274e-22 8.419274e-22
2.625000e+02 5.269336e-22 5.269336e-22
2.626000e+02 2.119398e-22 2.119398e-22
2.627000e+02 1.273393e-22 1.273393e-22
2.628000e+02 4.273867e-23 4.273867e-23
2.629000e+02 2.482133e-23 2.482133e-23
2.630000e+02 6.903985e-24 6.903985e-24
2.631000e+02 3.898695e-24 3.898695e-24
2.632000e+02 8.934063e-25 8.934063e-25
2.633000e+02 4.930093e-25 4.930093e-25
2.634000e+02 9.261229e-26 9.261229e-26
2.635000e+02 5.015143e-26 5.015143e-26
2.636000e+02 7.690571e-27 7.690571e-27
2.637000e+02 4.101079e-27 4.101079e-27
2.638000e+02 5.115864e-28 5.115864e-28
2.639000e+02 2.694240e-28 2.694240e-28
2.640000e+02 2.726150e-29 2.726150e-29
2.641000e+02 1.421262e-29 1.421262e-29
2.642000e+02 1.163727e-30 1.163727e-30
2.643000e+02 6.017606e-31 6.017606e-31
2.644000e+02 3.979446e-32 3.979446e-32
2.645000e+02 2.044228e-32 2.044228e-32
2.646000e+02 1.090096e-33 1.090096e-33
2.647000e+02 5.570083e-34 5.570083e-34
2.648000e+02 2.392087e-35 2.392087e-35
2.649000e+02 1.217068e-35 1.217068e-35
2.650000e+02 4.204950e-37 4.204950e-37
2.651000e+02 2.132626e-37 2.132626e-37
2.652000e+02 6.030144e-39 6.030144e-39
2.653000e+02 8.068419e-39 8.068419e-39
2.654000e+02 1.010670e-38 1.010670e-38
2.655000e+02 3.758001e-37 3.758001e-37
2.656000e+02 7.414935e-37 7.414935e-37
2.657000e+02 2.230511e-35 2.230511e-35
2.658000e+02 4.386872e-35 4.386872e-35
2.659000e+02 1.061480e-33 1.061480e-33
2.660000e+02 2.079090e-33 2.079090e-33
2.661000e+02 4.050637e-32 4.050637e-32
2.662000e+02 7.893364e-32 7.893364e-32
2.663000e+02 1.239771e-30 1.239771e-30
2.664000e+02 2.400608e-30 2.400608e-30
2.665000e+02 3.044324e-29 3.044324e-29
2.666000e+02 5.848586e-29 5.848586e-29
2.667000e+02 5.999600e-28 5.999600e-28
2.668000e+02 1.141434e-27 1.141434e-27
2.669000e+02 9.493314e-27 9.493314e-27
2.670000e+02 1.784519e-26 1.784519e-26
2.671000e+02 1.206686e-25 1.206686e-25
2.672000e+02 2.234920e-25 2.234920e-25
2.673000e+02 1.232843e-24 1.232843e-24
2.674000e+02 2.242194e-24 2.242194e-24
2.675000e+02 1.013110e-23 1.013110e-23
2.676000e+02 1.802000e-23 1.802000e-23
2.677000e+02 6.701652e-23 6.701652e-23
2.678000e+02 1.160130e-22 1.160130e-22
2.679000e+02 3.571635e-22 3.571635e-22
2.680000e+02 5.983140e-22 5.983140e-22
2.681000e+02 1.535082e-21 1.535082e-21
2.682000e+02 2.471849e-21 2.471849e-21
2.683000e+02 5.326225e-21 5.326225e-21
2.684000e+02 8.180600e-21 8.180600e-21
2.685000e+02 1.493428e-20 1.493428e-20
2.686000e+02 2.168796e-20 2.168796e-20
2.687000e+02 3.387392e-20 3.387392e-20
2.688000e+02 4.605988e-20 4.605988e-20
2.689000e+02 6.221019e-20 6.221019e-20
2.690000e+02 7.836049e-20 7.836049e-20
2.691000e+02 9.257665e-20 9.257665e-20
2.692000e+02 1.067928e-19 1.067928e-19
2.693000e+02 1.116908e-19 1.116908e-19
2.694000e+02 1.165889e-19 1.165889e-19
2.695000e+02 1.092760e-19 1.092760e-19
2.696000e+02 1.019630e-19 1.019630e-19
2.697000e+02 8.669801e-20 8.669801e-20
2.698000e+02 7.143298e-20 7.143298e-20
2.699000e+02 5.576099e-20 5.576099e-20
2.700000e+02 4.008899e-20 4.008899e-20
2.701000e+02 2.905589e-20 2.905589e-20
2.702000e+02 1.802279e-20 1.802279e-20
2.703000e+02 1.225673e-20 1.225673e-20
2.704000e+02 6.490665e-21 6.490665e-21
2.705000e+02 4.181593e-21 4.181593e-21
2.706000e+02 1.872521e-21 1.872521e-21
2.707000e+02 1.152635e-21 1.152635e-21
2.708000e+02 4.327477e-22 4.327477e-22
2.709000e+02 2.564313e-22 2.564313e-22
2.710000e+02 8.011488e-23 8.011488e-23
2.711000e+02 4.599807e-23 4.599807e-23
2.712000e+02 1.188125e-23 1.188125e-23
2.713000e+02 6.646374e-24 6.646374e-24
2.714000e+02 1.411501e-24 1.411501e-24
2.715000e+02 7.729152e-25 7.729152e-25
2.716000e+02 1.343293e-25 1.343293e-25
2.717000e+02 7.228503e-26 7.228503e-26
2.718000e+02 1.024073e-26 1.024073e-26
2.719000e+02 5.433067e-27 5.433067e-27
2.720000e+02 6.254049e-28 6.254049e-28
2.721000e+02 3.280004e-28 3.280004e-28
2.722000e+02 3.059582e-29 3.059582e-29
2.723000e+02 1.589743e-29 1.589743e-29
2.724000e+02 1.199039e-30 1.199039e-30
2.725000e+02 6.183406e-31 6.183406e-31
2.726000e+02 3.764220e-32 3.764220e-32
2.727000e+02 1.929442e-32 1.929442e-32
2.728000e+02 9.466446e-34 9.466446e-34
2.729000e+02 4.828577e-34 4.828577e-34
2.730000e+02 1.907082e-35 1.907082e-35
2.731000e+02 9.689294e-36 9.689294e-36
2.732000e+02 3.077671e-37 3.077671e-37
2.733000e+02 1.558729e-37 1.558729e-37
2.734000e+02 3.978739e-39 3.978739e-39
2.735000e+02 2.009971e-39 2.009971e-39
2.736000e+02 4.120397e-41 4.120397e-41
2.737000e+02 2.077290e-41 2.077290e-41
2.738000e+02 3.418245e-43 3.418245e-43
2.739000e+02 1.720536e-43 1.720536e-43
2.740000e+02 2.282824e-45 2.282824e-45
2.741000e+02 2.263558e-45 2.263558e-45
2.742000e+02 2.244292e-45 2.244292e-45
2.743000e+02 1.793972e-43 1.793972e-43
2.744000e+02 3.565502e-43 3.565502e-43
2.745000e+02 2.298951e-41 2.298951e-41
2.746000e+02 4.562247e-41 4.562247e-41
2.747000e+02 2.360988e-39 2.360988e-39
2.748000e+02 4.676354e-39 4.676354e-39
2.749000e+02 1.943272e-37 1.943272e-37
2.750000e+02 3.839781e-37 3.839781e-37
2.751000e+02 1.282032e-35 1.282032e-35
2.752000e+02 2.525665e-35 2.525665e-35
2.753000e+02 6.780326e-34 6.780326e-34
2.754000e+02 1.330809e-33 1.330809e-33
2.755000e+02 2.875179e-32 2.875179e-32
2.756000e+02 5.617276e-32 5.617276e-32
2.757000e+02 9.777644e-31 9.777644e-31
2.758000e+02 1.899356e-30 1.899356e-30
2.759000e+02 2.667302e-29 2.667302e-29
2.760000e+02 5.144668e-29 5.144668e-29
2.761000e+02 5.838706e-28 5.838706e-28
2.762000e+02 1.116294e-27 1.116294e-27
2.763000e+02 1.025969e-26 1.025969e-26
2.764000e+02 1.940308e-26 1.940308e-26
2.765000e+02 1.447852e-25 1.447852e-25
2.766000e+02 2.701673e-25 2.701673e-25
2.767000e+02 1.641813e-24 1.641813e-24
2.768000e+02 3.013460e-24 3.013460e-24
2.769000e+02 1.496962e-23 1.496962e-23
2.770000e+02 2.692579e-23 2.692579e-23
2.771000e+02 1.098262e-22 1.098262e-22
2.772000e+02 1.927267e-22 1.927267e-22
2.773000e+02 6.488930e-22 6.488930e-22
2.774000e+02 1.105059e-21 1.105059e-21
2.775000e+02 3.090402e-21 3.090402e-21
2.776000e+02 5.075745e-21 5.075745e-21
2.777000e+02 1.187588e-20 1.187588e-20
2.778000e+02 1.867602e-20 1.867602e-20
2.779000e+02 3.686188e-20 3.686188e-20
2.780000e+02 5.504773e-20 5.504773e-20
2.781000e+02 9.251212e-20 9.251212e-20
2.782000e+02 1.299765e-19 1.299765e-19
2.783000e+02 1.879106e-19 1.879106e-19
2.784000e+02 2.458446e-19 2.458446e-19
2.785000e+02 3.091726e-19 3.091726e-19
2.786000e+02 3.725005e-19 3.725005e-19
2.787000e+02 4.123154e-19 4.123154e-19
2.788000e+02 4.521302e-19 4.521302e-19
2.789000e+02 4.458716e-19 4.458716e-19
2.790000e+02 4.396130e-19 4.396130e-19
2.791000e+02 3.910121e-19 3.910121e-19
2.792000e+02 3.424112e-19 3.424112e-19
2.793000e+02 2.780288e-19 2.780288e-19
2.794000e+02 2.136465e-19 2.136465e-19
2.795000e+02 1.602162e-19 1.602162e-19
2.796000e+02 1.067859e-19 1.067859e-19
2.797000e+02 7.477123e-20 7.477123e-20
2.798000e+02 4.275655e-20 4.275655e-20
2.799000e+02 2.823523e-20 2.823523e-20
2.800000e+02 1.371392e-20 1.371392e-20
2.801000e+02 8.618779e-21 8.618779e-21
2.802000e+02 3.523636e-21 3.523636e-21
2.803000e+02 2.124446e-21 2.124446e-21
2.804000e+02 7.252553e-22 7.252553e-22
2.805000e+02 4.224180e-22 4.224180e-22
2.806000e+02 1.195807e-22 1.195807e-22
2.807000e+02 6.768753e-23 6.768753e-23
2.808000e+02 1.579435e-23 1.579435e-23
2.809000e+02 8.732745e-24 8.732745e-24
2.810000e+02 1.671140e-24 1.671140e-24
2.811000e+02 9.063913e-25 9.063913e-25
2.812000e+02 1.416427e-25 1.416427e-25
2.813000e+02 7.562993e-26 7.562993e-26
2.814000e+02 9.617143e-27 9.617143e-27
2.815000e+02 5.070111e-27 5.070111e-27
2.816000e+02 5.230802e-28 5.230802e-28
2.817000e+02 2.729355e-28 2.729355e-28
2.818000e+02 2.279087e-29 2.279087e-29
2.819000e+02 1.179317e-29 1.179317e-29
2.820000e+02 7.954703e-31 7.954703e-31
2.821000e+02 4.088557e-31 4.088557e-31
2.822000e+02 2.224116e-32 2.224116e-32
2.823000e+02 1.136966e-32 1.136966e-32
2.824000e+02 4.981513e-34 4.981513e-34
2.825000e+02 2.535446e-34 2.535446e-34
2.826000e+02 8.937900e-36 8.937900e-36
2.827000e+02 4.533182e-36 4.533182e-36
2.828000e+02 1.284636e-37 1.284636e-37
2.829000e+02 6.497136e-38 6.497136e-38
2.830000e+02 1.479092e-39 1.479092e-39
2.831000e+02 7.463671e-40 7.463671e-40
2.832000e+02 1.364208e-41 1.364208e-41
2.833000e+02 6.871438e-42 6.871438e-42
2.834000e+02 1.007944e-43 1.007944e-43
2.835000e+02 5.069550e-44 5.069550e-44
2.836000e+02 5.965718e-46 5.965718e-46
2.837000e+02 2.997002e-46 2.997002e-46
2.838000e+02 2.828521e-48 2.828521e-48
2.839000e+02 1.419632e-48 1.419632e-48
2.840000e+02 1.074302e-50 1.074302e-50
2.841000e+02 5.387910e-51 5.387910e-51
2.842000e+02 3.279782e-53 3.279782e-53
2.843000e+02 4.009346e-53 4.009346e-53
2.844000e+02 4.738909e-53 4.738909e-53
2.845000e+02 8.052208e-51 8.052208e-51
2.846000e+02 1.605703e-50 1.605703e-50
2.847000e+02 2.190874e-48 2.190874e-48
2.848000e+02 4.365691e-48 4.365691e-48
2.849000e+02 4.776070e-46 4.776070e-46
2.850000e+02 9.508483e-46 9.508483e-46
2.851000e+02 8.342418e-44 8.342418e-44
2.852000e+02 1.658975e-43 1.658975e-43
2.853000e+02 1.167630e-41 1.167630e-41
2.854000e+02 2.318670e-41 2.318670e-41
2.855000e+02 1.309604e-39 1.309604e-39
2.856000e+02 2.596022e-39 2.596022e-39
2.857000e+02 1.177155e-37 1.177155e-37
2.858000e+02 2.328350e-37 2.328350e-37
2.859000e+02 8.480696e-36 8.480696e-36
2.860000e+02 1.672856e-35 1.672856e-35
2.861000e+02 4.897677e-34 4.897677e-34
2.862000e+02 9.628068e-34 9.628068e-34
2.863000e+02 2.267666e-32 2.267666e-32
2.864000e+02 4.439052e-32 4.439052e-32
2.865000e+02 8.419457e-31 8.419457e-31
2.866000e+02 1.639501e-30 1.639501e-30
2.867000e+02 2.507320e-29 2.507320e-29
2.868000e+02 4.850690e-29 4.850690e-29
2.869000e+02 5.990786e-28 5.990786e-28
2.870000e+02 1.149650e-27 1.149650e-27
2.871000e+02 1.148844e-26 1.148844e-26
2.872000e+02 2.182722e-26 2.182722e-26
2.873000e+02 1.768996e-25 1.768996e-25
2.874000e+02 3.319721e-25 3.319721e-25
2.875000e+02 2.188283e-24 2.188283e-24
2.876000e+02 4.044595e-24 4.044595e-24
2.877000e+02 2.175965e-23 2.175965e-23
2.878000e+02 3.947470e-23 3.947470e-23
2.879000e+02 1.740506e-22 1.740506e-22
2.880000e+02 3.086264e-22 3.086264e-22
2.881000e+02 1.120782e-21 1.120782e-21
2.882000e+02 1.932937e-21 1.932937e-21
2.883000e+02 5.815365e-21 5.815365e-21
2.884000e+02 9.697792e-21 9.697792e-21
2.885000e+02 2.433694e-20 2.433694e-20
2.886000e+02 3.897610e-20 3.897610e-20
2.887000e+02 8.223089e-20 8.223089e-20
2.888000e+02 1.254857e-19 1.254857e-19
2.889000e+02 2.245622e-19 2.245622e-19
2.890000e+02 3.236387e-19 3.236387e-19
2.891000e+02 4.961431e-19 4.961431e-19
2.892000e+02 6.686474e-19 6.686474e-19
2.893000e+02 8.876410e-19 8.876410e-19
2.894000e+02 1.106635e-18 1.106635e-18
2.895000e+02 1.286904e-18 1.286904e-18
2.896000e+02 1.467174e-18 1.467174e-18
2.897000e+02 1.512699e-18 1.512699e-18
2.898000e+02 1.558223e-18 1.558223e-18
2.899000e+02 1.441966e-18 1.441966e-18
2.900000e+02 1.325708e-18 1.325708e-18
2.901000e+02 1.114613e-18 1.114613e-18
2.902000e+02 9.035175e-19 9.035175e-19
2.903000e+02 6.984000e-19 6.984000e-19
2.904000e+02 4.932824e-19 4.932824e-19
2.905000e+02 3.545098e-19 3.545098e-19
2.906000e+02 2.157373e-19 2.157373e-19
2.907000e+02 1.456602e-19 1.456602e-19
2.908000e+02 7.558316e-20 7.558316e-20
2.909000e+02 4.839791e-20 4.839791e-20
2.910000e+02 2.121267e-20 2.121267e-20
2.911000e+02 1.299088e-20 1.299088e-20
2.912000e+02 4.769095e-21 4.769095e-21
2.913000e+02 2.814002e-21 2.814002e-21
2.914000e+02 8.589089e-22 8.589089e-22
2.915000e+02 4.914126e-22 4.914126e-22
2.916000e+02 1.239163e-22 1.239163e-22
2.917000e+02 6.911879e-23 6.911879e-23
2.918000e+02 1.432124e-23 1.432124e-23
2.919000e+02 7.823556e-24 7.823556e-24
2.920000e+02 1.325876e-24 1.325876e-24
2.921000e+02 7.121039e-25 7.121039e-25
2.922000e+02 9.833214e-26 9.833214e-26
2.923000e+02 5.208705e-26 5.208705e-26
2.924000e+02 5.841960e-27 5.841960e-27
2.925000e+02 3.059995e-27 3.059995e-27
2.926000e+02 2.780303e-28 2.780303e-28
2.927000e+02 1.443150e-28 1.443150e-28
2.928000e+02 1.059976e-29 1.059976e-29
2.929000e+02 5.461740e-30 5.461740e-30
2.930000e+02 3.237206e-31 3.237206e-31
2.931000e+02 1.658202e-31 1.658202e-31
2.932000e+02 7.919814e-33 7.919814e-33
2.933000e+02 4.037514e-33 4.037514e-33
2.934000e+02 1.552137e-34 1.552137e-34
2.935000e+02 7.882525e-35 7.882525e-35
2.936000e+02 2.436776e-36 2.436776e-36
2.937000e+02 1.233711e-36 1.233711e-36
2.938000e+02 3.064584e-38 3.064584e-38
2.939000e+02 1.547729e-38 1.547729e-38
2.940000e+02 3.087435e-40 3.087435e-40
2.941000e+02 1.556176e-40 1.556176e-40
2.942000e+02 2.491693e-42 2.491693e-42
2.943000e+02 1.253901e-42 1.253901e-42
2.944000e+02 1.610874e-44 1.610874e-44
2.945000e+02 8.096084e-45 8.096084e-45
2.946000e+02 8.342557e-47 8.342557e-47
2.947000e+02 4.188584e-47 4.188584e-47
2.948000e+02 3.461044e-49 3.461044e-49
2.949000e+02 1.736273e-49 1.736273e-49
2.950000e+02 1.150232e-51 1.150232e-51
2.951000e+02 5.766471e-52 5.766471e-52
2.952000e+02 3.062204e-54 3.062204e-54
2.953000e+02 1.534367e-54 1.534367e-54
2.954000e+02 6.530603e-57 6.530603e-57
2.955000e+02 3.270880e-57 3.270880e-57
2.956000e+02 1.115688e-59 1.115688e-59
2.957000e+02 5.586074e-60 5.586074e-60
2.958000e+02 1.526876e-62 1.526876e-62
2.959000e+02 7.665590e-63 7.665590e-63
2.960000e+02 6.241896e-65 6.241896e-65
2.961000e+02 2.096293e-62 2.096293e-62
2.962000e+02 4.186345e-62 4.186345e-62
2.963000e+02 1.538781e-59 1.538781e-59
2.964000e+02 3.073376e-59 3.073376e-59
2.965000e+02 9.052629e-57 9.052629e-57
2.966000e+02 1.807452e-56 1.807452e-56
2.967000e+02 4.266575e-54 4.266575e-54
2.968000e+02 8.515075e-54 8.515075e-54
2.969000e+02 1.611016e-51 1.611016e-51
2.970000e+02 3.213516e-51 3.213516e-51
2.971000e+02 4.873569e-49 4.873569e-49
2.972000e+02 9.715002e-49 9.715002e-49
2.973000e+02 1.181232e-46 1.181232e-46
2.974000e+02 2.352750e-46 2.352750e-46
2.975000e+02 2.293939e-44 2.293939e-44
2.976000e+02 4.564350e-44 4.564350e-44
2.977000e+02 3.569506e-42 3.569506e-42
2.978000e+02 7.093369e-42 7.093369e-42
2.979000e+02 4.450832e-40 4.450832e-40
2.980000e+02 8.830729e-40 8.830729e-40
2.981000e+02 4.447481e-38 4.447481e-38
2.982000e+02 8.806655e-38 8.806655e-38
2.983000e+02 3.561790e-36 3.561790e-36
2.984000e+02 7.035514e-36 7.035514e-36
2.985000e+02 2.286414e-34 2.286414e-34
2.986000e+02 4.502472e-34 4.502472e-34
2.987000e+02 1.176621e-32 1.176621e-32
2.988000e+02 2.308217e-32 2.308217e-32
2.989000e+02 4.855022e-31 4.855022e-31
2.990000e+02 9.479222e-31 9.479222e-31
2.991000e+02 1.606622e-29 1.606622e-29
2.992000e+02 3.118453e-29 3.118453e-29
2.993000e+02 4.265016e-28 4.265016e-28
2.994000e+02 8.218186e-28 8.218186e-28
2.995000e+02 9.085584e-27 9.085584e-27
2.996000e+02 1.734935e-26 1.734935e-26
2.997000e+02 1.553749e-25 1.553749e-25
2.998000e+02 2.934005e-25 2.934005e-25
2.999000e+02 2.134071e-24 2.134071e-24
3.000000e+02 3.974741e-24 3.974741e-24
3.001000e+02 2.355475e-23 2.355475e-23
3.002000e+02 4.313475e-23 4.313475e-23
3.003000e+02 2.090608e-22 2.090608e-22
3.004000e+02 3.749869e-22 3.749869e-22
3.005000e+02 1.493199e-21 1.493199e-21
3.006000e+02 2.611412e-21 2.611412e-21
3.007000e+02 8.589791e-21 8.589791e-21
3.008000e+02 1.456817e-20 1.456817e-20
3.009000e+02 3.983589e-20 3.983589e-20
3.010000e+02 6.510361e-20 6.510361e-20
3.011000e+02 1.490839e-19 1.490839e-19
3.012000e+02 2.330642e-19 2.330642e-19
3.013000e+02 4.507166e-19 4.507166e-19
3.014000e+02 6.683691e-19 6.683691e-19
3.015000e+02 1.101895e-18 1.101895e-18
3.016000e+02 1.535421e-18 1.535421e-18
3.017000e+02 2.180506e-18 2.180506e-18
3.018000e+02 2.825591e-18 2.825591e-18
3.019000e+02 3.495517e-18 3.495517e-18
3.020000e+02 4.165444e-18 4.165444e-18
3.021000e+02 4.542261e-18 4.542261e-18
3.022000e+02 4.919078e-18 4.919078e-18
3.023000e+02 4.786273e-18 4.786273e-18
3.024000e+02 4.653467e-18 4.653467e-18
3.025000e+02 4.089967e-18 4.089967e-18
3.026000e+02 3.526467e-18 3.526467e-18
3.027000e+02 2.833627e-18 2.833627e-18
3.028000e+02 2.140787e-18 2.140787e-18
3.029000e+02 1.590926e-18 1.590926e-18
3.030000e+02 1.041064e-18 1.041064e-18
3.031000e+02 7.233107e-19 7.233107e-19
3.032000e+02 4.055571e-19 4.055571e-19
3.033000e+02 2.660586e-19 2.660586e-19
3.034000e+02 1.265601e-19 1.265601e-19
3.035000e+02 7.909917e-20 7.909917e-20
3.036000e+02 3.163823e-20 3.163823e-20
3.037000e+02 1.898699e-20 1.898699e-20
3.038000e+02 6.335747e-21 6.335747e-21
3.039000e+02 3.676061e-21 3.676061e-21
3.040000e+02 1.016375e-21 1.016375e-21
3.041000e+02 5.734930e-22 5.734930e-22
3.042000e+02 1.306112e-22 1.306112e-22
3.043000e+02 7.202834e-23 7.202834e-23
3.044000e+02 1.344551e-23 1.344551e-23
3.045000e+02 7.277143e-24 7.277143e-24
3.046000e+02 1.108778e-24 1.108778e-24
3.047000e+02 5.910117e-25 5.910117e-25
3.048000e+02 7.324570e-26 7.324570e-26
3.049000e+02 3.856088e-26 3.856088e-26
3.050000e+02 3.876057e-27 3.876057e-27
3.051000e+02 2.020185e-27 2.020185e-27
3.052000e+02 1.643118e-28 1.643118e-28
3.053000e+02 8.494578e-29 8.494578e-29
3.054000e+02 5.579786e-30 5.579786e-30
3.055000e+02 2.865787e-30 2.865787e-30
3.056000e+02 1.517878e-31 1.517878e-31
3.057000e+02 7.754774e-32 7.754774e-32
3.058000e+02 3.307703e-33 3.307703e-33
3.059000e+02 1.682722e-33 1.682722e-33
3.060000e+02 5.774130e-35 5.774130e-35
3.061000e+02 2.927438e-35 2.927438e-35
3.062000e+02 8.074526e-37 8.074526e-37
3.063000e+02 4.082489e-37 4.082489e-37
3.064000e+02 9.045195e-39 9.045195e-39
3.065000e+02 4.563182e-39 4.563182e-39
3.066000e+02 8.116882e-41 8.116882e-41
3.067000e+02 4.087615e-41 4.087615e-41
3.068000e+02 5.834866e-43 5.834866e-43
3.069000e+02 2.934233e-43 2.934233e-43
3.070000e+02 3.360029e-45 3.360029e-45
3.071000e+02 1.687764e-45 1.687764e-45
3.072000e+02 1.549978e-47 1.549978e-47
3.073000e+02 7.778527e-48 7.778527e-48
3.074000e+02 5.727675e-50 5.727675e-50
3.075000e+02 2.872315e-50 2.872315e-50
3.076000e+02 1.695515e-52 1.695515e-52
3.077000e+02 8.497678e-53 8.497678e-53
3.078000e+02 4.020641e-55 4.020641e-55
3.079000e+02 2.014139e-55 2.014139e-55
3.080000e+02 7.637644e-58 7.637644e-58
3.081000e+02 3.824633e-58 3.824633e-58
3.082000e+02 1.162235e-60 1.162235e-60
3.083000e+02 5.818258e-61 5.818258e-61
3.084000e+02 1.416768e-63 1.416768e-63
3.085000e+02 7.090759e-64 7.090759e-64
3.086000e+02 1.383484e-66 1.383484e-66
3.087000e+02 6.922831e-67 6.922831e-67
3.088000e+02 1.082231e-69 1.082231e-69
3.089000e+02 5.414544e-70 5.414544e-70
3.090000e+02 6.781659e-73 6.781659e-73
3.091000e+02 3.392531e-73 3.392531e-73
3.092000e+02 3.404511e-76 3.404511e-76
3.093000e+02 2.040176e-76 2.040176e-76
3.094000e+02 6.758425e-77 6.758425e-77
3.095000e+02 7.212401e-74 7.212401e-74
3.096000e+02 1.441804e-73 1.441804e-73
3.097000e+02 1.235213e-70 1.235213e-70
3.098000e+02 2.468983e-70 2.468983e-70
3.099000e+02 1.694677e-67 1.694677e-67
3.100000e+02 3.386884e-67 3.386884e-67
3.101000e+02 1.862593e-64 1.862593e-64
3.102000e+02 3.721800e-64 3.721800e-64
3.103000e+02 1.639982e-61 1.639982e-61
3.104000e+02 3.276242e-61 3.276242e-61
3.105000e+02 1.156791e-58 1.156791e-58
3.106000e+02 2.310306e-58 2.310306e-58
3.107000e+02 6.536894e-56 6.536894e-56
3.108000e+02 1.305068e-55 1.305068e-55
3.109000e+02 2.959349e-53 2.959349e-53
3.110000e+02 5.905648e-53 5.905648e-53
3.111000e+02 1.073343e-50 1.073343e-50
3.112000e+02 2.140781e-50 2.140781e-50
3.113000e+02 3.118963e-48 3.118963e-48
3.114000e+02 6.216518e-48 6.216518e-48
3.115000e+02 7.261488e-46 7.261488e-46
3.116000e+02 1.446081e-45 1.446081e-45
3.117000e+02 1.354574e-43 1.354574e-43
3.118000e+02 2.694688e-43 2.694688e-43
3.119000e+02 2.024717e-41 2.024717e-41
3.120000e+02 4.022487e-41 4.022487e-41
3.121000e+02 2.425147e-39 2.425147e-39
3.122000e+02 4.810069e-39 4.810069e-39
3.123000e+02 2.327869e-37 2.327869e-37
3.124000e+02 4.607638e-37 4.607638e-37
3.125000e+02 1.790890e-35 1.790890e-35
3.126000e+02 3.535703e-35 3.535703e-35
3.127000e+02 1.104389e-33 1.104389e-33
3.128000e+02 2.173420e-33 2.173420e-33
3.129000e+02 5.459880e-32 5.459880e-32
3.130000e+02 1.070242e-31 1.070242e-31
3.131000e+02 2.164378e-30 2.164378e-30
3.132000e+02 4.221731e-30 4.221731e-30
3.133000e+02 6.881298e-29 6.881298e-29
3.134000e+02 1.334042e-28 1.334042e-28
3.135000e+02 1.755155e-27 1.755155e-27
3.136000e+02 3.376907e-27 3.376907e-27
3.137000e+02 3.592649e-26 3.592649e-26
3.138000e+02 6.847608e-26 6.847608e-26
3.139000e+02 5.903973e-25 5.903973e-25
3.140000e+02 1.112318e-24 1.112318e-24
3.141000e+02 7.793180e-24 7.793180e-24
3.142000e+02 1.447404e-23 1.447404e-23
3.143000e+02 8.267514e-23 8.267514e-23
3.144000e+02 1.508762e-22 1.508762e-22
3.145000e+02 7.053681e-22 7.053681e-22
3.146000e+02 1.259860e-21 1.259860e-21
3.147000e+02 4.843635e-21 4.843635e-21
3.148000e+02 8.427411e-21 8.427411e-21
3.149000e+02 2.679279e-20 2.679279e-20
3.150000e+02 4.515818e-20 4.515818e-20
3.151000e+02 1.195004e-19 1.195004e-19
3.152000e+02 1.938425e-19 1.938425e-19
3.153000e+02 4.301958e-19 4.301958e-19
3.154000e+02 6.665491e-19 6.665491e-19
3.155000e+02 1.251302e-18 1.251302e-18
3.156000e+02 1.836055e-18 1.836055e-18
3.157000e+02 2.943748e-18 2.943748e-18
3.158000e+02 4.051441e-18 4.051441e-18
3.159000e+02 5.606468e-18 5.606468e-18
3.160000e+02 7.161496e-18 7.161496e-18
3.161000e+02 8.651103e-18 8.651103e-18
3.162000e+02 1.014071e-17 1.014071e-17
3.163000e+02 1.082175e-17 1.082175e-17
3.164000e+02 1.150280e-17 1.150280e-17
3.165000e+02 1.097751e-17 1.097751e-17
3.166000e+02 1.045223e-17 1.045223e-17
3.167000e+02 9.030240e-18 9.030240e-18
3.168000e+02 7.608251e-18 7.608251e-18
3.169000e+02 6.022327e-18 6.022327e-18
3.170000e+02 4.436404e-18 4.436404e-18
3.171000e+02 3.254340e-18 3.254340e-18
3.172000e+02 2.072277e-18 2.072277e-18
3.173000e+02 1.423846e-18 1.423846e-18
3.174000e+02 7.754161e-19 7.754161e-19
3.175000e+02 5.039231e-19 5.039231e-19
3.176000e+02 2.324301e-19 2.324301e-19
3.177000e+02 1.441206e-19 1.441206e-19
3.178000e+02 5.581105e-20 5.581105e-20
3.179000e+02 3.327323e-20 3.327323e-20
3.180000e+02 1.073541e-20 1.073541e-20
3.181000e+02 6.194801e-21 6.194801e-21
3.182000e+02 1.654197e-21 1.654197e-21
3.183000e+02 9.291914e-22 9.291914e-22
3.184000e+02 2.041861e-22 2.041861e-22
3.185000e+02 1.121880e-22 1.121880e-22
3.186000e+02 2.018997e-23 2.018997e-23
3.187000e+02 1.089461e-23 1.089461e-23
3.188000e+02 1.599247e-24 1.599247e-24
3.189000e+02 8.503619e-25 8.503619e-25
3.190000e+02 1.014766e-25 1.014766e-25
3.191000e+02 5.331733e-26 5.331733e-26
3.192000e+02 5.158062e-27 5.158062e-27
3.193000e+02 2.684045e-27 2.684045e-27
3.194000e+02 2.100282e-28 2.100282e-28
3.195000e+02 1.084395e-28 1.084395e-28
3.196000e+02 6.850766e-30 6.850766e-30
3.197000e+02 3.514887e-30 3.514887e-30
3.198000e+02 1.790074e-31 1.790074e-31
3.199000e+02 9.137717e-32 9.137717e-32
3.200000e+02 3.746911e-33 3.746911e-33
3.201000e+02 1.904869e-33 1.873455e-33
3.202000e+02 6.282696e-35 1.735845e-43
