# SH cross sections
# From the Leiden database for photodissociation and photoionization of astrophysically relevant molecules, http://home.strw.leidenuniv.nl/~ewine/photo/
# File last modified by Alan Heays 2017-03-01
# references: johns1961 10.1139/p61-016, friedl1983, bruna1987 10.1080/00268978700101851, resende2001 10.1063/1.1381577, sun_lee2001,
# no info on lines
# wavelength: (nm)
# photoabsorption   -- Photoabsorption cross section (cm2)
# photoionisation   -- Photoionisation cross section (cm2)
# This version has been resampled to a uniform 0.1nm grid while maintaining a constant integrated cross section (using trapezoidal integration).
# wavelength photoabsorption photoionisation
9.000000e+01 2.935741e-19 2.935741e-19
9.010000e+01 3.102271e-19 3.102271e-19
9.020000e+01 3.276431e-19 3.276431e-19
9.030000e+01 3.458448e-19 3.458448e-19
9.040000e+01 3.648554e-19 3.648554e-19
9.050000e+01 3.846976e-19 3.846976e-19
9.060000e+01 4.053941e-19 4.053941e-19
9.070000e+01 4.269671e-19 4.269671e-19
9.080000e+01 4.494389e-19 4.494389e-19
9.090000e+01 4.728311e-19 4.728311e-19
9.100000e+01 4.971651e-19 4.971651e-19
9.110000e+01 5.224616e-19 5.224616e-19
9.120000e+01 5.487408e-19 5.487408e-19
9.130000e+01 5.760224e-19 5.760224e-19
9.140000e+01 6.043251e-19 6.043251e-19
9.150000e+01 6.336670e-19 6.336670e-19
9.160000e+01 6.640652e-19 6.640652e-19
9.170000e+01 6.955359e-19 6.955359e-19
9.180000e+01 7.280941e-19 7.280941e-19
9.190000e+01 7.617539e-19 7.617539e-19
9.200000e+01 7.965279e-19 7.965279e-19
9.210000e+01 8.324277e-19 8.324277e-19
9.220000e+01 8.694632e-19 8.694632e-19
9.230000e+01 9.076430e-19 9.076430e-19
9.240000e+01 9.469741e-19 9.469741e-19
9.250000e+01 9.874618e-19 9.874618e-19
9.260000e+01 1.029110e-18 1.029110e-18
9.270000e+01 1.071920e-18 1.071920e-18
9.280000e+01 1.115892e-18 1.115892e-18
9.290000e+01 1.161023e-18 1.161023e-18
9.300000e+01 1.207311e-18 1.207311e-18
9.310000e+01 1.254747e-18 1.254747e-18
9.320000e+01 1.303325e-18 1.303325e-18
9.330000e+01 1.353033e-18 1.353033e-18
9.340000e+01 1.403858e-18 1.403858e-18
9.350000e+01 1.455785e-18 1.455785e-18
9.360000e+01 1.508795e-18 1.508795e-18
9.370000e+01 1.562869e-18 1.562869e-18
9.380000e+01 1.617983e-18 1.617983e-18
9.390000e+01 1.674113e-18 1.674113e-18
9.400000e+01 1.731229e-18 1.731229e-18
9.410000e+01 1.789302e-18 1.789302e-18
9.420000e+01 1.848297e-18 1.848297e-18
9.430000e+01 1.908179e-18 1.908179e-18
9.440000e+01 1.968910e-18 1.968910e-18
9.450000e+01 2.030446e-18 2.030446e-18
9.460000e+01 2.092745e-18 2.092745e-18
9.470000e+01 2.155760e-18 2.155760e-18
9.480000e+01 2.219442e-18 2.219442e-18
9.490000e+01 2.283738e-18 2.283738e-18
9.500000e+01 2.348593e-18 2.348593e-18
9.510000e+01 2.413952e-18 2.413952e-18
9.520000e+01 2.479754e-18 2.479754e-18
9.530000e+01 2.545937e-18 2.545937e-18
9.540000e+01 2.612438e-18 2.612438e-18
9.550000e+01 2.679190e-18 2.679190e-18
9.560000e+01 2.746124e-18 2.746124e-18
9.570000e+01 2.813170e-18 2.813170e-18
9.580000e+01 2.880256e-18 2.880256e-18
9.590000e+01 2.947306e-18 2.947306e-18
9.600000e+01 3.014245e-18 3.014245e-18
9.610000e+01 3.080996e-18 3.080996e-18
9.620000e+01 3.147479e-18 3.147479e-18
9.630000e+01 3.213614e-18 3.213614e-18
9.640000e+01 3.279320e-18 3.279320e-18
9.650000e+01 3.344515e-18 3.344515e-18
9.660000e+01 3.409114e-18 3.409114e-18
9.670000e+01 3.473035e-18 3.473035e-18
9.680000e+01 3.536193e-18 3.536193e-18
9.690000e+01 3.598503e-18 3.598503e-18
9.700000e+01 3.659881e-18 3.659881e-18
9.710000e+01 3.720243e-18 3.720243e-18
9.720000e+01 3.779504e-18 3.779504e-18
9.730000e+01 3.837580e-18 3.837580e-18
9.740000e+01 3.894389e-18 3.894389e-18
9.750000e+01 3.949847e-18 3.949847e-18
9.760000e+01 4.003875e-18 4.003875e-18
9.770000e+01 4.056391e-18 4.056391e-18
9.780000e+01 4.107319e-18 4.107319e-18
9.790000e+01 4.156580e-18 4.156580e-18
9.800000e+01 4.204100e-18 4.204100e-18
9.810000e+01 4.249806e-18 4.249806e-18
9.820000e+01 4.293627e-18 4.293627e-18
9.830000e+01 4.335495e-18 4.335495e-18
9.840000e+01 4.375345e-18 4.375345e-18
9.850000e+01 4.413113e-18 4.413113e-18
9.860000e+01 4.448740e-18 4.448740e-18
9.870000e+01 4.482168e-18 4.482168e-18
9.880000e+01 4.513344e-18 4.513344e-18
9.890000e+01 4.542218e-18 4.542218e-18
9.900000e+01 4.568742e-18 4.568742e-18
9.910000e+01 4.592873e-18 4.592873e-18
9.920000e+01 4.614572e-18 4.614572e-18
9.930000e+01 4.633803e-18 4.633803e-18
9.940000e+01 4.650535e-18 4.650535e-18
9.950000e+01 4.664741e-18 4.664741e-18
9.960000e+01 4.676395e-18 4.676395e-18
9.970000e+01 4.685480e-18 4.685480e-18
9.980000e+01 4.691980e-18 4.691980e-18
9.990000e+01 4.695884e-18 4.695884e-18
1.000000e+02 4.697186e-18 4.697186e-18
1.001000e+02 4.695884e-18 4.695884e-18
1.002000e+02 4.691980e-18 4.691980e-18
1.003000e+02 4.685480e-18 4.685480e-18
1.004000e+02 4.676395e-18 4.676395e-18
1.005000e+02 4.664741e-18 4.664741e-18
1.006000e+02 4.650535e-18 4.650535e-18
1.007000e+02 4.633803e-18 4.633803e-18
1.008000e+02 4.614572e-18 4.614572e-18
1.009000e+02 4.592873e-18 4.592873e-18
1.010000e+02 4.568742e-18 4.568742e-18
1.011000e+02 4.542218e-18 4.542218e-18
1.012000e+02 4.513344e-18 4.513344e-18
1.013000e+02 4.482168e-18 4.482168e-18
1.014000e+02 4.448740e-18 4.448740e-18
1.015000e+02 4.413113e-18 4.413113e-18
1.016000e+02 4.375345e-18 4.375345e-18
1.017000e+02 4.335495e-18 4.335495e-18
1.018000e+02 4.293627e-18 4.293627e-18
1.019000e+02 4.249806e-18 4.249806e-18
1.020000e+02 4.204100e-18 4.204100e-18
1.021000e+02 4.156580e-18 4.156580e-18
1.022000e+02 4.107319e-18 4.107319e-18
1.023000e+02 4.056391e-18 4.056391e-18
1.024000e+02 4.003875e-18 4.003875e-18
1.025000e+02 3.949847e-18 3.949847e-18
1.026000e+02 3.894389e-18 3.894389e-18
1.027000e+02 3.837580e-18 3.837580e-18
1.028000e+02 3.779504e-18 3.779504e-18
1.029000e+02 3.720243e-18 3.720243e-18
1.030000e+02 3.659881e-18 3.659881e-18
1.031000e+02 3.598503e-18 3.598503e-18
1.032000e+02 3.536193e-18 3.536193e-18
1.033000e+02 3.473035e-18 3.473035e-18
1.034000e+02 3.409114e-18 3.409114e-18
1.035000e+02 3.344515e-18 3.344515e-18
1.036000e+02 3.279320e-18 3.279320e-18
1.037000e+02 3.213614e-18 3.213614e-18
1.038000e+02 3.147479e-18 3.147479e-18
1.039000e+02 3.080996e-18 3.080996e-18
1.040000e+02 3.014245e-18 3.014245e-18
1.041000e+02 2.947306e-18 2.947306e-18
1.042000e+02 2.880256e-18 2.880256e-18
1.043000e+02 2.813170e-18 2.813170e-18
1.044000e+02 2.746124e-18 2.746124e-18
1.045000e+02 2.679190e-18 2.679190e-18
1.046000e+02 2.612438e-18 2.612438e-18
1.047000e+02 2.545937e-18 2.545937e-18
1.048000e+02 2.479754e-18 2.479754e-18
1.049000e+02 2.413952e-18 2.413952e-18
1.050000e+02 2.348593e-18 2.348593e-18
1.051000e+02 2.283738e-18 2.283738e-18
1.052000e+02 2.219442e-18 2.219442e-18
1.053000e+02 2.155760e-18 2.155760e-18
1.054000e+02 2.092745e-18 2.092745e-18
1.055000e+02 2.030446e-18 2.030446e-18
1.056000e+02 1.968910e-18 1.968910e-18
1.057000e+02 1.908179e-18 1.908179e-18
1.058000e+02 1.848297e-18 1.848297e-18
1.059000e+02 1.789302e-18 1.789302e-18
1.060000e+02 1.731229e-18 1.731229e-18
1.061000e+02 1.674113e-18 1.674113e-18
1.062000e+02 1.617983e-18 1.617983e-18
1.063000e+02 1.562869e-18 1.562869e-18
1.064000e+02 1.508795e-18 1.508795e-18
1.065000e+02 1.455785e-18 1.455785e-18
1.066000e+02 1.403858e-18 1.403858e-18
1.067000e+02 1.353033e-18 1.353033e-18
1.068000e+02 1.303325e-18 1.303325e-18
1.069000e+02 1.254747e-18 1.254747e-18
1.070000e+02 1.207311e-18 1.207311e-18
1.071000e+02 1.161023e-18 1.161023e-18
1.072000e+02 1.115892e-18 1.115892e-18
1.073000e+02 1.071920e-18 1.071920e-18
1.074000e+02 1.029110e-18 1.029110e-18
1.075000e+02 9.874618e-19 9.874618e-19
1.076000e+02 9.469741e-19 9.469741e-19
1.077000e+02 9.076430e-19 9.076430e-19
1.078000e+02 8.694632e-19 8.694632e-19
1.079000e+02 8.324277e-19 8.324277e-19
1.080000e+02 7.965279e-19 7.965279e-19
1.081000e+02 7.617539e-19 7.617539e-19
1.082000e+02 7.280941e-19 7.280941e-19
1.083000e+02 6.955359e-19 6.955359e-19
1.084000e+02 6.640652e-19 6.640652e-19
1.085000e+02 6.336670e-19 6.336670e-19
1.086000e+02 6.043251e-19 6.043251e-19
1.087000e+02 5.760224e-19 5.760224e-19
1.088000e+02 5.487408e-19 5.487408e-19
1.089000e+02 5.224616e-19 5.224616e-19
1.090000e+02 4.971651e-19 4.971651e-19
1.091000e+02 4.728311e-19 4.728311e-19
1.092000e+02 4.494389e-19 4.494389e-19
1.093000e+02 4.269671e-19 4.269671e-19
1.094000e+02 4.053941e-19 4.053941e-19
1.095000e+02 3.846976e-19 3.846976e-19
1.096000e+02 3.648554e-19 3.648554e-19
1.097000e+02 3.458448e-19 3.458448e-19
1.098000e+02 3.276431e-19 3.276431e-19
1.099000e+02 3.102271e-19 3.102271e-19
1.100000e+02 2.935741e-19 2.935741e-19
1.101000e+02 2.776611e-19 2.776611e-19
1.102000e+02 2.624650e-19 2.624650e-19
1.103000e+02 2.479630e-19 2.479630e-19
1.104000e+02 2.341325e-19 2.341325e-19
1.105000e+02 2.209508e-19 2.209508e-19
1.106000e+02 2.083956e-19 2.083956e-19
1.107000e+02 1.964449e-19 1.964449e-19
1.108000e+02 1.850769e-19 1.850769e-19
1.109000e+02 1.742701e-19 1.742701e-19
1.110000e+02 1.640033e-19 1.640033e-19
1.111000e+02 1.542558e-19 1.542558e-19
1.112000e+02 1.450072e-19 1.450072e-19
1.113000e+02 1.362376e-19 1.362376e-19
1.114000e+02 1.279274e-19 1.279274e-19
1.115000e+02 1.200575e-19 1.200575e-19
1.116000e+02 1.126092e-19 1.126092e-19
1.117000e+02 1.055645e-19 1.055645e-19
1.118000e+02 9.890566e-20 9.890566e-20
1.119000e+02 9.261546e-20 9.261546e-20
1.120000e+02 8.667723e-20 8.667723e-20
1.121000e+02 8.107477e-20 8.107477e-20
1.122000e+02 7.579239e-20 7.579239e-20
1.123000e+02 7.081490e-20 7.081490e-20
1.124000e+02 6.612762e-20 6.612762e-20
1.125000e+02 6.171636e-20 6.171636e-20
1.126000e+02 5.756744e-20 5.756744e-20
1.127000e+02 5.366766e-20 5.366766e-20
1.128000e+02 5.000433e-20 5.000433e-20
1.129000e+02 4.656523e-20 4.656523e-20
1.130000e+02 4.333861e-20 4.333861e-20
1.131000e+02 4.031322e-20 4.031322e-20
1.132000e+02 3.747824e-20 3.747824e-20
1.133000e+02 3.482330e-20 3.482330e-20
1.134000e+02 3.233851e-20 3.233851e-20
1.135000e+02 3.001436e-20 3.001436e-20
1.136000e+02 2.784181e-20 2.784181e-20
1.137000e+02 2.581220e-20 2.581220e-20
1.138000e+02 2.391728e-20 2.391728e-20
1.139000e+02 2.214918e-20 2.214918e-20
1.140000e+02 2.050041e-20 2.050041e-20
1.141000e+02 1.896387e-20 1.896387e-20
1.142000e+02 1.753276e-20 1.753276e-20
1.143000e+02 1.620066e-20 1.620066e-20
1.144000e+02 1.496148e-20 1.496148e-20
1.145000e+02 1.380942e-20 1.380942e-20
1.146000e+02 1.273901e-20 1.273901e-20
1.147000e+02 1.174505e-20 1.174505e-20
1.148000e+02 1.082264e-20 1.082264e-20
1.149000e+02 9.967151e-21 9.967151e-21
1.150000e+02 9.174192e-21 9.174192e-21
1.151000e+02 8.439638e-21 8.439638e-21
1.152000e+02 7.759594e-21 7.759594e-21
1.153000e+02 7.130391e-21 7.130391e-21
1.154000e+02 6.548576e-21 6.548576e-21
1.155000e+02 6.010900e-21 6.010900e-21
1.156000e+02 5.514313e-21 5.514313e-21
1.157000e+02 5.055946e-21 5.055946e-21
1.158000e+02 4.633111e-21 4.633111e-21
1.159000e+02 4.243284e-21 4.243284e-21
1.160000e+02 3.884102e-21 3.884102e-21
1.161000e+02 3.553353e-21 3.553353e-21
1.162000e+02 3.248967e-21 3.248967e-21
1.163000e+02 2.969008e-21 2.969008e-21
1.164000e+02 2.711669e-21 2.711669e-21
1.165000e+02 2.475262e-21 2.475262e-21
1.166000e+02 2.258212e-21 2.258212e-21
1.167000e+02 2.059053e-21 2.059053e-21
1.168000e+02 1.876418e-21 1.876418e-21
1.169000e+02 1.709034e-21 1.709034e-21
1.170000e+02 1.555719e-21 1.555719e-21
1.171000e+02 1.415372e-21 1.415372e-21
1.172000e+02 1.286972e-21 1.286972e-21
1.173000e+02 1.169572e-21 1.169572e-21
1.174000e+02 1.062293e-21 1.062293e-21
1.175000e+02 9.643182e-22 9.643182e-22
1.176000e+02 8.748946e-22 8.748946e-22
1.177000e+02 7.933235e-22 7.933235e-22
1.178000e+02 7.189589e-22 7.189589e-22
1.179000e+02 6.512038e-22 6.512038e-22
1.180000e+02 5.895071e-22 5.895071e-22
1.181000e+02 5.333598e-22 5.333598e-22
1.182000e+02 4.822930e-22 4.822928e-22
1.183000e+02 4.358745e-22 4.358734e-22
1.184000e+02 3.937084e-22 3.937034e-22
1.185000e+02 3.554379e-22 3.554161e-22
1.186000e+02 3.207640e-22 3.206744e-22
1.187000e+02 2.895168e-22 2.891683e-22
1.188000e+02 2.618960e-22 2.606130e-22
1.189000e+02 2.392150e-22 2.347474e-22
