# SH cross sections
# From the Leiden database for photodissociation and photoionization of astrophysically relevant molecules, http://home.strw.leidenuniv.nl/~ewine/photo/
# File last modified by Alan Heays 2017-03-01
# references: johns1961 10.1139/p61-016, friedl1983, bruna1987 10.1080/00268978700101851, resende2001 10.1063/1.1381577, sun_lee2001,
# no info on lines
# wavelength: (nm)
# photoabsorption   -- Photoabsorption cross section (cm2)
# photodissociation -- Photodissociation cross section (cm2)
# This version has been resampled to a uniform 0.1nm grid while maintaining a constant integrated cross section (using trapezoidal integration).
# wavelength photoabsorption photodissociation
1.182000e+02 4.822930e-22 2.245788e-28
1.183000e+02 4.358745e-22 1.090730e-27
1.184000e+02 3.937084e-22 5.011677e-27
1.185000e+02 3.554379e-22 2.178546e-26
1.186000e+02 3.207640e-22 8.959172e-26
1.187000e+02 2.895168e-22 3.485673e-25
1.188000e+02 2.618960e-22 1.282989e-24
1.189000e+02 2.392150e-22 4.467628e-24
1.190000e+02 1.471799e-23 1.471799e-23
1.191000e+02 4.587096e-23 4.587096e-23
1.192000e+02 1.352523e-22 1.352523e-22
1.193000e+02 3.772846e-22 3.772846e-22
1.194000e+02 9.956620e-22 9.956620e-22
1.195000e+02 2.485836e-21 2.485836e-21
1.196000e+02 5.871530e-21 5.871530e-21
1.197000e+02 1.312047e-20 1.312047e-20
1.198000e+02 2.773755e-20 2.773755e-20
1.199000e+02 5.547669e-20 5.547669e-20
1.200000e+02 1.049741e-19 1.049741e-19
1.201000e+02 1.879293e-19 1.879293e-19
1.202000e+02 3.183236e-19 3.183236e-19
1.203000e+02 5.102079e-19 5.102079e-19
1.204000e+02 7.739468e-19 7.739468e-19
1.205000e+02 1.111524e-18 1.111524e-18
1.206000e+02 1.512434e-18 1.512434e-18
1.207000e+02 1.952422e-18 1.952422e-18
1.208000e+02 2.397369e-18 2.397369e-18
1.209000e+02 2.813626e-18 2.813626e-18
1.210000e+02 3.184026e-18 3.184026e-18
1.211000e+02 3.526263e-18 3.526263e-18
1.212000e+02 3.908014e-18 3.908014e-18
1.213000e+02 4.452069e-18 4.452069e-18
1.214000e+02 5.325314e-18 5.325314e-18
1.215000e+02 6.708285e-18 6.708285e-18
1.216000e+02 8.746963e-18 8.746963e-18
1.217000e+02 1.149536e-17 1.149536e-17
1.218000e+02 1.486424e-17 1.486424e-17
1.219000e+02 1.859526e-17 1.859526e-17
1.220000e+02 2.227749e-17 2.227749e-17
1.221000e+02 2.541254e-17 2.541254e-17
1.222000e+02 2.751760e-17 2.751760e-17
1.223000e+02 2.823914e-17 2.823914e-17
1.224000e+02 2.744172e-17 2.744172e-17
1.225000e+02 2.524176e-17 2.524176e-17
1.226000e+02 2.197526e-17 2.197526e-17
1.227000e+02 1.811181e-17 1.811181e-17
1.228000e+02 1.414586e-17 1.414586e-17
1.229000e+02 1.050043e-17 1.050043e-17
1.230000e+02 7.469359e-18 7.469359e-18
1.231000e+02 5.205622e-18 5.205622e-18
1.232000e+02 3.746298e-18 3.746298e-18
1.233000e+02 3.054079e-18 3.054079e-18
1.234000e+02 3.054994e-18 3.054994e-18
1.235000e+02 3.659071e-18 3.659071e-18
1.236000e+02 4.761228e-18 4.761228e-18
1.237000e+02 6.229345e-18 6.229345e-18
1.238000e+02 7.892083e-18 7.892083e-18
1.239000e+02 9.538996e-18 9.538996e-18
1.240000e+02 1.093999e-17 1.093999e-17
1.241000e+02 1.188227e-17 1.188227e-17
1.242000e+02 1.221395e-17 1.221395e-17
1.243000e+02 1.187916e-17 1.187916e-17
1.244000e+02 1.093080e-17 1.093080e-17
1.245000e+02 9.515733e-18 9.515733e-18
1.246000e+02 7.837050e-18 7.837050e-18
1.247000e+02 6.106346e-18 6.106346e-18
1.248000e+02 4.501197e-18 4.501197e-18
1.249000e+02 3.139008e-18 3.139008e-18
1.250000e+02 2.070973e-18 2.070973e-18
1.251000e+02 1.292629e-18 1.292629e-18
1.252000e+02 7.632928e-19 7.632928e-19
1.253000e+02 4.264086e-19 4.264086e-19
1.254000e+02 2.253608e-19 2.253608e-19
1.255000e+02 1.126804e-19 1.126804e-19
1.256000e+02 5.330108e-20 5.330108e-20
1.257000e+02 2.385290e-20 2.385290e-20
1.258000e+02 1.009867e-20 1.009867e-20
1.259000e+02 4.044868e-21 4.044868e-21
1.260000e+02 1.532718e-21 1.532718e-21
1.261000e+02 5.494624e-22 5.494624e-22
1.262000e+02 1.863508e-22 1.863508e-22
1.263000e+02 5.979185e-23 5.979185e-23
1.264000e+02 1.814974e-23 1.814974e-23
1.265000e+02 5.212144e-24 5.212144e-24
1.266000e+02 1.416055e-24 1.416055e-24
1.267000e+02 3.639664e-25 3.639664e-25
1.268000e+02 8.850342e-26 8.850342e-26
1.269000e+02 2.035994e-26 2.035994e-26
1.270000e+02 4.431089e-27 4.431089e-27
1.271000e+02 9.123513e-28 9.123513e-28
1.272000e+02 1.777180e-28 1.777180e-28
1.273000e+02 0.000000e+00 0.000000e+00
1.275000e+02 0.000000e+00 0.000000e+00
1.276000e+02 2.245788e-27 2.245788e-27
1.277000e+02 1.090730e-26 1.090730e-26
1.278000e+02 5.011677e-26 5.011677e-26
1.279000e+02 2.178546e-25 2.178546e-25
1.280000e+02 8.959172e-25 8.959172e-25
1.281000e+02 3.485673e-24 3.485673e-24
1.282000e+02 1.282989e-23 1.282989e-23
1.283000e+02 4.467628e-23 4.467628e-23
1.284000e+02 1.471799e-22 1.471799e-22
1.285000e+02 4.587096e-22 4.587096e-22
1.286000e+02 1.352523e-21 1.352523e-21
1.287000e+02 3.772846e-21 3.772846e-21
1.288000e+02 9.956599e-21 9.956599e-21
1.289000e+02 2.485825e-20 2.485825e-20
1.290000e+02 5.871483e-20 5.871483e-20
1.291000e+02 1.312026e-19 1.312026e-19
1.292000e+02 2.773671e-19 2.773671e-19
1.293000e+02 5.547343e-19 5.547343e-19
1.294000e+02 1.049621e-18 1.049621e-18
1.295000e+02 1.878875e-18 1.878875e-18
1.296000e+02 3.181856e-18 3.181856e-18
1.297000e+02 5.097779e-18 5.097779e-18
1.298000e+02 7.726788e-18 7.726788e-18
1.299000e+02 1.107987e-17 1.107987e-17
1.300000e+02 1.503100e-17 1.503100e-17
1.301000e+02 1.929117e-17 1.929117e-17
1.302000e+02 2.342324e-17 2.342324e-17
1.303000e+02 2.690624e-17 2.690624e-17
1.304000e+02 2.923995e-17 2.923995e-17
1.305000e+02 3.006199e-17 3.006199e-17
1.306000e+02 2.923995e-17 2.923995e-17
1.307000e+02 2.690624e-17 2.690624e-17
1.308000e+02 2.342324e-17 2.342324e-17
1.309000e+02 1.929117e-17 1.929117e-17
1.310000e+02 1.503100e-17 1.503100e-17
1.311000e+02 1.107987e-17 1.107987e-17
1.312000e+02 7.726788e-18 7.726788e-18
1.313000e+02 5.097779e-18 5.097779e-18
1.314000e+02 3.181856e-18 3.181856e-18
1.315000e+02 1.878875e-18 1.878875e-18
1.316000e+02 1.049621e-18 1.049621e-18
1.317000e+02 5.547343e-19 5.547343e-19
1.318000e+02 2.773671e-19 2.773671e-19
1.319000e+02 1.312027e-19 1.312027e-19
1.320000e+02 5.871493e-20 5.871493e-20
1.321000e+02 2.485865e-20 2.485865e-20
1.322000e+02 9.958042e-21 9.958042e-21
1.323000e+02 3.777872e-21 3.777872e-21
1.324000e+02 1.369081e-21 1.369081e-21
1.325000e+02 5.103144e-22 5.103144e-22
1.326000e+02 2.993388e-22 2.993388e-22
1.327000e+02 4.691214e-22 4.691214e-22
1.328000e+02 1.132947e-21 1.132947e-21
1.329000e+02 2.800042e-21 2.800042e-21
1.330000e+02 6.606326e-21 6.606326e-21
1.331000e+02 1.476057e-20 1.476057e-20
1.332000e+02 3.120408e-20 3.120408e-20
1.333000e+02 6.240854e-20 6.240854e-20
1.334000e+02 1.180860e-19 1.180860e-19
1.335000e+02 2.113866e-19 2.113866e-19
1.336000e+02 3.580049e-19 3.580049e-19
1.337000e+02 5.736519e-19 5.736519e-19
1.338000e+02 8.697367e-19 8.697367e-19
1.339000e+02 1.247880e-18 1.247880e-18
1.340000e+02 1.694878e-18 1.694878e-18
1.341000e+02 2.180524e-18 2.180524e-18
1.342000e+02 2.660750e-18 2.660750e-18
1.343000e+02 3.087501e-18 3.087501e-18
1.344000e+02 3.424797e-18 3.424797e-18
1.345000e+02 3.668009e-18 3.668009e-18
1.346000e+02 3.861564e-18 3.861564e-18
1.347000e+02 4.109374e-18 4.109374e-18
1.348000e+02 4.572704e-18 4.572704e-18
1.349000e+02 5.451546e-18 5.451546e-18
1.350000e+02 6.948071e-18 6.948071e-18
1.351000e+02 9.214735e-18 9.214735e-18
1.352000e+02 1.229538e-17 1.229538e-17
1.353000e+02 1.607422e-17 1.607422e-17
1.354000e+02 2.025198e-17 2.025198e-17
1.355000e+02 2.436659e-17 2.436659e-17
1.356000e+02 2.786514e-17 2.786514e-17
1.357000e+02 3.021610e-17 3.021610e-17
1.358000e+02 3.103263e-17 3.103263e-17
1.359000e+02 3.016845e-17 3.016845e-17
1.360000e+02 2.775366e-17 2.775366e-17
1.361000e+02 2.415801e-17 2.415801e-17
1.362000e+02 1.989514e-17 1.989514e-17
1.363000e+02 1.550114e-17 1.550114e-17
1.364000e+02 1.142627e-17 1.142627e-17
1.365000e+02 7.968301e-18 7.968301e-18
1.366000e+02 5.257101e-18 5.257101e-18
1.367000e+02 3.281294e-18 3.281294e-18
1.368000e+02 1.937591e-18 1.937591e-18
1.369000e+02 1.082422e-18 1.082422e-18
1.370000e+02 5.720698e-19 5.720698e-19
1.371000e+02 2.860349e-19 2.860349e-19
1.372000e+02 1.353027e-19 1.353027e-19
1.373000e+02 6.054967e-20 6.054967e-20
1.374000e+02 2.563507e-20 2.563507e-20
1.375000e+02 1.026774e-20 1.026774e-20
1.376000e+02 3.890747e-21 3.890747e-21
1.377000e+02 1.394789e-21 1.394789e-21
1.378000e+02 4.730443e-22 4.730443e-22
1.379000e+02 1.517793e-22 1.517793e-22
1.380000e+02 4.607242e-23 4.607242e-23
1.381000e+02 1.323083e-23 1.323083e-23
1.382000e+02 3.594600e-24 3.594600e-24
1.383000e+02 9.239146e-25 9.239146e-25
1.384000e+02 2.246625e-25 2.246625e-25
1.385000e+02 5.168292e-26 5.168292e-26
1.386000e+02 1.124815e-26 1.124815e-26
1.387000e+02 2.315969e-27 2.315969e-27
1.388000e+02 4.511302e-28 4.511302e-28
1.389000e+02 0.000000e+00 0.000000e+00
1.405000e+02 0.000000e+00 0.000000e+00
1.406000e+02 1.052713e-27 1.052713e-27
1.407000e+02 5.112795e-27 5.112795e-27
1.408000e+02 2.454495e-26 2.454495e-26
1.409000e+02 1.072321e-25 1.072321e-25
1.410000e+02 4.434534e-25 4.434534e-25
1.411000e+02 1.736029e-24 1.736029e-24
1.412000e+02 6.433974e-24 6.433974e-24
1.413000e+02 2.257592e-23 2.257592e-23
1.414000e+02 7.500461e-23 7.500461e-23
1.415000e+02 2.359621e-22 2.359621e-22
1.416000e+02 7.029857e-22 7.029857e-22
1.417000e+02 1.983541e-21 1.983541e-21
1.418000e+02 5.301151e-21 5.301151e-21
1.419000e+02 1.342083e-20 1.342083e-20
1.420000e+02 3.218973e-20 3.218973e-20
1.421000e+02 7.315355e-20 7.315355e-20
1.422000e+02 1.575384e-19 1.575384e-19
1.423000e+02 3.215329e-19 3.215329e-19
1.424000e+02 6.220258e-19 6.220258e-19
1.425000e+02 1.140754e-18 1.140754e-18
1.426000e+02 1.983505e-18 1.983505e-18
1.427000e+02 3.270306e-18 3.270306e-18
1.428000e+02 5.113427e-18 5.113427e-18
1.429000e+02 7.583272e-18 7.583272e-18
1.430000e+02 1.066771e-17 1.066771e-17
1.431000e+02 1.423642e-17 1.423642e-17
1.432000e+02 1.802542e-17 1.802542e-17
1.433000e+02 2.165504e-17 2.165504e-17
1.434000e+02 2.468587e-17 2.468587e-17
1.435000e+02 2.670387e-17 2.670387e-17
1.436000e+02 2.741249e-17 2.741249e-17
1.437000e+02 2.670400e-17 2.670400e-17
1.438000e+02 2.468633e-17 2.468633e-17
1.439000e+02 2.165647e-17 2.165647e-17
1.440000e+02 1.802965e-17 1.802965e-17
1.441000e+02 1.424821e-17 1.424821e-17
1.442000e+02 1.069883e-17 1.069883e-17
1.443000e+02 7.660954e-18 7.660954e-18
1.444000e+02 5.296911e-18 5.296911e-18
1.445000e+02 3.680314e-18 3.680314e-18
1.446000e+02 2.850277e-18 2.850277e-18
1.447000e+02 2.874299e-18 2.874299e-18
1.448000e+02 3.902092e-18 3.902092e-18
1.449000e+02 6.193016e-18 6.193016e-18
1.450000e+02 1.010084e-17 1.010084e-17
1.451000e+02 1.600372e-17 1.600372e-17
1.452000e+02 2.417842e-17 2.417842e-17
1.453000e+02 3.463808e-17 3.463808e-17
1.454000e+02 4.697739e-17 4.697739e-17
1.455000e+02 6.028757e-17 6.028757e-17
1.456000e+02 7.320021e-17 7.320021e-17
1.457000e+02 8.408721e-17 8.408721e-17
1.458000e+02 9.138734e-17 9.138734e-17
1.459000e+02 9.397311e-17 9.397311e-17
1.460000e+02 9.144044e-17 9.144044e-17
1.461000e+02 8.422068e-17 8.422068e-17
1.462000e+02 7.347499e-17 7.347499e-17
1.463000e+02 6.080972e-17 6.080972e-17
1.464000e+02 4.791130e-17 4.791130e-17
1.465000e+02 3.621551e-17 3.621551e-17
1.466000e+02 2.669510e-17 2.669510e-17
1.467000e+02 1.979395e-17 1.979395e-17
1.468000e+02 1.548324e-17 1.548324e-17
1.469000e+02 1.338698e-17 1.338698e-17
1.470000e+02 1.292565e-17 1.292565e-17
1.471000e+02 1.344517e-17 1.344517e-17
1.472000e+02 1.431990e-17 1.431990e-17
1.473000e+02 1.503000e-17 1.503000e-17
1.474000e+02 1.521454e-17 1.521454e-17
1.475000e+02 1.469782e-17 1.469782e-17
1.476000e+02 1.348470e-17 1.348470e-17
1.477000e+02 1.172465e-17 1.172465e-17
1.478000e+02 9.652919e-18 9.652919e-18
1.479000e+02 7.524271e-18 7.524271e-18
1.480000e+02 5.556794e-18 5.556794e-18
1.481000e+02 3.898204e-18 3.898204e-18
1.482000e+02 2.618271e-18 2.618271e-18
1.483000e+02 1.722142e-18 1.722142e-18
1.484000e+02 1.174299e-18 1.174299e-18
1.485000e+02 9.225433e-19 9.225433e-19
1.486000e+02 9.145896e-19 9.145896e-19
1.487000e+02 1.104532e-18 1.104532e-18
1.488000e+02 1.450585e-18 1.450585e-18
1.489000e+02 1.908232e-18 1.908232e-18
1.490000e+02 2.423825e-18 2.423825e-18
1.491000e+02 2.932883e-18 2.932883e-18
1.492000e+02 3.365166e-18 3.365166e-18
1.493000e+02 3.655670e-18 3.655670e-18
1.494000e+02 3.757978e-18 3.757978e-18
1.495000e+02 3.655067e-18 3.655067e-18
1.496000e+02 3.363302e-18 3.363302e-18
1.497000e+02 2.927911e-18 2.927911e-18
1.498000e+02 2.411398e-18 2.411398e-18
1.499000e+02 1.878875e-18 1.878875e-18
1.500000e+02 1.384984e-18 1.384984e-18
1.501000e+02 9.658485e-19 9.658485e-19
1.502000e+02 6.372223e-19 6.372223e-19
1.503000e+02 3.977321e-19 3.977321e-19
1.504000e+02 2.348593e-19 2.348593e-19
1.505000e+02 1.312026e-19 1.312026e-19
1.506000e+02 6.934178e-20 6.934178e-20
1.507000e+02 3.467089e-20 3.467089e-20
1.508000e+02 1.640033e-20 1.640033e-20
1.509000e+02 7.339354e-21 7.339354e-21
1.510000e+02 3.107282e-21 3.107282e-21
1.511000e+02 1.244575e-21 1.244575e-21
1.512000e+02 4.716071e-22 4.716071e-22
1.513000e+02 1.690718e-22 1.690718e-22
1.514000e+02 5.736661e-23 5.736661e-23
1.515000e+02 1.851228e-23 1.851228e-23
1.516000e+02 6.031137e-24 6.031137e-24
1.517000e+02 3.247567e-24 3.247567e-24
1.518000e+02 6.159858e-24 6.159858e-24
1.519000e+02 1.896942e-23 1.896942e-23
1.520000e+02 5.879940e-23 5.879940e-23
1.521000e+02 1.732983e-22 1.732983e-22
1.522000e+02 4.833972e-22 4.833972e-22
1.523000e+02 1.275690e-21 1.275690e-21
1.524000e+02 3.184964e-21 3.184964e-21
1.525000e+02 7.522838e-21 7.522838e-21
1.526000e+02 1.681034e-20 1.681034e-20
1.527000e+02 3.553766e-20 3.553766e-20
1.528000e+02 7.107533e-20 7.107533e-20
1.529000e+02 1.344827e-19 1.344827e-19
1.530000e+02 2.407308e-19 2.407308e-19
1.531000e+02 4.076754e-19 4.076754e-19
1.532000e+02 6.531529e-19 6.531529e-19
1.533000e+02 9.899947e-19 9.899947e-19
1.534000e+02 1.419608e-18 1.419608e-18
1.535000e+02 1.925847e-18 1.925847e-18
1.536000e+02 2.471683e-18 2.471683e-18
1.537000e+02 3.001110e-18 3.001110e-18
1.538000e+02 3.447387e-18 3.447387e-18
1.539000e+02 3.746451e-18 3.746451e-18
1.540000e+02 3.851951e-18 3.851951e-18
1.541000e+02 3.747129e-18 3.747129e-18
1.542000e+02 3.449484e-18 3.449484e-18
1.543000e+02 3.006703e-18 3.006703e-18
1.544000e+02 2.485664e-18 2.485664e-18
1.545000e+02 1.958874e-18 1.958874e-18
1.546000e+02 1.493410e-18 1.493410e-18
1.547000e+02 1.146014e-18 1.146014e-18
1.548000e+02 9.651909e-19 9.651909e-19
1.549000e+02 9.980873e-19 9.980873e-19
1.550000e+02 1.297598e-18 1.297598e-18
1.551000e+02 1.924277e-18 1.924277e-18
1.552000e+02 2.938576e-18 2.938576e-18
1.553000e+02 4.381856e-18 4.381856e-18
1.554000e+02 6.249236e-18 6.249236e-18
1.555000e+02 8.462458e-18 8.462458e-18
1.556000e+02 1.085447e-17 1.085447e-17
1.557000e+02 1.317685e-17 1.317685e-17
1.558000e+02 1.513524e-17 1.513524e-17
1.559000e+02 1.644764e-17 1.644764e-17
1.560000e+02 1.690993e-17 1.690993e-17
1.561000e+02 1.644749e-17 1.644749e-17
1.562000e+02 1.513478e-17 1.513478e-17
1.563000e+02 1.317571e-17 1.317571e-17
1.564000e+02 1.085173e-17 1.085173e-17
1.565000e+02 8.455941e-18 8.455941e-18
1.566000e+02 6.234682e-18 6.234682e-18
1.567000e+02 4.351638e-18 4.351638e-18
1.568000e+02 2.880353e-18 2.880353e-18
1.569000e+02 1.820532e-18 1.820532e-18
1.570000e+02 1.127999e-18 1.127999e-18
1.571000e+02 7.478125e-19 7.478125e-19
1.572000e+02 6.431983e-19 6.431983e-19
1.573000e+02 8.167422e-19 8.167422e-19
1.574000e+02 1.322392e-18 1.322392e-18
1.575000e+02 2.266546e-18 2.266546e-18
1.576000e+02 3.794982e-18 3.794982e-18
1.577000e+02 6.061947e-18 6.061947e-18
1.578000e+02 9.180606e-18 9.180606e-18
1.579000e+02 1.316122e-17 1.316122e-17
1.580000e+02 1.785287e-17 1.785287e-17
1.581000e+02 2.291184e-17 2.291184e-17
1.582000e+02 2.781880e-17 2.781880e-17
1.583000e+02 3.195503e-17 3.195503e-17
1.584000e+02 3.472650e-17 3.472650e-17
1.585000e+02 3.570287e-17 3.570287e-17
1.586000e+02 3.472687e-17 3.472687e-17
1.587000e+02 3.195578e-17 3.195578e-17
1.588000e+02 2.781991e-17 2.781991e-17
1.589000e+02 2.291327e-17 2.291327e-17
1.590000e+02 1.785450e-17 1.785450e-17
1.591000e+02 1.316273e-17 1.316273e-17
1.592000e+02 9.181135e-18 9.181135e-18
1.593000e+02 6.059376e-18 6.059376e-18
1.594000e+02 3.784408e-18 3.784408e-18
1.595000e+02 2.237306e-18 2.237306e-18
1.596000e+02 1.252757e-18 1.252757e-18
1.597000e+02 6.652685e-19 6.652685e-19
1.598000e+02 3.360844e-19 3.360844e-19
1.599000e+02 1.627035e-19 1.627035e-19
1.600000e+02 7.681358e-20 7.681358e-20
1.601000e+02 3.679828e-20 3.679828e-20
1.602000e+02 1.929196e-20 1.929196e-20
1.603000e+02 1.213814e-20 1.213814e-20
1.604000e+02 9.453394e-21 9.453394e-21
1.605000e+02 8.581379e-21 8.581379e-21
1.606000e+02 8.400827e-21 8.400827e-21
1.607000e+02 8.468493e-21 8.468493e-21
1.608000e+02 8.620065e-21 8.620065e-21
1.609000e+02 8.798357e-21 8.798357e-21
1.610000e+02 8.984671e-21 8.984671e-21
1.611000e+02 9.173255e-21 9.173255e-21
1.612000e+02 9.362445e-21 9.362445e-21
1.613000e+02 9.551788e-21 9.551788e-21
1.614000e+02 9.741166e-21 9.741166e-21
1.615000e+02 9.930553e-21 9.930553e-21
1.616000e+02 1.011994e-20 1.011994e-20
1.617000e+02 1.030933e-20 1.030933e-20
1.618000e+02 1.049872e-20 1.049872e-20
1.619000e+02 1.068811e-20 1.068811e-20
1.620000e+02 1.087750e-20 1.087750e-20
1.621000e+02 1.106689e-20 1.106689e-20
1.622000e+02 1.125628e-20 1.125628e-20
1.623000e+02 1.203948e-20 1.203948e-20
1.624000e+02 1.283170e-20 1.283170e-20
1.625000e+02 1.362393e-20 1.362393e-20
1.626000e+02 1.441615e-20 1.441615e-20
1.627000e+02 1.520837e-20 1.520837e-20
1.628000e+02 1.600060e-20 1.600060e-20
1.629000e+02 1.679282e-20 1.679282e-20
1.630000e+02 1.758505e-20 1.758505e-20
1.631000e+02 1.837730e-20 1.837730e-20
1.632000e+02 1.916962e-20 1.916962e-20
1.633000e+02 1.996223e-20 1.996223e-20
1.634000e+02 2.075591e-20 2.075591e-20
1.635000e+02 2.155339e-20 2.155339e-20
1.636000e+02 2.236352e-20 2.236352e-20
1.637000e+02 2.321341e-20 2.321341e-20
1.638000e+02 2.418087e-20 2.418087e-20
1.639000e+02 2.547586e-20 2.547586e-20
1.640000e+02 2.762952e-20 2.762952e-20
1.641000e+02 3.190010e-20 3.190010e-20
1.642000e+02 4.107451e-20 4.107451e-20
1.643000e+02 6.091106e-20 6.091106e-20
1.644000e+02 1.024777e-19 1.024777e-19
1.645000e+02 1.854874e-19 1.854874e-19
1.646000e+02 3.422987e-19 3.422987e-19
1.647000e+02 6.214648e-19 6.214648e-19
1.648000e+02 1.088712e-18 1.088712e-18
1.649000e+02 1.822432e-18 1.822432e-18
1.650000e+02 2.900930e-18 2.900930e-18
1.651000e+02 4.380540e-18 4.380540e-18
1.652000e+02 6.267440e-18 6.267440e-18
1.653000e+02 8.490742e-18 8.490742e-18
1.654000e+02 1.088788e-17 1.088788e-17
1.655000e+02 1.321296e-17 1.321296e-17
1.656000e+02 1.517294e-17 1.517294e-17
1.657000e+02 1.648644e-17 1.648644e-17
1.658000e+02 1.694964e-17 1.694964e-17
1.659000e+02 1.648803e-17 1.648803e-17
1.660000e+02 1.517611e-17 1.517611e-17
1.661000e+02 1.321772e-17 1.321772e-17
1.662000e+02 1.089422e-17 1.089422e-17
1.663000e+02 8.498664e-18 8.498664e-18
1.664000e+02 6.276946e-18 6.276946e-18
1.665000e+02 4.391631e-18 4.391631e-18
1.666000e+02 2.913606e-18 2.913606e-18
1.667000e+02 1.836692e-18 1.836692e-18
1.668000e+02 1.104557e-18 1.104557e-18
1.669000e+02 6.388937e-19 6.388937e-19
1.670000e+02 3.613120e-19 3.613120e-19
1.671000e+02 2.060853e-19 2.060853e-19
1.672000e+02 1.246600e-19 1.246600e-19
1.673000e+02 8.467779e-20 8.467779e-20
1.674000e+02 6.642569e-20 6.642569e-20
1.675000e+02 5.883573e-20 5.883573e-20
1.676000e+02 5.614959e-20 5.614959e-20
1.677000e+02 5.558039e-20 5.558039e-20
1.678000e+02 5.586984e-20 5.586984e-20
1.679000e+02 5.648683e-20 5.648683e-20
1.680000e+02 5.722140e-20 5.722140e-20
1.681000e+02 5.799571e-20 5.799571e-20
1.682000e+02 5.985737e-20 5.985737e-20
1.683000e+02 6.265538e-20 6.265538e-20
1.684000e+02 6.545448e-20 6.545448e-20
1.685000e+02 6.825385e-20 6.825385e-20
1.686000e+02 7.105331e-20 7.105331e-20
1.687000e+02 7.385277e-20 7.385277e-20
1.688000e+02 7.665225e-20 7.665225e-20
1.689000e+02 7.945172e-20 7.945172e-20
1.690000e+02 8.225119e-20 8.225119e-20
1.691000e+02 8.505066e-20 8.505066e-20
1.692000e+02 8.785014e-20 8.785014e-20
1.693000e+02 9.064961e-20 9.064961e-20
1.694000e+02 9.344908e-20 9.344908e-20
1.695000e+02 9.624856e-20 9.624856e-20
1.696000e+02 9.904803e-20 9.904803e-20
1.697000e+02 1.018475e-19 1.018475e-19
1.698000e+02 1.046470e-19 1.046470e-19
1.699000e+02 1.074464e-19 1.074464e-19
1.700000e+02 1.102459e-19 1.102459e-19
1.701000e+02 1.130454e-19 1.130454e-19
1.702000e+02 1.158449e-19 1.158449e-19
1.703000e+02 1.186443e-19 1.186443e-19
1.704000e+02 1.214438e-19 1.214438e-19
1.705000e+02 1.242433e-19 1.242433e-19
1.706000e+02 1.270428e-19 1.270428e-19
1.707000e+02 1.298422e-19 1.298422e-19
1.708000e+02 1.326417e-19 1.326417e-19
1.709000e+02 1.354412e-19 1.354412e-19
1.710000e+02 1.382407e-19 1.382407e-19
1.711000e+02 1.410401e-19 1.410401e-19
1.712000e+02 1.438396e-19 1.438396e-19
1.713000e+02 1.466391e-19 1.466391e-19
1.714000e+02 1.494385e-19 1.494385e-19
1.715000e+02 1.522380e-19 1.522380e-19
1.716000e+02 1.550375e-19 1.550375e-19
1.717000e+02 1.578370e-19 1.578370e-19
1.718000e+02 1.606364e-19 1.606364e-19
1.719000e+02 1.634359e-19 1.634359e-19
1.720000e+02 1.662354e-19 1.662354e-19
1.721000e+02 1.690349e-19 1.690349e-19
1.722000e+02 1.718343e-19 1.718343e-19
1.723000e+02 1.746338e-19 1.746338e-19
1.724000e+02 1.774333e-19 1.774333e-19
1.725000e+02 1.802327e-19 1.802327e-19
1.726000e+02 1.830322e-19 1.830322e-19
1.727000e+02 1.858317e-19 1.858317e-19
1.728000e+02 1.886312e-19 1.886312e-19
1.729000e+02 1.914306e-19 1.914306e-19
1.730000e+02 1.942301e-19 1.942301e-19
1.731000e+02 1.970296e-19 1.970296e-19
1.732000e+02 1.998291e-19 1.998291e-19
1.733000e+02 2.026285e-19 2.026285e-19
1.734000e+02 2.054281e-19 2.054281e-19
1.735000e+02 2.082278e-19 2.082278e-19
1.736000e+02 2.110282e-19 2.110282e-19
1.737000e+02 2.138311e-19 2.138311e-19
1.738000e+02 2.166431e-19 2.166431e-19
1.739000e+02 2.194854e-19 2.194854e-19
1.740000e+02 2.224226e-19 2.224226e-19
1.741000e+02 2.262571e-19 2.262571e-19
1.742000e+02 2.374436e-19 2.374436e-19
1.743000e+02 2.506814e-19 2.506814e-19
1.744000e+02 2.689763e-19 2.689763e-19
1.745000e+02 2.989858e-19 2.989858e-19
1.746000e+02 3.544660e-19 3.544660e-19
1.747000e+02 4.618570e-19 4.618570e-19
1.748000e+02 6.682510e-19 6.682510e-19
1.749000e+02 1.050949e-18 1.050949e-18
1.750000e+02 1.725938e-18 1.725938e-18
1.751000e+02 2.850233e-18 2.850233e-18
1.752000e+02 4.611100e-18 4.611100e-18
1.753000e+02 7.195606e-18 7.195606e-18
1.754000e+02 1.073832e-17 1.073832e-17
1.755000e+02 1.525401e-17 1.525401e-17
1.756000e+02 2.057332e-17 2.057332e-17
1.757000e+02 2.630792e-17 2.630792e-17
1.758000e+02 3.187037e-17 3.187037e-17
1.759000e+02 3.656064e-17 3.656064e-17
1.760000e+02 3.970654e-17 3.970654e-17
1.761000e+02 4.082115e-17 4.082115e-17
1.762000e+02 3.972651e-17 3.972651e-17
1.763000e+02 3.660058e-17 3.660058e-17
1.764000e+02 3.193028e-17 3.193028e-17
1.765000e+02 2.638780e-17 2.638780e-17
1.766000e+02 2.067318e-17 2.067318e-17
1.767000e+02 1.537383e-17 1.537383e-17
1.768000e+02 1.087812e-17 1.087812e-17
1.769000e+02 7.355374e-18 7.355374e-18
1.770000e+02 4.790838e-18 4.790838e-18
1.771000e+02 3.049942e-18 3.049942e-18
1.772000e+02 1.945618e-18 1.945618e-18
1.773000e+02 1.290599e-18 1.290599e-18
1.774000e+02 9.278727e-19 9.278727e-19
1.775000e+02 7.414496e-19 7.414496e-19
1.776000e+02 6.540296e-19 6.540296e-19
1.777000e+02 6.185203e-19 6.185203e-19
1.778000e+02 6.084816e-19 6.084816e-19
1.779000e+02 6.101576e-19 6.101576e-19
1.780000e+02 6.168908e-19 6.168908e-19
1.781000e+02 6.256752e-19 6.256752e-19
1.782000e+02 6.352420e-19 6.352420e-19
1.783000e+02 6.450897e-19 6.450897e-19
1.784000e+02 6.550324e-19 6.550324e-19
1.785000e+02 6.650053e-19 6.650053e-19
1.786000e+02 6.749872e-19 6.749872e-19
1.787000e+02 6.849718e-19 6.849718e-19
1.788000e+02 6.949570e-19 6.949570e-19
1.789000e+02 7.049424e-19 7.049424e-19
1.790000e+02 7.149278e-19 7.149278e-19
1.791000e+02 7.249133e-19 7.249133e-19
1.792000e+02 7.348987e-19 7.348987e-19
1.793000e+02 7.448842e-19 7.448842e-19
1.794000e+02 7.548696e-19 7.548696e-19
1.795000e+02 7.648551e-19 7.648551e-19
1.796000e+02 7.748405e-19 7.748405e-19
1.797000e+02 7.848260e-19 7.848260e-19
1.798000e+02 7.948115e-19 7.948115e-19
1.799000e+02 8.047969e-19 8.047969e-19
1.800000e+02 8.147824e-19 8.147824e-19
1.801000e+02 8.313374e-19 8.313374e-19
1.802000e+02 8.516499e-19 8.516499e-19
1.803000e+02 8.719623e-19 8.719623e-19
1.804000e+02 8.922748e-19 8.922748e-19
1.805000e+02 9.125873e-19 9.125873e-19
1.806000e+02 9.328997e-19 9.328997e-19
1.807000e+02 9.532122e-19 9.532122e-19
1.808000e+02 9.735247e-19 9.735247e-19
1.809000e+02 9.938372e-19 9.938372e-19
1.810000e+02 1.014150e-18 1.014150e-18
1.811000e+02 1.034462e-18 1.034462e-18
1.812000e+02 1.054775e-18 1.054775e-18
1.813000e+02 1.075087e-18 1.075087e-18
1.814000e+02 1.095400e-18 1.095400e-18
1.815000e+02 1.115712e-18 1.115712e-18
1.816000e+02 1.136024e-18 1.136024e-18
1.817000e+02 1.156337e-18 1.156337e-18
1.818000e+02 1.176649e-18 1.176649e-18
1.819000e+02 1.196962e-18 1.196962e-18
1.820000e+02 1.217274e-18 1.217274e-18
1.821000e+02 1.237587e-18 1.237587e-18
1.822000e+02 1.257899e-18 1.257899e-18
1.823000e+02 1.278212e-18 1.278212e-18
1.824000e+02 1.298524e-18 1.298524e-18
1.825000e+02 1.318837e-18 1.318837e-18
1.826000e+02 1.339149e-18 1.339149e-18
1.827000e+02 1.359462e-18 1.359462e-18
1.828000e+02 1.379774e-18 1.379774e-18
1.829000e+02 1.400087e-18 1.400087e-18
1.830000e+02 1.420399e-18 1.420399e-18
1.831000e+02 1.440712e-18 1.440712e-18
1.832000e+02 1.461024e-18 1.461024e-18
1.833000e+02 1.481336e-18 1.481336e-18
1.834000e+02 1.501649e-18 1.501649e-18
1.835000e+02 1.521961e-18 1.521961e-18
1.836000e+02 1.542274e-18 1.542274e-18
1.837000e+02 1.562586e-18 1.562586e-18
1.838000e+02 1.582899e-18 1.582899e-18
1.839000e+02 1.603211e-18 1.603211e-18
1.840000e+02 1.623524e-18 1.623524e-18
1.841000e+02 1.643836e-18 1.643836e-18
1.842000e+02 1.664149e-18 1.664149e-18
1.843000e+02 1.684461e-18 1.684461e-18
1.844000e+02 1.704774e-18 1.704774e-18
1.845000e+02 1.725086e-18 1.725086e-18
1.846000e+02 1.745399e-18 1.745399e-18
1.847000e+02 1.765711e-18 1.765711e-18
1.848000e+02 1.786024e-18 1.786024e-18
1.849000e+02 1.806336e-18 1.806336e-18
1.850000e+02 1.826649e-18 1.826649e-18
1.851000e+02 1.846961e-18 1.846961e-18
1.852000e+02 1.867273e-18 1.867273e-18
1.853000e+02 1.887586e-18 1.887586e-18
1.854000e+02 1.907898e-18 1.907898e-18
1.855000e+02 1.928211e-18 1.928211e-18
1.856000e+02 1.948523e-18 1.948523e-18
1.857000e+02 1.968836e-18 1.968836e-18
1.858000e+02 1.989148e-18 1.989148e-18
1.859000e+02 2.009461e-18 2.009461e-18
1.860000e+02 2.033020e-18 2.033020e-18
1.861000e+02 2.070736e-18 2.070736e-18
1.862000e+02 2.108452e-18 2.108452e-18
1.863000e+02 2.146169e-18 2.146169e-18
1.864000e+02 2.183885e-18 2.183885e-18
1.865000e+02 2.221602e-18 2.221602e-18
1.866000e+02 2.259318e-18 2.259318e-18
1.867000e+02 2.297034e-18 2.297034e-18
1.868000e+02 2.334751e-18 2.334751e-18
1.869000e+02 2.372467e-18 2.372467e-18
1.870000e+02 2.410183e-18 2.410183e-18
1.871000e+02 2.447900e-18 2.447900e-18
1.872000e+02 2.485616e-18 2.485616e-18
1.873000e+02 2.523333e-18 2.523333e-18
1.874000e+02 2.561049e-18 2.561049e-18
1.875000e+02 2.598765e-18 2.598765e-18
1.876000e+02 2.636482e-18 2.636482e-18
1.877000e+02 2.674198e-18 2.674198e-18
1.878000e+02 2.711915e-18 2.711915e-18
1.879000e+02 2.749631e-18 2.749631e-18
1.880000e+02 2.787347e-18 2.787347e-18
1.881000e+02 2.825064e-18 2.825064e-18
1.882000e+02 2.862780e-18 2.862780e-18
1.883000e+02 2.900497e-18 2.900497e-18
1.884000e+02 2.938213e-18 2.938213e-18
1.885000e+02 2.975929e-18 2.975929e-18
1.886000e+02 3.013646e-18 3.013646e-18
1.887000e+02 3.051362e-18 3.051362e-18
1.888000e+02 3.089079e-18 3.089079e-18
1.889000e+02 3.126795e-18 3.126795e-18
1.890000e+02 3.164511e-18 3.164511e-18
1.891000e+02 3.202228e-18 3.202228e-18
1.892000e+02 3.239944e-18 3.239944e-18
1.893000e+02 3.277660e-18 3.277660e-18
1.894000e+02 3.315377e-18 3.315377e-18
1.895000e+02 3.353093e-18 3.353093e-18
1.896000e+02 3.390810e-18 3.390810e-18
1.897000e+02 3.428526e-18 3.428526e-18
1.898000e+02 3.466242e-18 3.466242e-18
1.899000e+02 3.503959e-18 3.503959e-18
1.900000e+02 3.541675e-18 3.541675e-18
1.901000e+02 3.579392e-18 3.579392e-18
1.902000e+02 3.617108e-18 3.617108e-18
1.903000e+02 3.654824e-18 3.654824e-18
1.904000e+02 3.692541e-18 3.692541e-18
1.905000e+02 3.730257e-18 3.730257e-18
1.906000e+02 3.767974e-18 3.767974e-18
1.907000e+02 3.805690e-18 3.805690e-18
1.908000e+02 3.843406e-18 3.843406e-18
1.909000e+02 3.881123e-18 3.881123e-18
1.910000e+02 3.918839e-18 3.918839e-18
1.911000e+02 3.956556e-18 3.956556e-18
1.912000e+02 3.994272e-18 3.994272e-18
1.913000e+02 4.031988e-18 4.031988e-18
1.914000e+02 4.069705e-18 4.069705e-18
1.915000e+02 4.107421e-18 4.107421e-18
1.916000e+02 4.145138e-18 4.145138e-18
1.917000e+02 4.182854e-18 4.182854e-18
1.918000e+02 4.220570e-18 4.220570e-18
1.919000e+02 4.258287e-18 4.258287e-18
1.920000e+02 4.289638e-18 4.289638e-18
1.921000e+02 4.318718e-18 4.318718e-18
1.922000e+02 4.347797e-18 4.347797e-18
1.923000e+02 4.376876e-18 4.376876e-18
1.924000e+02 4.405956e-18 4.405956e-18
1.925000e+02 4.435035e-18 4.435035e-18
1.926000e+02 4.464114e-18 4.464114e-18
1.927000e+02 4.493194e-18 4.493194e-18
1.928000e+02 4.522273e-18 4.522273e-18
1.929000e+02 4.551352e-18 4.551352e-18
1.930000e+02 4.580432e-18 4.580432e-18
1.931000e+02 4.609511e-18 4.609511e-18
1.932000e+02 4.638590e-18 4.638590e-18
1.933000e+02 4.667670e-18 4.667670e-18
1.934000e+02 4.696749e-18 4.696749e-18
1.935000e+02 4.725828e-18 4.725828e-18
1.936000e+02 4.754908e-18 4.754908e-18
1.937000e+02 4.783987e-18 4.783987e-18
1.938000e+02 4.813066e-18 4.813066e-18
1.939000e+02 4.842146e-18 4.842146e-18
1.940000e+02 4.871225e-18 4.871225e-18
1.941000e+02 4.900304e-18 4.900304e-18
1.942000e+02 4.929383e-18 4.929383e-18
1.943000e+02 4.958463e-18 4.958463e-18
1.944000e+02 4.987542e-18 4.987542e-18
1.945000e+02 5.016621e-18 5.016621e-18
1.946000e+02 5.045701e-18 5.045701e-18
1.947000e+02 5.074780e-18 5.074780e-18
1.948000e+02 5.103859e-18 5.103859e-18
1.949000e+02 5.132939e-18 5.132939e-18
1.950000e+02 5.162018e-18 5.162018e-18
1.951000e+02 5.191097e-18 5.191097e-18
1.952000e+02 5.220177e-18 5.220177e-18
1.953000e+02 5.249256e-18 5.249256e-18
1.954000e+02 5.278335e-18 5.278335e-18
1.955000e+02 5.307415e-18 5.307415e-18
1.956000e+02 5.336494e-18 5.336494e-18
1.957000e+02 5.365573e-18 5.365573e-18
1.958000e+02 5.394653e-18 5.394653e-18
1.959000e+02 5.423732e-18 5.423732e-18
1.960000e+02 5.452811e-18 5.452811e-18
1.961000e+02 5.481891e-18 5.481891e-18
1.962000e+02 5.510970e-18 5.510970e-18
1.963000e+02 5.540049e-18 5.540049e-18
1.964000e+02 5.569129e-18 5.569129e-18
1.965000e+02 5.598208e-18 5.598208e-18
1.966000e+02 5.627287e-18 5.627287e-18
1.967000e+02 5.656367e-18 5.656367e-18
1.968000e+02 5.685446e-18 5.685446e-18
1.969000e+02 5.714525e-18 5.714525e-18
1.970000e+02 5.743605e-18 5.743605e-18
1.971000e+02 5.772684e-18 5.772684e-18
1.972000e+02 5.801763e-18 5.801763e-18
1.973000e+02 5.830842e-18 5.830842e-18
1.974000e+02 5.859922e-18 5.859922e-18
1.975000e+02 5.889001e-18 5.889001e-18
1.976000e+02 5.918080e-18 5.918080e-18
1.977000e+02 5.947160e-18 5.947160e-18
1.978000e+02 5.976239e-18 5.976239e-18
1.979000e+02 6.005498e-18 6.005498e-18
1.980000e+02 6.035203e-18 6.035203e-18
1.981000e+02 6.064908e-18 6.064908e-18
1.982000e+02 6.094612e-18 6.094612e-18
1.983000e+02 6.124317e-18 6.124317e-18
1.984000e+02 6.154022e-18 6.154022e-18
1.985000e+02 6.183727e-18 6.183727e-18
1.986000e+02 6.213432e-18 6.213432e-18
1.987000e+02 6.243136e-18 6.243136e-18
1.988000e+02 6.272841e-18 6.272841e-18
1.989000e+02 6.302546e-18 6.302546e-18
1.990000e+02 6.332251e-18 6.332251e-18
1.991000e+02 6.361956e-18 6.361956e-18
1.992000e+02 6.391660e-18 6.391660e-18
1.993000e+02 6.421365e-18 6.421365e-18
1.994000e+02 6.451070e-18 6.451070e-18
1.995000e+02 6.480775e-18 6.480775e-18
1.996000e+02 6.510479e-18 6.510479e-18
1.997000e+02 6.540184e-18 6.540184e-18
1.998000e+02 6.569889e-18 6.569889e-18
1.999000e+02 6.599594e-18 6.599594e-18
2.000000e+02 6.629299e-18 6.629299e-18
2.001000e+02 6.659003e-18 6.659003e-18
2.002000e+02 6.688708e-18 6.688708e-18
2.003000e+02 6.718413e-18 6.718413e-18
2.004000e+02 6.748118e-18 6.748118e-18
2.005000e+02 6.777823e-18 6.777823e-18
2.006000e+02 6.807527e-18 6.807527e-18
2.007000e+02 6.837232e-18 6.837232e-18
2.008000e+02 6.866937e-18 6.866937e-18
2.009000e+02 6.896642e-18 6.896642e-18
2.010000e+02 6.926347e-18 6.926347e-18
2.011000e+02 6.956051e-18 6.956051e-18
2.012000e+02 6.985756e-18 6.985756e-18
2.013000e+02 7.015461e-18 7.015461e-18
2.014000e+02 7.045166e-18 7.045166e-18
2.015000e+02 7.074870e-18 7.074870e-18
2.016000e+02 7.104575e-18 7.104575e-18
2.017000e+02 7.134280e-18 7.134280e-18
2.018000e+02 7.163985e-18 7.163985e-18
2.019000e+02 7.193690e-18 7.193690e-18
2.020000e+02 7.223394e-18 7.223394e-18
2.021000e+02 7.253099e-18 7.253099e-18
2.022000e+02 7.282804e-18 7.282804e-18
2.023000e+02 7.312509e-18 7.312509e-18
2.024000e+02 7.342214e-18 7.342214e-18
2.025000e+02 7.371918e-18 7.371918e-18
2.026000e+02 7.401623e-18 7.401623e-18
2.027000e+02 7.431328e-18 7.431328e-18
2.028000e+02 7.461033e-18 7.461033e-18
2.029000e+02 7.490737e-18 7.490737e-18
2.030000e+02 7.520442e-18 7.520442e-18
2.031000e+02 7.550147e-18 7.550147e-18
2.032000e+02 7.579852e-18 7.579852e-18
2.033000e+02 7.609557e-18 7.609557e-18
2.034000e+02 7.639261e-18 7.639261e-18
2.035000e+02 7.668966e-18 7.668966e-18
2.036000e+02 7.698671e-18 7.698671e-18
2.037000e+02 7.728376e-18 7.728376e-18
2.038000e+02 7.758081e-18 7.758081e-18
2.039000e+02 7.761330e-18 7.761330e-18
2.040000e+02 7.759451e-18 7.759451e-18
2.041000e+02 7.757573e-18 7.757573e-18
2.042000e+02 7.755694e-18 7.755694e-18
2.043000e+02 7.753816e-18 7.753816e-18
2.044000e+02 7.751937e-18 7.751937e-18
2.045000e+02 7.750059e-18 7.750059e-18
2.046000e+02 7.748180e-18 7.748180e-18
2.047000e+02 7.746302e-18 7.746302e-18
2.048000e+02 7.744423e-18 7.744423e-18
2.049000e+02 7.742545e-18 7.742545e-18
2.050000e+02 7.740666e-18 7.740666e-18
2.051000e+02 7.738788e-18 7.738788e-18
2.052000e+02 7.736909e-18 7.736909e-18
2.053000e+02 7.735031e-18 7.735031e-18
2.054000e+02 7.733152e-18 7.733152e-18
2.055000e+02 7.731274e-18 7.731274e-18
2.056000e+02 7.729396e-18 7.729396e-18
2.057000e+02 7.727517e-18 7.727517e-18
2.058000e+02 7.725639e-18 7.725639e-18
2.059000e+02 7.723760e-18 7.723760e-18
2.060000e+02 7.721882e-18 7.721882e-18
2.061000e+02 7.720003e-18 7.720003e-18
2.062000e+02 7.718125e-18 7.718125e-18
2.063000e+02 7.716246e-18 7.716246e-18
2.064000e+02 7.714368e-18 7.714368e-18
2.065000e+02 7.712489e-18 7.712489e-18
2.066000e+02 7.710611e-18 7.710611e-18
2.067000e+02 7.708732e-18 7.708732e-18
2.068000e+02 7.706854e-18 7.706854e-18
2.069000e+02 7.704975e-18 7.704975e-18
2.070000e+02 7.703097e-18 7.703097e-18
2.071000e+02 7.701218e-18 7.701218e-18
2.072000e+02 7.699340e-18 7.699340e-18
2.073000e+02 7.697462e-18 7.697462e-18
2.074000e+02 7.695583e-18 7.695583e-18
2.075000e+02 7.693705e-18 7.693705e-18
2.076000e+02 7.691826e-18 7.691826e-18
2.077000e+02 7.689948e-18 7.689948e-18
2.078000e+02 7.688069e-18 7.688069e-18
2.079000e+02 7.686191e-18 7.686191e-18
2.080000e+02 7.684312e-18 7.684312e-18
2.081000e+02 7.682434e-18 7.682434e-18
2.082000e+02 7.680555e-18 7.680555e-18
2.083000e+02 7.678677e-18 7.678677e-18
2.084000e+02 7.676798e-18 7.676798e-18
2.085000e+02 7.674920e-18 7.674920e-18
2.086000e+02 7.673041e-18 7.673041e-18
2.087000e+02 7.671163e-18 7.671163e-18
2.088000e+02 7.669284e-18 7.669284e-18
2.089000e+02 7.667406e-18 7.667406e-18
2.090000e+02 7.665527e-18 7.665527e-18
2.091000e+02 7.663649e-18 7.663649e-18
2.092000e+02 7.661771e-18 7.661771e-18
2.093000e+02 7.659892e-18 7.659892e-18
2.094000e+02 7.658014e-18 7.658014e-18
2.095000e+02 7.656135e-18 7.656135e-18
2.096000e+02 7.654257e-18 7.654257e-18
2.097000e+02 7.652378e-18 7.652378e-18
2.098000e+02 7.652719e-18 7.652719e-18
2.099000e+02 7.656559e-18 7.656559e-18
2.100000e+02 7.660399e-18 7.660399e-18
2.101000e+02 7.664239e-18 7.664239e-18
2.102000e+02 7.668079e-18 7.668079e-18
2.103000e+02 7.671919e-18 7.671919e-18
2.104000e+02 7.675759e-18 7.675759e-18
2.105000e+02 7.679599e-18 7.679599e-18
2.106000e+02 7.683439e-18 7.683439e-18
2.107000e+02 7.687279e-18 7.687279e-18
2.108000e+02 7.691119e-18 7.691119e-18
2.109000e+02 7.694959e-18 7.694959e-18
2.110000e+02 7.698799e-18 7.698799e-18
2.111000e+02 7.702639e-18 7.702639e-18
2.112000e+02 7.706479e-18 7.706479e-18
2.113000e+02 7.710319e-18 7.710319e-18
2.114000e+02 7.714159e-18 7.714159e-18
2.115000e+02 7.717999e-18 7.717999e-18
2.116000e+02 7.721839e-18 7.721839e-18
2.117000e+02 7.725680e-18 7.725680e-18
2.118000e+02 7.729520e-18 7.729520e-18
2.119000e+02 7.733360e-18 7.733360e-18
2.120000e+02 7.737200e-18 7.737200e-18
2.121000e+02 7.741040e-18 7.741040e-18
2.122000e+02 7.744880e-18 7.744880e-18
2.123000e+02 7.748720e-18 7.748720e-18
2.124000e+02 7.752560e-18 7.752560e-18
2.125000e+02 7.756400e-18 7.756400e-18
2.126000e+02 7.760240e-18 7.760240e-18
2.127000e+02 7.764080e-18 7.764080e-18
2.128000e+02 7.767920e-18 7.767920e-18
2.129000e+02 7.771760e-18 7.771760e-18
2.130000e+02 7.775600e-18 7.775600e-18
2.131000e+02 7.779440e-18 7.779440e-18
2.132000e+02 7.783280e-18 7.783280e-18
2.133000e+02 7.787120e-18 7.787120e-18
2.134000e+02 7.790960e-18 7.790960e-18
2.135000e+02 7.794800e-18 7.794800e-18
2.136000e+02 7.798640e-18 7.798640e-18
2.137000e+02 7.802480e-18 7.802480e-18
2.138000e+02 7.806321e-18 7.806321e-18
2.139000e+02 7.810161e-18 7.810161e-18
2.140000e+02 7.814001e-18 7.814001e-18
2.141000e+02 7.817841e-18 7.817841e-18
2.142000e+02 7.821681e-18 7.821681e-18
2.143000e+02 7.825521e-18 7.825521e-18
2.144000e+02 7.829361e-18 7.829361e-18
2.145000e+02 7.833201e-18 7.833201e-18
2.146000e+02 7.837041e-18 7.837041e-18
2.147000e+02 7.840881e-18 7.840881e-18
2.148000e+02 7.844721e-18 7.844721e-18
2.149000e+02 7.848561e-18 7.848561e-18
2.150000e+02 7.852401e-18 7.852401e-18
2.151000e+02 7.856241e-18 7.856241e-18
2.152000e+02 7.860081e-18 7.860081e-18
2.153000e+02 7.863921e-18 7.863921e-18
2.154000e+02 7.867761e-18 7.867761e-18
2.155000e+02 7.871601e-18 7.871601e-18
2.156000e+02 7.875441e-18 7.875441e-18
2.157000e+02 7.879281e-18 7.879281e-18
2.158000e+02 7.841369e-18 7.841369e-18
2.159000e+02 7.800716e-18 7.800716e-18
2.160000e+02 7.760063e-18 7.760063e-18
2.161000e+02 7.719410e-18 7.719410e-18
2.162000e+02 7.678757e-18 7.678757e-18
2.163000e+02 7.638104e-18 7.638104e-18
2.164000e+02 7.597451e-18 7.597451e-18
2.165000e+02 7.556798e-18 7.556798e-18
2.166000e+02 7.516145e-18 7.516145e-18
2.167000e+02 7.475492e-18 7.475492e-18
2.168000e+02 7.434839e-18 7.434839e-18
2.169000e+02 7.394186e-18 7.394186e-18
2.170000e+02 7.353533e-18 7.353533e-18
2.171000e+02 7.312880e-18 7.312880e-18
2.172000e+02 7.272227e-18 7.272227e-18
2.173000e+02 7.231574e-18 7.231574e-18
2.174000e+02 7.190921e-18 7.190921e-18
2.175000e+02 7.150268e-18 7.150268e-18
2.176000e+02 7.109615e-18 7.109615e-18
2.177000e+02 7.068962e-18 7.068962e-18
2.178000e+02 7.028309e-18 7.028309e-18
2.179000e+02 6.987656e-18 6.987656e-18
2.180000e+02 6.947003e-18 6.947003e-18
2.181000e+02 6.906350e-18 6.906350e-18
2.182000e+02 6.865697e-18 6.865697e-18
2.183000e+02 6.825044e-18 6.825044e-18
2.184000e+02 6.784391e-18 6.784391e-18
2.185000e+02 6.743738e-18 6.743738e-18
2.186000e+02 6.703085e-18 6.703085e-18
2.187000e+02 6.662432e-18 6.662432e-18
2.188000e+02 6.621779e-18 6.621779e-18
2.189000e+02 6.581126e-18 6.581126e-18
2.190000e+02 6.540473e-18 6.540473e-18
2.191000e+02 6.499820e-18 6.499820e-18
2.192000e+02 6.459167e-18 6.459167e-18
2.193000e+02 6.418514e-18 6.418514e-18
2.194000e+02 6.377861e-18 6.377861e-18
2.195000e+02 6.337208e-18 6.337208e-18
2.196000e+02 6.296555e-18 6.296555e-18
2.197000e+02 6.255902e-18 6.255902e-18
2.198000e+02 6.215249e-18 6.215249e-18
2.199000e+02 6.174596e-18 6.174596e-18
2.200000e+02 6.133943e-18 6.133943e-18
2.201000e+02 6.093290e-18 6.093290e-18
2.202000e+02 6.052637e-18 6.052637e-18
2.203000e+02 6.011984e-18 6.011984e-18
2.204000e+02 5.971331e-18 5.971331e-18
2.205000e+02 5.930678e-18 5.930678e-18
2.206000e+02 5.890025e-18 5.890025e-18
2.207000e+02 5.849372e-18 5.849372e-18
2.208000e+02 5.808719e-18 5.808719e-18
2.209000e+02 5.768066e-18 5.768066e-18
2.210000e+02 5.727413e-18 5.727413e-18
2.211000e+02 5.686760e-18 5.686760e-18
2.212000e+02 5.646107e-18 5.646107e-18
2.213000e+02 5.605454e-18 5.605454e-18
2.214000e+02 5.564801e-18 5.564801e-18
2.215000e+02 5.524148e-18 5.524148e-18
2.216000e+02 5.483495e-18 5.483495e-18
2.217000e+02 5.448698e-18 5.448698e-18
2.218000e+02 5.420028e-18 5.420028e-18
2.219000e+02 5.391357e-18 5.391357e-18
2.220000e+02 5.362687e-18 5.362687e-18
2.221000e+02 5.334016e-18 5.334016e-18
2.222000e+02 5.305345e-18 5.305345e-18
2.223000e+02 5.276675e-18 5.276675e-18
2.224000e+02 5.248004e-18 5.248004e-18
2.225000e+02 5.219333e-18 5.219333e-18
2.226000e+02 5.190663e-18 5.190663e-18
2.227000e+02 5.161992e-18 5.161992e-18
2.228000e+02 5.133321e-18 5.133321e-18
2.229000e+02 5.104651e-18 5.104651e-18
2.230000e+02 5.075980e-18 5.075980e-18
2.231000e+02 5.047309e-18 5.047309e-18
2.232000e+02 5.018639e-18 5.018639e-18
2.233000e+02 4.989968e-18 4.989968e-18
2.234000e+02 4.961298e-18 4.961298e-18
2.235000e+02 4.932627e-18 4.932627e-18
2.236000e+02 4.903956e-18 4.903956e-18
2.237000e+02 4.875286e-18 4.875286e-18
2.238000e+02 4.846615e-18 4.846615e-18
2.239000e+02 4.817944e-18 4.817944e-18
2.240000e+02 4.789274e-18 4.789274e-18
2.241000e+02 4.760603e-18 4.760603e-18
2.242000e+02 4.731932e-18 4.731932e-18
2.243000e+02 4.703262e-18 4.703262e-18
2.244000e+02 4.674591e-18 4.674591e-18
2.245000e+02 4.645920e-18 4.645920e-18
2.246000e+02 4.617250e-18 4.617250e-18
2.247000e+02 4.588579e-18 4.588579e-18
2.248000e+02 4.559909e-18 4.559909e-18
2.249000e+02 4.531238e-18 4.531238e-18
2.250000e+02 4.502567e-18 4.502567e-18
2.251000e+02 4.473897e-18 4.473897e-18
2.252000e+02 4.445226e-18 4.445226e-18
2.253000e+02 4.416555e-18 4.416555e-18
2.254000e+02 4.387885e-18 4.387885e-18
2.255000e+02 4.359214e-18 4.359214e-18
2.256000e+02 4.330543e-18 4.330543e-18
2.257000e+02 4.301873e-18 4.301873e-18
2.258000e+02 4.273202e-18 4.273202e-18
2.259000e+02 4.244531e-18 4.244531e-18
2.260000e+02 4.215861e-18 4.215861e-18
2.261000e+02 4.187190e-18 4.187190e-18
2.262000e+02 4.158519e-18 4.158519e-18
2.263000e+02 4.129849e-18 4.129849e-18
2.264000e+02 4.101178e-18 4.101178e-18
2.265000e+02 4.072508e-18 4.072508e-18
2.266000e+02 4.043837e-18 4.043837e-18
2.267000e+02 4.015166e-18 4.015166e-18
2.268000e+02 3.986496e-18 3.986496e-18
2.269000e+02 3.957825e-18 3.957825e-18
2.270000e+02 3.929154e-18 3.929154e-18
2.271000e+02 3.900484e-18 3.900484e-18
2.272000e+02 3.871813e-18 3.871813e-18
2.273000e+02 3.843142e-18 3.843142e-18
2.274000e+02 3.814472e-18 3.814472e-18
2.275000e+02 3.785801e-18 3.785801e-18
2.276000e+02 3.757121e-18 3.757121e-18
2.277000e+02 3.728216e-18 3.728216e-18
2.278000e+02 3.699311e-18 3.699311e-18
2.279000e+02 3.670406e-18 3.670406e-18
2.280000e+02 3.641501e-18 3.641501e-18
2.281000e+02 3.612597e-18 3.612597e-18
2.282000e+02 3.583692e-18 3.583692e-18
2.283000e+02 3.554787e-18 3.554787e-18
2.284000e+02 3.525882e-18 3.525882e-18
2.285000e+02 3.496977e-18 3.496977e-18
2.286000e+02 3.468072e-18 3.468072e-18
2.287000e+02 3.439167e-18 3.439167e-18
2.288000e+02 3.410262e-18 3.410262e-18
2.289000e+02 3.381357e-18 3.381357e-18
2.290000e+02 3.352452e-18 3.352452e-18
2.291000e+02 3.323547e-18 3.323547e-18
2.292000e+02 3.294642e-18 3.294642e-18
2.293000e+02 3.265737e-18 3.265737e-18
2.294000e+02 3.236832e-18 3.236832e-18
2.295000e+02 3.207927e-18 3.207927e-18
2.296000e+02 3.179022e-18 3.179022e-18
2.297000e+02 3.150117e-18 3.150117e-18
2.298000e+02 3.121212e-18 3.121212e-18
2.299000e+02 3.092307e-18 3.092307e-18
2.300000e+02 3.063403e-18 3.063403e-18
2.301000e+02 3.034498e-18 3.034498e-18
2.302000e+02 3.005593e-18 3.005593e-18
2.303000e+02 2.976688e-18 2.976688e-18
2.304000e+02 2.947783e-18 2.947783e-18
2.305000e+02 2.918878e-18 2.918878e-18
2.306000e+02 2.889973e-18 2.889973e-18
2.307000e+02 2.861068e-18 2.861068e-18
2.308000e+02 2.832163e-18 2.832163e-18
2.309000e+02 2.803258e-18 2.803258e-18
2.310000e+02 2.774353e-18 2.774353e-18
2.311000e+02 2.745448e-18 2.745448e-18
2.312000e+02 2.716543e-18 2.716543e-18
2.313000e+02 2.687638e-18 2.687638e-18
2.314000e+02 2.658733e-18 2.658733e-18
2.315000e+02 2.629828e-18 2.629828e-18
2.316000e+02 2.600923e-18 2.600923e-18
2.317000e+02 2.572018e-18 2.572018e-18
2.318000e+02 2.543113e-18 2.543113e-18
2.319000e+02 2.514209e-18 2.514209e-18
2.320000e+02 2.485304e-18 2.485304e-18
2.321000e+02 2.456399e-18 2.456399e-18
2.322000e+02 2.427494e-18 2.427494e-18
2.323000e+02 2.398589e-18 2.398589e-18
2.324000e+02 2.369684e-18 2.369684e-18
2.325000e+02 2.340779e-18 2.340779e-18
2.326000e+02 2.311874e-18 2.311874e-18
2.327000e+02 2.282969e-18 2.282969e-18
2.328000e+02 2.254064e-18 2.254064e-18
2.329000e+02 2.225159e-18 2.225159e-18
2.330000e+02 2.196254e-18 2.196254e-18
2.331000e+02 2.167349e-18 2.167349e-18
2.332000e+02 2.138444e-18 2.138444e-18
2.333000e+02 2.109539e-18 2.109539e-18
2.334000e+02 2.080634e-18 2.080634e-18
2.335000e+02 2.051729e-18 2.051729e-18
2.336000e+02 2.028813e-18 2.028813e-18
2.337000e+02 2.010067e-18 2.010067e-18
2.338000e+02 1.991320e-18 1.991320e-18
2.339000e+02 1.972574e-18 1.972574e-18
2.340000e+02 1.953827e-18 1.953827e-18
2.341000e+02 1.935081e-18 1.935081e-18
2.342000e+02 1.916334e-18 1.916334e-18
2.343000e+02 1.897588e-18 1.897588e-18
2.344000e+02 1.878841e-18 1.878841e-18
2.345000e+02 1.860095e-18 1.860095e-18
2.346000e+02 1.841348e-18 1.841348e-18
2.347000e+02 1.822602e-18 1.822602e-18
2.348000e+02 1.803855e-18 1.803855e-18
2.349000e+02 1.785109e-18 1.785109e-18
2.350000e+02 1.766362e-18 1.766362e-18
2.351000e+02 1.747616e-18 1.747616e-18
2.352000e+02 1.728869e-18 1.728869e-18
2.353000e+02 1.710123e-18 1.710123e-18
2.354000e+02 1.691376e-18 1.691376e-18
2.355000e+02 1.672630e-18 1.672630e-18
2.356000e+02 1.653883e-18 1.653883e-18
2.357000e+02 1.635137e-18 1.635137e-18
2.358000e+02 1.616390e-18 1.616390e-18
2.359000e+02 1.597644e-18 1.597644e-18
2.360000e+02 1.578897e-18 1.578897e-18
2.361000e+02 1.560151e-18 1.560151e-18
2.362000e+02 1.541405e-18 1.541405e-18
2.363000e+02 1.522658e-18 1.522658e-18
2.364000e+02 1.503912e-18 1.503912e-18
2.365000e+02 1.485165e-18 1.485165e-18
2.366000e+02 1.466419e-18 1.466419e-18
2.367000e+02 1.447673e-18 1.447673e-18
2.368000e+02 1.428929e-18 1.428929e-18
2.369000e+02 1.410187e-18 1.410187e-18
2.370000e+02 1.391451e-18 1.391451e-18
2.371000e+02 1.372728e-18 1.372728e-18
2.372000e+02 1.354029e-18 1.354029e-18
2.373000e+02 1.335375e-18 1.335375e-18
2.374000e+02 1.316795e-18 1.316795e-18
2.375000e+02 1.298332e-18 1.298332e-18
2.376000e+02 1.280038e-18 1.280038e-18
2.377000e+02 1.261967e-18 1.261967e-18
2.378000e+02 1.244164e-18 1.244164e-18
2.379000e+02 1.226642e-18 1.226642e-18
2.380000e+02 1.209368e-18 1.209368e-18
2.381000e+02 1.192244e-18 1.192244e-18
2.382000e+02 1.175116e-18 1.175116e-18
2.383000e+02 1.157787e-18 1.157787e-18
2.384000e+02 1.140059e-18 1.140059e-18
2.385000e+02 1.121776e-18 1.121776e-18
2.386000e+02 1.102864e-18 1.102864e-18
2.387000e+02 1.083350e-18 1.083350e-18
2.388000e+02 1.063353e-18 1.063353e-18
2.389000e+02 1.043059e-18 1.043059e-18
2.390000e+02 1.022669e-18 1.022669e-18
2.391000e+02 1.002363e-18 1.002363e-18
2.392000e+02 9.822652e-19 9.822652e-19
2.393000e+02 9.624399e-19 9.624399e-19
2.394000e+02 9.428936e-19 9.428936e-19
2.395000e+02 9.249660e-19 9.249660e-19
2.396000e+02 9.156675e-19 9.156675e-19
2.397000e+02 9.065097e-19 9.065097e-19
2.398000e+02 8.974454e-19 8.974454e-19
2.399000e+02 8.884383e-19 8.884383e-19
2.400000e+02 8.794640e-19 8.794640e-19
2.401000e+02 8.705072e-19 8.705072e-19
2.402000e+02 8.615590e-19 8.615590e-19
2.403000e+02 8.526149e-19 8.526149e-19
2.404000e+02 8.436726e-19 8.436726e-19
2.405000e+02 8.347310e-19 8.347310e-19
2.406000e+02 8.257896e-19 8.257896e-19
2.407000e+02 8.168484e-19 8.168484e-19
2.408000e+02 8.079073e-19 8.079073e-19
2.409000e+02 7.989661e-19 7.989661e-19
2.410000e+02 7.900249e-19 7.900249e-19
2.411000e+02 7.810838e-19 7.810838e-19
2.412000e+02 7.721426e-19 7.721426e-19
2.413000e+02 7.632015e-19 7.632015e-19
2.414000e+02 7.542603e-19 7.542603e-19
2.415000e+02 7.453191e-19 7.453191e-19
2.416000e+02 7.363780e-19 7.363780e-19
2.417000e+02 7.274368e-19 7.274368e-19
2.418000e+02 7.184957e-19 7.184957e-19
2.419000e+02 7.095545e-19 7.095545e-19
2.420000e+02 7.006133e-19 7.006133e-19
2.421000e+02 6.916722e-19 6.916722e-19
2.422000e+02 6.827310e-19 6.827310e-19
2.423000e+02 6.737899e-19 6.737899e-19
2.424000e+02 6.648487e-19 6.648487e-19
2.425000e+02 6.559075e-19 6.559075e-19
2.426000e+02 6.469664e-19 6.469664e-19
2.427000e+02 6.380252e-19 6.380252e-19
2.428000e+02 6.290841e-19 6.290841e-19
2.429000e+02 6.201429e-19 6.201429e-19
2.430000e+02 6.112018e-19 6.112018e-19
2.431000e+02 6.022606e-19 6.022606e-19
2.432000e+02 5.933194e-19 5.933194e-19
2.433000e+02 5.843783e-19 5.843783e-19
2.434000e+02 5.754371e-19 5.754371e-19
2.435000e+02 5.664960e-19 5.664960e-19
2.436000e+02 5.575548e-19 5.575548e-19
2.437000e+02 5.486136e-19 5.486136e-19
2.438000e+02 5.396725e-19 5.396725e-19
2.439000e+02 5.307313e-19 5.307313e-19
2.440000e+02 5.217902e-19 5.217902e-19
2.441000e+02 5.128490e-19 5.128490e-19
2.442000e+02 5.039078e-19 5.039078e-19
2.443000e+02 4.949667e-19 4.949667e-19
2.444000e+02 4.860255e-19 4.860255e-19
2.445000e+02 4.770844e-19 4.770844e-19
2.446000e+02 4.681432e-19 4.681432e-19
2.447000e+02 4.592020e-19 4.592020e-19
2.448000e+02 4.502609e-19 4.502609e-19
2.449000e+02 4.413197e-19 4.413197e-19
2.450000e+02 4.323786e-19 4.323786e-19
2.451000e+02 4.234374e-19 4.234374e-19
2.452000e+02 4.144963e-19 4.144963e-19
2.453000e+02 4.055551e-19 4.055551e-19
2.454000e+02 3.966139e-19 3.966139e-19
2.455000e+02 3.908428e-19 3.908428e-19
2.456000e+02 3.864941e-19 3.864941e-19
2.457000e+02 3.821454e-19 3.821454e-19
2.458000e+02 3.777966e-19 3.777966e-19
2.459000e+02 3.734479e-19 3.734479e-19
2.460000e+02 3.690992e-19 3.690992e-19
2.461000e+02 3.647505e-19 3.647505e-19
2.462000e+02 3.604017e-19 3.604017e-19
2.463000e+02 3.560530e-19 3.560530e-19
2.464000e+02 3.517043e-19 3.517043e-19
2.465000e+02 3.473556e-19 3.473556e-19
2.466000e+02 3.430069e-19 3.430069e-19
2.467000e+02 3.386581e-19 3.386581e-19
2.468000e+02 3.343094e-19 3.343094e-19
2.469000e+02 3.299607e-19 3.299607e-19
2.470000e+02 3.256120e-19 3.256120e-19
2.471000e+02 3.212632e-19 3.212632e-19
2.472000e+02 3.169145e-19 3.169145e-19
2.473000e+02 3.125658e-19 3.125658e-19
2.474000e+02 3.082171e-19 3.082171e-19
2.475000e+02 3.038683e-19 3.038683e-19
2.476000e+02 2.995196e-19 2.995196e-19
2.477000e+02 2.951709e-19 2.951709e-19
2.478000e+02 2.908222e-19 2.908222e-19
2.479000e+02 2.864735e-19 2.864735e-19
2.480000e+02 2.821247e-19 2.821247e-19
2.481000e+02 2.777760e-19 2.777760e-19
2.482000e+02 2.734273e-19 2.734273e-19
2.483000e+02 2.690786e-19 2.690786e-19
2.484000e+02 2.647298e-19 2.647298e-19
2.485000e+02 2.603811e-19 2.603811e-19
2.486000e+02 2.560324e-19 2.560324e-19
2.487000e+02 2.516837e-19 2.516837e-19
2.488000e+02 2.473350e-19 2.473350e-19
2.489000e+02 2.429862e-19 2.429862e-19
2.490000e+02 2.386375e-19 2.386375e-19
2.491000e+02 2.342888e-19 2.342888e-19
2.492000e+02 2.299401e-19 2.299401e-19
2.493000e+02 2.255913e-19 2.255913e-19
2.494000e+02 2.212426e-19 2.212426e-19
2.495000e+02 2.168939e-19 2.168939e-19
2.496000e+02 2.125452e-19 2.125452e-19
2.497000e+02 2.081965e-19 2.081965e-19
2.498000e+02 2.038477e-19 2.038477e-19
2.499000e+02 1.994990e-19 1.994990e-19
2.500000e+02 1.951503e-19 1.951503e-19
2.501000e+02 1.908016e-19 1.908016e-19
2.502000e+02 1.864528e-19 1.864528e-19
2.503000e+02 1.821041e-19 1.821041e-19
2.504000e+02 1.777554e-19 1.777554e-19
2.505000e+02 1.734067e-19 1.734067e-19
2.506000e+02 1.690580e-19 1.690580e-19
2.507000e+02 1.647092e-19 1.647092e-19
2.508000e+02 1.603605e-19 1.603605e-19
2.509000e+02 1.560118e-19 1.560118e-19
2.510000e+02 1.516631e-19 1.516631e-19
2.511000e+02 1.473143e-19 1.473143e-19
2.512000e+02 1.429656e-19 1.429656e-19
2.513000e+02 1.386169e-19 1.386169e-19
2.514000e+02 1.349257e-19 1.349257e-19
2.515000e+02 1.333091e-19 1.333091e-19
2.516000e+02 1.316926e-19 1.316926e-19
2.517000e+02 1.300760e-19 1.300760e-19
2.518000e+02 1.284595e-19 1.284595e-19
2.519000e+02 1.268430e-19 1.268430e-19
2.520000e+02 1.252264e-19 1.252264e-19
2.521000e+02 1.236099e-19 1.236099e-19
2.522000e+02 1.219933e-19 1.219933e-19
2.523000e+02 1.203768e-19 1.203768e-19
2.524000e+02 1.187603e-19 1.187603e-19
2.525000e+02 1.171437e-19 1.171437e-19
2.526000e+02 1.155272e-19 1.155272e-19
2.527000e+02 1.139106e-19 1.139106e-19
2.528000e+02 1.122941e-19 1.122941e-19
2.529000e+02 1.106776e-19 1.106776e-19
2.530000e+02 1.090610e-19 1.090610e-19
2.531000e+02 1.074445e-19 1.074445e-19
2.532000e+02 1.058281e-19 1.058281e-19
2.533000e+02 1.042119e-19 1.042119e-19
2.534000e+02 1.025964e-19 1.025964e-19
2.535000e+02 1.009828e-19 1.009828e-19
2.536000e+02 9.937378e-20 9.937378e-20
2.537000e+02 9.777590e-20 9.777590e-20
2.538000e+02 9.620274e-20 9.620274e-20
2.539000e+02 9.468130e-20 9.468130e-20
2.540000e+02 9.326117e-20 9.326117e-20
2.541000e+02 9.202648e-20 9.202648e-20
2.542000e+02 9.110820e-20 9.110820e-20
2.543000e+02 9.069144e-20 9.069144e-20
2.544000e+02 9.100924e-20 9.100924e-20
2.545000e+02 9.231375e-20 9.231375e-20
2.546000e+02 9.481866e-20 9.481866e-20
2.547000e+02 9.861675e-20 9.861675e-20
2.548000e+02 1.035903e-19 1.035903e-19
2.549000e+02 1.093454e-19 1.093454e-19
2.550000e+02 1.152066e-19 1.152066e-19
2.551000e+02 1.202955e-19 1.202955e-19
2.552000e+02 1.236910e-19 1.236910e-19
2.553000e+02 1.246347e-19 1.246347e-19
2.554000e+02 1.227180e-19 1.227180e-19
2.555000e+02 1.179897e-19 1.179897e-19
2.556000e+02 1.109422e-19 1.109422e-19
2.557000e+02 1.023846e-19 1.023846e-19
2.558000e+02 9.324507e-20 9.324507e-20
2.559000e+02 8.437118e-20 8.437118e-20
2.560000e+02 7.638391e-20 7.638391e-20
2.561000e+02 6.961736e-20 6.961736e-20
2.562000e+02 6.413927e-20 6.413927e-20
2.563000e+02 5.982451e-20 5.982451e-20
2.564000e+02 5.644540e-20 5.644540e-20
2.565000e+02 5.375000e-20 5.375000e-20
2.566000e+02 5.151362e-20 5.151362e-20
2.567000e+02 4.956239e-20 4.956239e-20
2.568000e+02 4.777583e-20 4.777583e-20
2.569000e+02 4.607798e-20 4.607798e-20
2.570000e+02 4.442479e-20 4.442479e-20
2.571000e+02 4.279269e-20 4.279269e-20
2.572000e+02 4.116991e-20 4.116991e-20
2.573000e+02 3.955102e-20 3.955102e-20
2.574000e+02 3.881142e-20 3.881142e-20
2.575000e+02 3.830428e-20 3.830428e-20
2.576000e+02 3.779734e-20 3.779734e-20
2.577000e+02 3.729045e-20 3.729045e-20
2.578000e+02 3.678359e-20 3.678359e-20
2.579000e+02 3.627673e-20 3.627673e-20
2.580000e+02 3.576988e-20 3.576988e-20
2.581000e+02 3.526302e-20 3.526302e-20
2.582000e+02 3.475617e-20 3.475617e-20
2.583000e+02 3.424931e-20 3.424931e-20
2.584000e+02 3.374246e-20 3.374246e-20
2.585000e+02 3.323560e-20 3.323560e-20
2.586000e+02 3.272875e-20 3.272875e-20
2.587000e+02 3.222189e-20 3.222189e-20
2.588000e+02 3.171504e-20 3.171504e-20
2.589000e+02 3.120818e-20 3.120818e-20
2.590000e+02 3.070133e-20 3.070133e-20
2.591000e+02 3.019447e-20 3.019447e-20
2.592000e+02 2.968762e-20 2.968762e-20
2.593000e+02 2.918076e-20 2.918076e-20
2.594000e+02 2.867390e-20 2.867390e-20
2.595000e+02 2.816705e-20 2.816705e-20
2.596000e+02 2.766019e-20 2.766019e-20
2.597000e+02 2.715334e-20 2.715334e-20
2.598000e+02 2.664648e-20 2.664648e-20
2.599000e+02 2.613963e-20 2.613963e-20
2.600000e+02 2.563277e-20 2.563277e-20
2.601000e+02 2.512592e-20 2.512592e-20
2.602000e+02 2.461906e-20 2.461906e-20
2.603000e+02 2.411221e-20 2.411221e-20
2.604000e+02 2.360535e-20 2.360535e-20
2.605000e+02 2.309850e-20 2.309850e-20
2.606000e+02 2.259164e-20 2.259164e-20
2.607000e+02 2.208479e-20 2.208479e-20
2.608000e+02 2.157793e-20 2.157793e-20
2.609000e+02 2.107108e-20 2.107108e-20
2.610000e+02 2.056422e-20 2.056422e-20
2.611000e+02 2.005737e-20 2.005737e-20
2.612000e+02 1.955051e-20 1.955051e-20
2.613000e+02 1.904366e-20 1.904366e-20
2.614000e+02 1.853680e-20 1.853680e-20
2.615000e+02 1.802995e-20 1.802995e-20
2.616000e+02 1.752309e-20 1.752309e-20
2.617000e+02 1.701624e-20 1.701624e-20
2.618000e+02 1.650938e-20 1.650938e-20
2.619000e+02 1.600253e-20 1.600253e-20
2.620000e+02 1.549567e-20 1.549567e-20
2.621000e+02 1.498881e-20 1.498881e-20
2.622000e+02 1.448196e-20 1.448196e-20
2.623000e+02 1.397510e-20 1.397510e-20
2.624000e+02 1.346825e-20 1.346825e-20
2.625000e+02 1.296139e-20 1.296139e-20
2.626000e+02 1.245454e-20 1.245454e-20
2.627000e+02 1.194768e-20 1.194768e-20
2.628000e+02 1.144083e-20 1.144083e-20
2.629000e+02 1.093397e-20 1.093397e-20
2.630000e+02 1.042712e-20 1.042712e-20
2.631000e+02 9.920263e-21 9.920263e-21
2.632000e+02 9.413408e-21 9.413408e-21
2.633000e+02 9.039561e-21 9.039561e-21
2.634000e+02 8.922311e-21 8.922311e-21
2.635000e+02 8.805061e-21 8.805061e-21
2.636000e+02 8.687811e-21 8.687811e-21
2.637000e+02 8.570561e-21 8.570561e-21
2.638000e+02 8.453311e-21 8.453311e-21
2.639000e+02 8.336061e-21 8.336061e-21
2.640000e+02 8.218811e-21 8.218811e-21
2.641000e+02 8.101561e-21 8.101561e-21
2.642000e+02 7.984311e-21 7.984311e-21
2.643000e+02 7.867061e-21 7.867061e-21
2.644000e+02 7.749811e-21 7.749811e-21
2.645000e+02 7.632561e-21 7.632561e-21
2.646000e+02 7.515311e-21 7.515311e-21
2.647000e+02 7.398061e-21 7.398061e-21
2.648000e+02 7.280811e-21 7.280811e-21
2.649000e+02 7.163561e-21 7.163561e-21
2.650000e+02 7.046311e-21 7.046311e-21
2.651000e+02 6.929060e-21 6.929060e-21
2.652000e+02 6.811810e-21 6.811810e-21
2.653000e+02 6.694560e-21 6.694560e-21
2.654000e+02 6.577310e-21 6.577310e-21
2.655000e+02 6.460060e-21 6.460060e-21
2.656000e+02 6.342810e-21 6.342810e-21
2.657000e+02 6.225560e-21 6.225560e-21
2.658000e+02 6.108310e-21 6.108310e-21
2.659000e+02 5.991060e-21 5.991060e-21
2.660000e+02 5.873810e-21 5.873810e-21
2.661000e+02 5.756560e-21 5.756560e-21
2.662000e+02 5.639310e-21 5.639310e-21
2.663000e+02 5.522060e-21 5.522060e-21
2.664000e+02 5.404810e-21 5.404810e-21
2.665000e+02 5.287560e-21 5.287560e-21
2.666000e+02 5.170310e-21 5.170310e-21
2.667000e+02 5.053060e-21 5.053060e-21
2.668000e+02 4.935810e-21 4.935810e-21
2.669000e+02 4.818560e-21 4.818560e-21
2.670000e+02 4.701310e-21 4.701310e-21
2.671000e+02 4.584060e-21 4.584060e-21
2.672000e+02 4.466810e-21 4.466810e-21
2.673000e+02 4.349560e-21 4.349560e-21
2.674000e+02 4.232310e-21 4.232310e-21
2.675000e+02 4.115060e-21 4.115060e-21
2.676000e+02 3.997810e-21 3.997810e-21
2.677000e+02 3.880560e-21 3.880560e-21
2.678000e+02 3.763310e-21 3.763310e-21
2.679000e+02 3.646060e-21 3.646060e-21
2.680000e+02 3.528810e-21 3.528810e-21
2.681000e+02 3.411560e-21 3.411560e-21
2.682000e+02 3.294310e-21 3.294310e-21
2.683000e+02 3.177060e-21 3.177060e-21
2.684000e+02 3.059810e-21 3.059810e-21
2.685000e+02 2.942560e-21 2.942560e-21
2.686000e+02 2.825310e-21 2.825310e-21
2.687000e+02 2.708060e-21 2.708060e-21
2.688000e+02 2.590810e-21 2.590810e-21
2.689000e+02 2.473560e-21 2.473560e-21
2.690000e+02 2.356310e-21 2.356310e-21
2.691000e+02 2.239060e-21 2.239060e-21
2.692000e+02 2.121810e-21 2.121810e-21
2.693000e+02 2.082156e-21 2.082156e-21
2.694000e+02 2.051920e-21 2.051920e-21
2.695000e+02 2.021684e-21 2.021684e-21
2.696000e+02 1.991448e-21 1.991448e-21
2.697000e+02 1.961212e-21 1.961212e-21
2.698000e+02 1.930976e-21 1.930976e-21
2.699000e+02 1.900740e-21 1.900740e-21
2.700000e+02 1.870504e-21 1.870504e-21
2.701000e+02 1.840268e-21 1.840268e-21
2.702000e+02 1.810032e-21 1.810032e-21
2.703000e+02 1.779796e-21 1.779796e-21
2.704000e+02 1.749560e-21 1.749560e-21
2.705000e+02 1.719324e-21 1.719324e-21
2.706000e+02 1.689089e-21 1.689089e-21
2.707000e+02 1.658857e-21 1.658857e-21
2.708000e+02 1.628637e-21 1.628637e-21
2.709000e+02 1.598459e-21 1.598459e-21
2.710000e+02 1.568425e-21 1.568425e-21
2.711000e+02 1.538855e-21 1.538855e-21
2.712000e+02 1.510691e-21 1.510691e-21
2.713000e+02 1.486538e-21 1.486538e-21
2.714000e+02 1.473164e-21 1.473164e-21
2.715000e+02 1.487035e-21 1.487035e-21
2.716000e+02 1.565632e-21 1.565632e-21
2.717000e+02 1.788629e-21 1.788629e-21
2.718000e+02 2.313761e-21 2.313761e-21
2.719000e+02 3.430906e-21 3.430906e-21
2.720000e+02 5.632228e-21 5.632228e-21
2.721000e+02 9.684419e-21 9.684419e-21
2.722000e+02 1.667164e-20 1.667164e-20
2.723000e+02 2.796016e-20 2.796016e-20
2.724000e+02 4.502990e-20 4.502990e-20
2.725000e+02 6.913793e-20 6.913793e-20
2.726000e+02 1.008352e-19 1.008352e-19
2.727000e+02 1.394404e-19 1.394404e-19
2.728000e+02 1.826537e-19 1.826537e-19
2.729000e+02 2.265207e-19 2.265207e-19
2.730000e+02 2.658914e-19 2.658914e-19
2.731000e+02 2.953581e-19 2.953581e-19
2.732000e+02 3.104588e-19 3.104588e-19
2.733000e+02 3.087807e-19 3.087807e-19
2.734000e+02 2.905906e-19 2.905906e-19
2.735000e+02 2.587636e-19 2.587636e-19
2.736000e+02 2.180384e-19 2.180384e-19
2.737000e+02 1.738629e-19 1.738629e-19
2.738000e+02 1.312169e-19 1.312169e-19
2.739000e+02 9.375547e-20 9.375547e-20
2.740000e+02 6.345067e-20 6.345067e-20
2.741000e+02 4.070924e-20 4.070924e-20
2.742000e+02 2.480257e-20 2.480257e-20
2.743000e+02 1.439675e-20 1.439675e-20
2.744000e+02 8.012940e-21 8.012940e-21
2.745000e+02 4.330890e-21 4.330890e-21
2.746000e+02 2.328017e-21 2.328017e-21
2.747000e+02 1.295308e-21 1.295308e-21
2.748000e+02 7.854142e-22 7.854142e-22
2.749000e+02 5.389528e-22 5.389528e-22
2.750000e+02 4.168356e-22 4.168356e-22
2.751000e+02 3.497798e-22 3.497798e-22
2.752000e+02 3.169986e-22 3.169986e-22
2.753000e+02 3.075227e-22 3.075227e-22
2.754000e+02 3.013404e-22 3.013404e-22
2.755000e+02 2.962988e-22 2.962988e-22
2.756000e+02 2.916293e-22 2.916293e-22
2.757000e+02 2.870742e-22 2.870742e-22
2.758000e+02 2.825522e-22 2.825522e-22
2.759000e+02 2.780393e-22 2.780393e-22
2.760000e+02 2.735288e-22 2.735288e-22
2.761000e+02 2.690188e-22 2.690188e-22
2.762000e+02 2.645089e-22 2.645089e-22
2.763000e+02 2.599990e-22 2.599990e-22
2.764000e+02 2.554892e-22 2.554892e-22
2.765000e+02 2.509794e-22 2.509794e-22
2.766000e+02 2.464695e-22 2.464695e-22
2.767000e+02 2.419597e-22 2.419597e-22
2.768000e+02 2.374498e-22 2.374498e-22
2.769000e+02 2.329400e-22 2.329400e-22
2.770000e+02 2.284302e-22 2.284302e-22
2.771000e+02 2.239203e-22 2.239203e-22
2.772000e+02 2.194105e-22 2.194105e-22
2.773000e+02 2.149006e-22 2.149006e-22
2.774000e+02 2.103908e-22 2.103908e-22
2.775000e+02 2.058810e-22 2.058810e-22
2.776000e+02 2.013711e-22 2.013711e-22
2.777000e+02 1.968613e-22 1.968613e-22
2.778000e+02 1.923515e-22 1.923515e-22
2.779000e+02 1.878416e-22 1.878416e-22
2.780000e+02 1.833318e-22 1.833318e-22
2.781000e+02 1.788219e-22 1.788219e-22
2.782000e+02 1.743121e-22 1.743121e-22
2.783000e+02 1.698023e-22 1.698023e-22
2.784000e+02 1.652924e-22 1.652924e-22
2.785000e+02 1.607826e-22 1.607826e-22
2.786000e+02 1.562727e-22 1.562727e-22
2.787000e+02 1.517629e-22 1.517629e-22
2.788000e+02 1.472531e-22 1.472531e-22
2.789000e+02 1.427432e-22 1.427432e-22
2.790000e+02 1.382334e-22 1.382334e-22
2.791000e+02 1.337235e-22 1.337235e-22
2.792000e+02 1.292137e-22 1.292137e-22
2.793000e+02 1.247039e-22 1.247039e-22
2.794000e+02 1.201940e-22 1.201940e-22
2.795000e+02 1.156842e-22 1.156842e-22
2.796000e+02 1.111744e-22 1.111744e-22
2.797000e+02 1.066645e-22 1.066645e-22
2.798000e+02 1.021547e-22 1.021547e-22
2.799000e+02 9.764484e-23 9.764484e-23
2.800000e+02 9.313500e-23 9.313500e-23
2.801000e+02 8.862516e-23 8.862516e-23
2.802000e+02 8.411532e-23 8.411532e-23
2.803000e+02 7.960549e-23 7.960549e-23
2.804000e+02 7.509565e-23 7.509565e-23
2.805000e+02 7.058581e-23 7.058581e-23
2.806000e+02 6.607597e-23 6.607597e-23
2.807000e+02 6.156613e-23 6.156613e-23
2.808000e+02 5.705629e-23 5.705629e-23
2.809000e+02 5.254645e-23 5.254645e-23
2.810000e+02 4.803662e-23 4.803662e-23
2.811000e+02 4.352678e-23 4.352678e-23
2.812000e+02 4.283455e-23 4.283455e-23
2.813000e+02 4.217111e-23 4.217111e-23
2.814000e+02 4.150767e-23 4.150767e-23
2.815000e+02 4.084424e-23 4.084424e-23
2.816000e+02 4.018080e-23 4.018080e-23
2.817000e+02 3.951736e-23 3.951736e-23
2.818000e+02 3.885392e-23 3.885392e-23
2.819000e+02 3.819048e-23 3.819048e-23
2.820000e+02 3.752704e-23 3.752704e-23
2.821000e+02 3.686360e-23 3.686360e-23
2.822000e+02 3.620017e-23 3.620017e-23
2.823000e+02 3.553673e-23 3.553673e-23
2.824000e+02 3.487329e-23 3.487329e-23
2.825000e+02 3.420985e-23 3.420985e-23
2.826000e+02 3.354641e-23 3.354641e-23
2.827000e+02 3.288297e-23 3.288297e-23
2.828000e+02 3.221954e-23 3.221954e-23
2.829000e+02 3.155610e-23 3.155610e-23
2.830000e+02 3.089266e-23 3.089266e-23
2.831000e+02 3.022922e-23 3.022922e-23
2.832000e+02 2.956578e-23 2.956578e-23
2.833000e+02 2.890234e-23 2.890234e-23
2.834000e+02 2.823890e-23 2.823890e-23
2.835000e+02 2.757547e-23 2.757547e-23
2.836000e+02 2.691203e-23 2.691203e-23
2.837000e+02 2.624859e-23 2.624859e-23
2.838000e+02 2.558515e-23 2.558515e-23
2.839000e+02 2.492171e-23 2.492171e-23
2.840000e+02 2.425827e-23 2.425827e-23
2.841000e+02 2.359484e-23 2.359484e-23
2.842000e+02 2.293140e-23 2.293140e-23
2.843000e+02 2.226796e-23 2.226796e-23
2.844000e+02 2.160452e-23 2.160452e-23
2.845000e+02 2.094108e-23 2.094108e-23
2.846000e+02 2.027764e-23 2.027764e-23
2.847000e+02 1.961420e-23 1.961420e-23
2.848000e+02 1.895077e-23 1.895077e-23
2.849000e+02 1.828733e-23 1.828733e-23
2.850000e+02 1.762389e-23 1.762389e-23
2.851000e+02 1.696045e-23 1.696045e-23
2.852000e+02 1.629701e-23 1.629701e-23
2.853000e+02 1.563357e-23 1.563357e-23
2.854000e+02 1.497014e-23 1.497014e-23
2.855000e+02 1.430670e-23 1.430670e-23
2.856000e+02 1.364326e-23 1.364326e-23
2.857000e+02 1.297982e-23 1.297982e-23
2.858000e+02 1.231638e-23 1.231638e-23
2.859000e+02 1.165294e-23 1.165294e-23
2.860000e+02 1.098951e-23 1.098951e-23
2.861000e+02 1.032607e-23 1.032607e-23
2.862000e+02 9.662628e-24 9.662628e-24
2.863000e+02 8.999190e-24 8.999190e-24
2.864000e+02 8.335751e-24 8.335751e-24
2.865000e+02 7.672313e-24 7.672313e-24
2.866000e+02 7.008874e-24 7.008874e-24
2.867000e+02 6.345436e-24 6.345436e-24
2.868000e+02 5.681998e-24 5.681998e-24
2.869000e+02 5.018559e-24 5.018559e-24
2.870000e+02 4.355121e-24 4.355121e-24
2.871000e+02 4.017713e-24 4.017713e-24
2.872000e+02 3.954822e-24 3.954822e-24
2.873000e+02 3.891930e-24 3.891930e-24
2.874000e+02 3.829039e-24 3.829039e-24
2.875000e+02 3.766147e-24 3.766147e-24
2.876000e+02 3.703256e-24 3.703256e-24
2.877000e+02 3.640364e-24 3.640364e-24
2.878000e+02 3.577473e-24 3.577473e-24
2.879000e+02 3.514581e-24 3.514581e-24
2.880000e+02 3.451690e-24 3.451690e-24
2.881000e+02 3.388798e-24 3.388798e-24
2.882000e+02 3.325907e-24 3.325907e-24
2.883000e+02 3.263015e-24 3.263015e-24
2.884000e+02 3.200124e-24 3.200124e-24
2.885000e+02 3.137232e-24 3.137232e-24
2.886000e+02 3.074341e-24 3.074341e-24
2.887000e+02 3.011449e-24 3.011449e-24
2.888000e+02 2.948558e-24 2.948558e-24
2.889000e+02 2.885666e-24 2.885666e-24
2.890000e+02 2.822776e-24 2.822776e-24
2.891000e+02 2.759892e-24 2.759892e-24
2.892000e+02 2.697039e-24 2.697039e-24
2.893000e+02 2.634337e-24 2.634337e-24
2.894000e+02 2.572336e-24 2.572336e-24
2.895000e+02 2.513393e-24 2.513393e-24
2.896000e+02 2.467048e-24 2.467048e-24
2.897000e+02 2.469674e-24 2.469674e-24
2.898000e+02 2.651875e-24 2.651875e-24
2.899000e+02 3.455101e-24 3.455101e-24
2.900000e+02 6.283105e-24 6.283105e-24
2.901000e+02 1.533238e-23 1.533238e-23
2.902000e+02 4.238756e-23 4.238756e-23
2.903000e+02 1.185055e-22 1.185055e-22
2.904000e+02 3.204039e-22 3.204039e-22
2.905000e+02 8.254571e-22 8.254571e-22
2.906000e+02 2.016791e-21 2.016791e-21
2.907000e+02 4.665687e-21 4.665687e-21
2.908000e+02 1.021467e-20 1.021467e-20
2.909000e+02 2.115943e-20 2.115943e-20
2.910000e+02 4.146888e-20 4.146888e-20
2.911000e+02 7.688958e-20 7.688958e-20
2.912000e+02 1.348759e-19 1.348759e-19
2.913000e+02 2.238312e-19 2.238312e-19
2.914000e+02 3.514192e-19 3.514192e-19
2.915000e+02 5.219734e-19 5.219734e-19
2.916000e+02 7.334814e-19 7.334814e-19
2.917000e+02 9.750964e-19 9.750964e-19
2.918000e+02 1.226376e-18 1.226376e-18
2.919000e+02 1.459209e-18 1.459209e-18
2.920000e+02 1.642589e-18 1.642589e-18
2.921000e+02 1.749275e-18 1.749275e-18
2.922000e+02 1.762401e-18 1.762401e-18
2.923000e+02 1.679844e-18 1.679844e-18
2.924000e+02 1.514784e-18 1.514784e-18
2.925000e+02 1.292261e-18 1.292261e-18
2.926000e+02 1.042959e-18 1.042959e-18
2.927000e+02 7.963466e-19 7.963466e-19
2.928000e+02 5.752471e-19 5.752471e-19
2.929000e+02 3.931193e-19 3.931193e-19
2.930000e+02 2.541628e-19 2.541628e-19
2.931000e+02 1.554596e-19 1.554596e-19
2.932000e+02 8.995819e-20 8.995819e-20
2.933000e+02 4.924727e-20 4.924727e-20
2.934000e+02 2.550600e-20 2.550600e-20
2.935000e+02 1.249749e-20 1.249749e-20
2.936000e+02 5.793315e-21 5.793315e-21
2.937000e+02 2.540763e-21 2.540763e-21
2.938000e+02 1.054283e-21 1.054283e-21
2.939000e+02 4.139726e-22 4.139726e-22
2.940000e+02 1.538849e-22 1.538849e-22
2.941000e+02 5.422543e-23 5.422543e-23
2.942000e+02 1.818890e-23 1.818890e-23
2.943000e+02 5.887181e-24 5.887181e-24
2.944000e+02 1.920141e-24 1.920141e-24
2.945000e+02 7.096626e-25 7.096626e-25
2.946000e+02 3.582550e-25 3.582550e-25
2.947000e+02 2.592255e-25 2.592255e-25
2.948000e+02 2.301139e-25 2.301139e-25
2.949000e+02 2.192738e-25 2.192738e-25
2.950000e+02 2.129390e-25 2.129390e-25
2.951000e+02 2.076525e-25 2.076525e-25
2.952000e+02 2.025964e-25 2.025964e-25
2.953000e+02 1.975881e-25 1.975881e-25
2.954000e+02 1.925891e-25 1.925891e-25
2.955000e+02 1.875919e-25 1.875919e-25
2.956000e+02 1.825949e-25 1.825949e-25
2.957000e+02 1.775980e-25 1.775980e-25
2.958000e+02 1.726011e-25 1.726011e-25
2.959000e+02 1.676042e-25 1.676042e-25
2.960000e+02 1.626073e-25 1.626073e-25
2.961000e+02 1.576104e-25 1.576104e-25
2.962000e+02 1.526135e-25 1.526135e-25
2.963000e+02 1.476167e-25 1.476167e-25
2.964000e+02 1.426198e-25 1.426198e-25
2.965000e+02 1.376229e-25 1.376229e-25
2.966000e+02 1.326260e-25 1.326260e-25
2.967000e+02 1.276291e-25 1.276291e-25
2.968000e+02 1.226322e-25 1.226322e-25
2.969000e+02 1.176353e-25 1.176353e-25
2.970000e+02 1.126384e-25 1.126384e-25
2.971000e+02 1.076415e-25 1.076415e-25
2.972000e+02 1.026446e-25 1.026446e-25
2.973000e+02 9.764773e-26 9.764773e-26
2.974000e+02 9.265084e-26 9.265084e-26
2.975000e+02 8.765395e-26 8.765395e-26
2.976000e+02 8.265705e-26 8.265705e-26
2.977000e+02 7.766016e-26 7.766016e-26
2.978000e+02 7.266327e-26 7.266327e-26
2.979000e+02 6.766638e-26 6.766638e-26
2.980000e+02 6.266949e-26 6.266949e-26
2.981000e+02 5.767259e-26 5.767259e-26
2.982000e+02 5.267570e-26 5.267570e-26
2.983000e+02 4.767881e-26 4.767881e-26
2.984000e+02 4.268192e-26 4.268192e-26
2.985000e+02 3.768503e-26 3.768503e-26
2.986000e+02 3.268813e-26 3.268813e-26
2.987000e+02 2.769124e-26 2.769124e-26
2.988000e+02 2.269435e-26 2.269435e-26
2.989000e+02 1.769746e-26 1.769746e-26
2.990000e+02 1.575529e-26 1.575529e-26
2.991000e+02 1.550442e-26 1.550442e-26
2.992000e+02 1.525355e-26 1.525355e-26
2.993000e+02 1.500268e-26 1.500268e-26
2.994000e+02 1.475181e-26 1.475181e-26
2.995000e+02 1.450094e-26 1.450094e-26
2.996000e+02 1.425007e-26 1.425007e-26
2.997000e+02 1.399920e-26 1.399920e-26
2.998000e+02 1.374833e-26 1.374833e-26
2.999000e+02 1.349746e-26 1.349746e-26
3.000000e+02 1.324659e-26 1.324659e-26
3.001000e+02 1.299572e-26 1.299572e-26
3.002000e+02 1.274485e-26 1.274485e-26
3.003000e+02 1.249398e-26 1.249398e-26
3.004000e+02 1.224311e-26 1.224311e-26
3.005000e+02 1.199224e-26 1.199224e-26
3.006000e+02 1.174137e-26 1.174137e-26
3.007000e+02 1.149050e-26 1.149050e-26
3.008000e+02 1.123963e-26 1.123963e-26
3.009000e+02 1.098876e-26 1.098876e-26
3.010000e+02 1.073789e-26 1.073789e-26
3.011000e+02 1.048702e-26 1.048702e-26
3.012000e+02 1.023615e-26 1.023615e-26
3.013000e+02 9.985280e-27 9.985280e-27
3.014000e+02 9.734410e-27 9.734410e-27
3.015000e+02 9.483540e-27 9.483540e-27
3.016000e+02 9.232670e-27 9.232670e-27
3.017000e+02 8.981800e-27 8.981800e-27
3.018000e+02 8.730930e-27 8.730930e-27
3.019000e+02 8.480060e-27 8.480060e-27
3.020000e+02 8.229190e-27 8.229190e-27
3.021000e+02 7.978321e-27 7.978321e-27
3.022000e+02 7.727451e-27 7.727451e-27
3.023000e+02 7.476581e-27 7.476581e-27
3.024000e+02 7.225711e-27 7.225711e-27
3.025000e+02 6.974841e-27 6.974841e-27
3.026000e+02 6.723971e-27 6.723971e-27
3.027000e+02 6.473101e-27 6.473101e-27
3.028000e+02 6.222231e-27 6.222231e-27
3.029000e+02 5.971362e-27 5.971362e-27
3.030000e+02 5.720492e-27 5.720492e-27
3.031000e+02 5.469622e-27 5.469622e-27
3.032000e+02 5.218752e-27 5.218752e-27
3.033000e+02 4.967882e-27 4.967882e-27
3.034000e+02 4.717012e-27 4.717012e-27
3.035000e+02 4.466142e-27 4.466142e-27
3.036000e+02 4.215272e-27 4.215272e-27
3.037000e+02 3.964402e-27 3.964402e-27
3.038000e+02 3.713533e-27 3.713533e-27
3.039000e+02 3.462663e-27 3.462663e-27
3.040000e+02 3.211793e-27 3.211793e-27
3.041000e+02 2.960923e-27 2.960923e-27
3.042000e+02 2.710053e-27 2.710053e-27
3.043000e+02 2.459183e-27 2.459183e-27
3.044000e+02 2.208313e-27 2.208313e-27
3.045000e+02 1.957443e-27 1.957443e-27
3.046000e+02 1.706573e-27 1.706573e-27
3.047000e+02 1.455704e-27 1.455704e-27
3.048000e+02 1.204834e-27 1.204834e-27
3.049000e+02 9.994740e-28 9.994740e-28
3.050000e+02 9.831776e-28 9.831776e-28
3.051000e+02 9.668812e-28 9.668812e-28
3.052000e+02 9.505848e-28 9.505848e-28
3.053000e+02 9.342884e-28 9.342884e-28
3.054000e+02 9.179919e-28 9.179919e-28
3.055000e+02 9.016955e-28 9.016955e-28
3.056000e+02 8.853991e-28 8.853991e-28
3.057000e+02 8.691027e-28 8.691027e-28
3.058000e+02 8.528063e-28 8.528063e-28
3.059000e+02 8.365099e-28 8.365099e-28
3.060000e+02 8.202134e-28 8.202134e-28
3.061000e+02 8.039170e-28 8.039170e-28
3.062000e+02 7.876206e-28 7.876206e-28
3.063000e+02 7.713242e-28 7.713242e-28
3.064000e+02 7.550278e-28 7.550278e-28
3.065000e+02 7.387314e-28 7.387314e-28
3.066000e+02 7.224350e-28 7.224350e-28
3.067000e+02 7.061385e-28 7.061385e-28
3.068000e+02 6.898421e-28 6.898421e-28
3.069000e+02 6.735457e-28 6.735457e-28
3.070000e+02 6.572493e-28 6.572493e-28
3.071000e+02 6.409529e-28 6.409529e-28
3.072000e+02 6.246565e-28 6.246565e-28
3.073000e+02 6.083601e-28 6.083601e-28
3.074000e+02 5.920636e-28 5.920636e-28
3.075000e+02 5.757672e-28 5.757672e-28
3.076000e+02 5.594708e-28 5.594708e-28
3.077000e+02 5.431744e-28 5.431744e-28
3.078000e+02 5.268780e-28 5.268780e-28
3.079000e+02 5.105816e-28 5.105816e-28
3.080000e+02 4.942851e-28 4.942851e-28
3.081000e+02 4.779887e-28 4.779887e-28
3.082000e+02 4.616924e-28 4.616924e-28
3.083000e+02 4.453962e-28 4.453962e-28
3.084000e+02 4.291017e-28 4.291017e-28
3.085000e+02 4.128190e-28 4.128190e-28
3.086000e+02 3.966137e-28 3.966137e-28
3.087000e+02 3.808926e-28 3.808926e-28
3.088000e+02 3.680277e-28 3.680277e-28
3.089000e+02 3.710832e-28 3.710832e-28
3.090000e+02 4.579497e-28 4.579497e-28
3.091000e+02 9.614931e-28 9.614931e-28
3.092000e+02 3.421068e-27 3.421068e-27
3.093000e+02 1.454936e-26 1.454936e-26
3.094000e+02 6.193964e-26 6.193964e-26
3.095000e+02 2.524726e-25 2.524726e-25
3.096000e+02 9.760933e-25 9.760933e-25
3.097000e+02 3.572191e-24 3.572191e-24
3.098000e+02 1.236954e-23 1.236954e-23
3.099000e+02 4.052328e-23 4.052328e-23
3.100000e+02 1.255963e-22 1.255963e-22
3.101000e+02 3.682711e-22 3.682711e-22
3.102000e+02 1.021589e-21 1.021589e-21
3.103000e+02 2.681037e-21 2.681037e-21
3.104000e+02 6.656512e-21 6.656512e-21
3.105000e+02 1.563538e-20 1.563538e-20
3.106000e+02 3.474462e-20 3.474462e-20
3.107000e+02 7.304397e-20 7.304397e-20
3.108000e+02 1.452776e-19 1.452776e-19
3.109000e+02 2.733574e-19 2.733574e-19
3.110000e+02 4.866093e-19 4.866093e-19
3.111000e+02 8.194975e-19 8.194975e-19
3.112000e+02 1.305667e-18 1.305667e-18
3.113000e+02 1.968044e-18 1.968044e-18
3.114000e+02 2.806434e-18 2.806434e-18
3.115000e+02 3.786104e-18 3.786104e-18
3.116000e+02 4.832232e-18 4.832232e-18
3.117000e+02 5.834727e-18 5.834727e-18
3.118000e+02 6.665166e-18 6.665166e-18
3.119000e+02 7.203093e-18 7.203093e-18
3.120000e+02 7.364523e-18 7.364523e-18
3.121000e+02 7.123408e-18 7.123408e-18
3.122000e+02 6.518515e-18 6.518515e-18
3.123000e+02 5.643221e-18 5.643221e-18
3.124000e+02 4.621927e-18 4.621927e-18
3.125000e+02 3.581267e-18 3.581267e-18
3.126000e+02 2.625234e-18 2.625234e-18
3.127000e+02 1.820609e-18 1.820609e-18
3.128000e+02 1.194492e-18 1.194492e-18
3.129000e+02 7.414250e-19 7.414250e-19
3.130000e+02 4.353804e-19 4.353804e-19
3.131000e+02 2.418734e-19 2.418734e-19
3.132000e+02 1.271232e-19 1.271232e-19
3.133000e+02 6.320906e-20 6.320906e-20
3.134000e+02 2.973386e-20 2.973386e-20
3.135000e+02 1.323247e-20 1.323247e-20
3.136000e+02 5.571193e-21 5.571193e-21
3.137000e+02 2.219080e-21 2.219080e-21
3.138000e+02 8.362102e-22 8.362102e-22
3.139000e+02 2.981093e-22 2.981093e-22
3.140000e+02 1.005433e-22 1.005433e-22
3.141000e+02 3.208105e-23 3.208105e-23
3.142000e+02 9.684157e-24 9.684157e-24
3.143000e+02 2.765628e-24 2.765628e-24
3.144000e+02 7.472185e-25 7.472185e-25
3.145000e+02 1.910008e-25 1.910008e-25
3.146000e+02 4.619633e-26 4.619633e-26
3.147000e+02 1.057758e-26 1.057758e-26
3.148000e+02 2.298227e-27 2.298227e-27
