# Si photoionisation cross section
# From the Leiden database for photodissociation and photoionization of astrophysically relevant molecules, http://home.strw.leidenuniv.nl/~ewine/photo/
# File last modified by Alan Heays 2017-03-01
# references: mendoza1996 http://stacks.iop.org/1402-4896/1996/i=T65/a=030, huebner2015 10.1016/j.pss.2014.11.022,
# no info on lines
# wavelength: Wavelength (nm)
# photoabsorption: Photoabsorption cross section (cm2)
# photoionisation: Photoionisation cross section (cm2)
# This version has been resampled to a uniform 0.1nm grid while maintaining a constant integrated cross section (using trapezoidal integration).
# wavelength photoabsorption photoionisation
1.394130e+01 1.501000e-20 1.501000e-20
1.404130e+01 1.533670e-20 1.533670e-20
1.414130e+01 1.566341e-20 1.566341e-20
1.424130e+01 1.599338e-20 1.599338e-20
1.434130e+01 1.633785e-20 1.633785e-20
1.444130e+01 1.668232e-20 1.668232e-20
1.454130e+01 1.703105e-20 1.703105e-20
1.464130e+01 1.738929e-20 1.738929e-20
1.474130e+01 1.774753e-20 1.774753e-20
1.484130e+01 1.811070e-20 1.811070e-20
1.494130e+01 1.848194e-20 1.848194e-20
1.504130e+01 1.885317e-20 1.885317e-20
1.514130e+01 1.923045e-20 1.923045e-20
1.524130e+01 1.961721e-20 1.961721e-20
1.534130e+01 2.000397e-20 2.000397e-20
1.544130e+01 2.039572e-20 2.039572e-20
1.554130e+01 2.079726e-20 2.079726e-20
1.564130e+01 2.119881e-20 2.119881e-20
1.574130e+01 2.160425e-20 2.160425e-20
1.584130e+01 2.202315e-20 2.202315e-20
1.594130e+01 2.244205e-20 2.244205e-20
1.604130e+01 2.286176e-20 2.286176e-20
1.614130e+01 2.329694e-20 2.329694e-20
1.624130e+01 2.373213e-20 2.373213e-20
1.634130e+01 2.416731e-20 2.416731e-20
1.644130e+01 2.461762e-20 2.461762e-20
1.654130e+01 2.507148e-20 2.507148e-20
1.664130e+01 2.552534e-20 2.552534e-20
1.674130e+01 2.598812e-20 2.598812e-20
1.684130e+01 2.645965e-20 2.645965e-20
1.694130e+01 2.693118e-20 2.693118e-20
1.704130e+01 2.740536e-20 2.740536e-20
1.714130e+01 2.789678e-20 2.789678e-20
1.724130e+01 2.838820e-20 2.838820e-20
1.734130e+01 2.887962e-20 2.887962e-20
1.744130e+01 2.938590e-20 2.938590e-20
1.754130e+01 2.989872e-20 2.989872e-20
1.764130e+01 3.041154e-20 3.041154e-20
1.774130e+01 3.092765e-20 3.092765e-20
1.784130e+01 3.145838e-20 3.145838e-20
1.794130e+01 3.198911e-20 3.198911e-20
1.804130e+01 3.251983e-20 3.251983e-20
1.814130e+01 3.306565e-20 3.306565e-20
1.824130e+01 3.362136e-20 3.362136e-20
1.834130e+01 3.417706e-20 3.417706e-20
1.844130e+01 3.473277e-20 3.473277e-20
1.854130e+01 3.530875e-20 3.530875e-20
1.864130e+01 3.588578e-20 3.588578e-20
1.874130e+01 3.646280e-20 3.646280e-20
1.884130e+01 3.704493e-20 3.704493e-20
1.894130e+01 3.764461e-20 3.764461e-20
1.904130e+01 3.824430e-20 3.824430e-20
1.914130e+01 3.884398e-20 3.884398e-20
1.924130e+01 3.945397e-20 3.945397e-20
1.934130e+01 4.007800e-20 4.007800e-20
1.944130e+01 4.070203e-20 4.070203e-20
1.954130e+01 4.132606e-20 4.132606e-20
1.964130e+01 4.196534e-20 4.196534e-20
1.974130e+01 4.261735e-20 4.261735e-20
1.984130e+01 4.326936e-20 4.326936e-20
1.994130e+01 4.392137e-20 4.392137e-20
2.004130e+01 4.458763e-20 4.458763e-20
2.014130e+01 4.526388e-20 4.526388e-20
2.024130e+01 4.594012e-20 4.594012e-20
2.034130e+01 4.661637e-20 4.661637e-20
2.044130e+01 4.730803e-20 4.730803e-20
2.054130e+01 4.801225e-20 4.801225e-20
2.064130e+01 4.871648e-20 4.871648e-20
2.074130e+01 4.942070e-20 4.942070e-20
2.084130e+01 5.013746e-20 5.013746e-20
2.094130e+01 5.087062e-20 5.087062e-20
2.104130e+01 5.160378e-20 5.160378e-20
2.114130e+01 5.233693e-20 5.233693e-20
2.124130e+01 5.307696e-20 5.307696e-20
2.134130e+01 5.383973e-20 5.383973e-20
2.144130e+01 5.460251e-20 5.460251e-20
2.154130e+01 5.536528e-20 5.536528e-20
2.164130e+01 5.612805e-20 5.612805e-20
2.174130e+01 5.692202e-20 5.692202e-20
2.184130e+01 5.771782e-20 5.771782e-20
2.194130e+01 5.851361e-20 5.851361e-20
2.204130e+01 5.930940e-20 5.930940e-20
2.214130e+01 6.012314e-20 6.012314e-20
2.224130e+01 6.095031e-20 6.095031e-20
2.234130e+01 6.177748e-20 6.177748e-20
2.244130e+01 6.260465e-20 6.260465e-20
2.254130e+01 6.343537e-20 6.343537e-20
2.264130e+01 6.429452e-20 6.429452e-20
2.274130e+01 6.515367e-20 6.515367e-20
2.284130e+01 6.601282e-20 6.601282e-20
2.294130e+01 6.687197e-20 6.687197e-20
2.304130e+01 6.775164e-20 6.775164e-20
2.314130e+01 6.864742e-20 6.864742e-20
2.324130e+01 6.954320e-20 6.954320e-20
2.334130e+01 7.043898e-20 7.043898e-20
2.344130e+01 7.133475e-20 7.133475e-20
2.354130e+01 7.226470e-20 7.226470e-20
2.364130e+01 7.319778e-20 7.319778e-20
2.374130e+01 7.413086e-20 7.413086e-20
2.384130e+01 7.506394e-20 7.506394e-20
2.394130e+01 7.600333e-20 7.600333e-20
2.404130e+01 7.697168e-20 7.697168e-20
2.414130e+01 7.794002e-20 7.794002e-20
2.424130e+01 7.890836e-20 7.890836e-20
2.434130e+01 7.987670e-20 7.987670e-20
2.444130e+01 8.085951e-20 8.085951e-20
2.454130e+01 8.186965e-20 8.186965e-20
2.464130e+01 8.287979e-20 8.287979e-20
2.474130e+01 8.388994e-20 8.388994e-20
2.484130e+01 8.490008e-20 8.490008e-20
2.494130e+01 8.592750e-20 8.592750e-20
2.504130e+01 8.697919e-20 8.697919e-20
2.514130e+01 8.803088e-20 8.803088e-20
2.524130e+01 8.908257e-20 8.908257e-20
2.534130e+01 9.013426e-20 9.013426e-20
2.544130e+01 9.120195e-20 9.120195e-20
2.554130e+01 9.229509e-20 9.229509e-20
2.564130e+01 9.338823e-20 9.338823e-20
2.574130e+01 9.448138e-20 9.448138e-20
2.584130e+01 9.557452e-20 9.557452e-20
2.594130e+01 9.668160e-20 9.668160e-20
2.604130e+01 9.782964e-20 9.782964e-20
2.614130e+01 9.897769e-20 9.897769e-20
2.624130e+01 1.001257e-19 1.001257e-19
2.634130e+01 1.012738e-19 1.012738e-19
2.644130e+01 1.024224e-19 1.024224e-19
2.654130e+01 1.036020e-19 1.036020e-19
2.664130e+01 1.047815e-19 1.047815e-19
2.674130e+01 1.059611e-19 1.059611e-19
2.684130e+01 1.071406e-19 1.071406e-19
2.694130e+01 1.083202e-19 1.083202e-19
2.704130e+01 1.095337e-19 1.095337e-19
2.714130e+01 1.107632e-19 1.107632e-19
2.724130e+01 1.119928e-19 1.119928e-19
2.734130e+01 1.132224e-19 1.132224e-19
2.744130e+01 1.144520e-19 1.144520e-19
2.754130e+01 1.156925e-19 1.156925e-19
2.764130e+01 1.169697e-19 1.169697e-19
2.774130e+01 1.182469e-19 1.182469e-19
2.784130e+01 1.195241e-19 1.195241e-19
2.794130e+01 1.208013e-19 1.208013e-19
2.804130e+01 1.220785e-19 1.220785e-19
2.814130e+01 1.233977e-19 1.233977e-19
2.824130e+01 1.247377e-19 1.247377e-19
2.834130e+01 1.260776e-19 1.260776e-19
2.844130e+01 1.274175e-19 1.274175e-19
2.854130e+01 1.287574e-19 1.287574e-19
2.864130e+01 1.300973e-19 1.300973e-19
2.874130e+01 1.314971e-19 1.314971e-19
2.884130e+01 1.328971e-19 1.328971e-19
2.894130e+01 1.342970e-19 1.342970e-19
2.904130e+01 1.356969e-19 1.356969e-19
2.914130e+01 1.370969e-19 1.370969e-19
2.924130e+01 1.385053e-19 1.385053e-19
2.934130e+01 1.399452e-19 1.399452e-19
2.944130e+01 1.413852e-19 1.413852e-19
2.954130e+01 1.428251e-19 1.428251e-19
2.964130e+01 1.442651e-19 1.442651e-19
2.974130e+01 1.457050e-19 1.457050e-19
2.984130e+01 1.471669e-19 1.471669e-19
2.994130e+01 1.486781e-19 1.486781e-19
3.004130e+01 1.501892e-19 1.501892e-19
3.014130e+01 1.517003e-19 1.517003e-19
3.024130e+01 1.532114e-19 1.532114e-19
3.034130e+01 1.547226e-19 1.547226e-19
3.044130e+01 1.562485e-19 1.562485e-19
3.054130e+01 1.578113e-19 1.578113e-19
3.064130e+01 1.593740e-19 1.593740e-19
3.074130e+01 1.609368e-19 1.609368e-19
3.084130e+01 1.624995e-19 1.624995e-19
3.094130e+01 1.640623e-19 1.640623e-19
3.104130e+01 1.656343e-19 1.656343e-19
3.114130e+01 1.672616e-19 1.672616e-19
3.124130e+01 1.688890e-19 1.688890e-19
3.134130e+01 1.705163e-19 1.705163e-19
3.144130e+01 1.721436e-19 1.721436e-19
3.154130e+01 1.737709e-19 1.737709e-19
3.164130e+01 1.753982e-19 1.753982e-19
3.174130e+01 1.770931e-19 1.770931e-19
3.184130e+01 1.787976e-19 1.787976e-19
3.194130e+01 1.805020e-19 1.805020e-19
3.204130e+01 1.822065e-19 1.822065e-19
3.214130e+01 1.839109e-19 1.839109e-19
3.224130e+01 1.856154e-19 1.856154e-19
3.234130e+01 1.873480e-19 1.873480e-19
3.244130e+01 1.891110e-19 1.891110e-19
3.254130e+01 1.908740e-19 1.908740e-19
3.264130e+01 1.926370e-19 1.926370e-19
3.274130e+01 1.944000e-19 1.944000e-19
3.284130e+01 1.961630e-19 1.961630e-19
3.294130e+01 1.979260e-19 1.979260e-19
3.304130e+01 1.997703e-19 1.997703e-19
3.314130e+01 2.016183e-19 2.016183e-19
3.324130e+01 2.034663e-19 2.034663e-19
3.334130e+01 2.053142e-19 2.053142e-19
3.344130e+01 2.071622e-19 2.071622e-19
3.354130e+01 2.090101e-19 2.090101e-19
3.364130e+01 2.108782e-19 2.108782e-19
3.374130e+01 2.127928e-19 2.127928e-19
3.384130e+01 2.147074e-19 2.147074e-19
3.394130e+01 2.166219e-19 2.166219e-19
3.404130e+01 2.185365e-19 2.185365e-19
3.414130e+01 2.204511e-19 2.204511e-19
3.424130e+01 2.223657e-19 2.223657e-19
3.434130e+01 2.243200e-19 2.243200e-19
3.444130e+01 2.263122e-19 2.263122e-19
3.454130e+01 2.283044e-19 2.283044e-19
3.464130e+01 2.302966e-19 2.302966e-19
3.474130e+01 2.322888e-19 2.322888e-19
3.484130e+01 2.342810e-19 2.342810e-19
3.494130e+01 2.362732e-19 2.362732e-19
3.504130e+01 2.383169e-19 2.383169e-19
3.514130e+01 2.403969e-19 2.403969e-19
3.524130e+01 2.424770e-19 2.424770e-19
3.534130e+01 2.445571e-19 2.445571e-19
3.544130e+01 2.466372e-19 2.466372e-19
3.554130e+01 2.487173e-19 2.487173e-19
3.564130e+01 2.507974e-19 2.507974e-19
3.574130e+01 2.529136e-19 2.529136e-19
3.584130e+01 2.550634e-19 2.550634e-19
3.594130e+01 2.572132e-19 2.572132e-19
3.604130e+01 2.593630e-19 2.593630e-19
3.614130e+01 2.615128e-19 2.615128e-19
3.624130e+01 2.636626e-19 2.636626e-19
3.634130e+01 2.658123e-19 2.658123e-19
3.644130e+01 2.679910e-19 2.679910e-19
3.654130e+01 2.702343e-19 2.702343e-19
3.664130e+01 2.724777e-19 2.724777e-19
3.674130e+01 2.747211e-19 2.747211e-19
3.684130e+01 2.769644e-19 2.769644e-19
3.694130e+01 2.792078e-19 2.792078e-19
3.704130e+01 2.814512e-19 2.814512e-19
3.714130e+01 2.836946e-19 2.836946e-19
3.724130e+01 2.860352e-19 2.860352e-19
3.734130e+01 2.883806e-19 2.883806e-19
3.744130e+01 2.907260e-19 2.907260e-19
3.754130e+01 2.930714e-19 2.930714e-19
3.764130e+01 2.954168e-19 2.954168e-19
3.774130e+01 2.977623e-19 2.977623e-19
3.784130e+01 3.001077e-19 3.001077e-19
3.794130e+01 3.024910e-19 3.024910e-19
3.804130e+01 3.049208e-19 3.049208e-19
3.814130e+01 3.073505e-19 3.073505e-19
3.824130e+01 3.097803e-19 3.097803e-19
3.834130e+01 3.122101e-19 3.122101e-19
3.844130e+01 3.146399e-19 3.146399e-19
3.854130e+01 3.170697e-19 3.170697e-19
3.864130e+01 3.194995e-19 3.194995e-19
3.874130e+01 3.220127e-19 3.220127e-19
3.884130e+01 3.245476e-19 3.245476e-19
3.894130e+01 3.270825e-19 3.270825e-19
3.904130e+01 3.296174e-19 3.296174e-19
3.914130e+01 3.321522e-19 3.321522e-19
3.924130e+01 3.346871e-19 3.346871e-19
3.934130e+01 3.372220e-19 3.372220e-19
3.944130e+01 3.397569e-19 3.397569e-19
3.954130e+01 3.423907e-19 3.423907e-19
3.964130e+01 3.450263e-19 3.450263e-19
3.974130e+01 3.476618e-19 3.476618e-19
3.984130e+01 3.502974e-19 3.502974e-19
3.994130e+01 3.529329e-19 3.529329e-19
4.004130e+01 3.555684e-19 3.555684e-19
4.014130e+01 3.582040e-19 3.582040e-19
4.024130e+01 3.608413e-19 3.608413e-19
4.034130e+01 3.635969e-19 3.635969e-19
4.044130e+01 3.663525e-19 3.663525e-19
4.054130e+01 3.691080e-19 3.691080e-19
4.064130e+01 3.718636e-19 3.718636e-19
4.074130e+01 3.746192e-19 3.746192e-19
4.084130e+01 3.773747e-19 3.773747e-19
4.094130e+01 3.801303e-19 3.801303e-19
4.104130e+01 3.828859e-19 3.828859e-19
4.114130e+01 3.857214e-19 3.857214e-19
4.124130e+01 3.885671e-19 3.885671e-19
4.134130e+01 3.914129e-19 3.914129e-19
4.144130e+01 3.942587e-19 3.942587e-19
4.154130e+01 3.971044e-19 3.971044e-19
4.164130e+01 3.999502e-19 3.999502e-19
4.174130e+01 4.027960e-19 4.027960e-19
4.184130e+01 4.056418e-19 4.056418e-19
4.194130e+01 4.085662e-19 4.085662e-19
4.204130e+01 4.115445e-19 4.115445e-19
4.214130e+01 4.145229e-19 4.145229e-19
4.224130e+01 4.175013e-19 4.175013e-19
4.234130e+01 4.204797e-19 4.204797e-19
4.244130e+01 4.234580e-19 4.234580e-19
4.254130e+01 4.264364e-19 4.264364e-19
4.264130e+01 4.294148e-19 4.294148e-19
4.274130e+01 4.324083e-19 4.324083e-19
4.284130e+01 4.355018e-19 4.355018e-19
4.294130e+01 4.385953e-19 4.385953e-19
4.304130e+01 4.416888e-19 4.416888e-19
4.314130e+01 4.447823e-19 4.447823e-19
4.324130e+01 4.478758e-19 4.478758e-19
4.334130e+01 4.509693e-19 4.509693e-19
4.344130e+01 4.540628e-19 4.540628e-19
4.354130e+01 4.571563e-19 4.571563e-19
4.364130e+01 4.603158e-19 4.603158e-19
4.374130e+01 4.635408e-19 4.635408e-19
4.384130e+01 4.667659e-19 4.667659e-19
4.394130e+01 4.699910e-19 4.699910e-19
4.404130e+01 4.732161e-19 4.732161e-19
4.414130e+01 4.764411e-19 4.764411e-19
4.424130e+01 4.796662e-19 4.796662e-19
4.434130e+01 4.828913e-19 4.828913e-19
4.444130e+01 4.861164e-19 4.861164e-19
4.454130e+01 4.894285e-19 4.894285e-19
4.464130e+01 4.927789e-19 4.927789e-19
4.474130e+01 4.961293e-19 4.961293e-19
4.484130e+01 4.994797e-19 4.994797e-19
4.494130e+01 5.028301e-19 5.028301e-19
4.504130e+01 5.061805e-19 5.061805e-19
4.514130e+01 5.095309e-19 5.095309e-19
4.524130e+01 5.128813e-19 5.128813e-19
4.534130e+01 5.162317e-19 5.162317e-19
4.544130e+01 5.196822e-19 5.196822e-19
4.554130e+01 5.231734e-19 5.231734e-19
4.564130e+01 5.266645e-19 5.266645e-19
4.574130e+01 5.301557e-19 5.301557e-19
4.584130e+01 5.336469e-19 5.336469e-19
4.594130e+01 5.371380e-19 5.371380e-19
4.604130e+01 5.406292e-19 5.406292e-19
4.614130e+01 5.441204e-19 5.441204e-19
4.624130e+01 5.476115e-19 5.476115e-19
4.634130e+01 5.511760e-19 5.511760e-19
4.644130e+01 5.548017e-19 5.548017e-19
4.654130e+01 5.584273e-19 5.584273e-19
4.664130e+01 5.620530e-19 5.620530e-19
4.674130e+01 5.656787e-19 5.656787e-19
4.684130e+01 5.693043e-19 5.693043e-19
4.694130e+01 5.729300e-19 5.729300e-19
4.704130e+01 5.765557e-19 5.765557e-19
4.714130e+01 5.801813e-19 5.801813e-19
4.724130e+01 5.838379e-19 5.838379e-19
4.734130e+01 5.876220e-19 5.876220e-19
4.744130e+01 5.914060e-19 5.914060e-19
4.754130e+01 5.951901e-19 5.951901e-19
4.764130e+01 5.989742e-19 5.989742e-19
4.774130e+01 6.027582e-19 6.027582e-19
4.784130e+01 6.065423e-19 6.065423e-19
4.794130e+01 6.103264e-19 6.103264e-19
4.804130e+01 6.141104e-19 6.141104e-19
4.814130e+01 6.178945e-19 6.178945e-19
4.824130e+01 6.217777e-19 6.217777e-19
4.834130e+01 6.257132e-19 6.257132e-19
4.844130e+01 6.296487e-19 6.296487e-19
4.854130e+01 6.335841e-19 6.335841e-19
4.864130e+01 6.375196e-19 6.375196e-19
4.874130e+01 6.414551e-19 6.414551e-19
4.884130e+01 6.453906e-19 6.453906e-19
4.894130e+01 6.493260e-19 6.493260e-19
4.904130e+01 6.532615e-19 6.532615e-19
4.914130e+01 6.571970e-19 6.571970e-19
4.924130e+01 6.612839e-19 6.612839e-19
4.934130e+01 6.653834e-19 6.653834e-19
4.944130e+01 6.694829e-19 6.694829e-19
4.954130e+01 6.735824e-19 6.735824e-19
4.964130e+01 6.776819e-19 6.776819e-19
4.974130e+01 6.817814e-19 6.817814e-19
4.984130e+01 6.858810e-19 6.858810e-19
4.994130e+01 6.899805e-19 6.899805e-19
5.004130e+01 6.940800e-19 6.940800e-19
5.014130e+01 6.981795e-19 6.981795e-19
5.024130e+01 7.024334e-19 7.024334e-19
5.034130e+01 7.066881e-19 7.066881e-19
5.044130e+01 7.109428e-19 7.109428e-19
5.054130e+01 7.151975e-19 7.151975e-19
5.064130e+01 7.194522e-19 7.194522e-19
5.074130e+01 7.237069e-19 7.237069e-19
5.084130e+01 7.279615e-19 7.279615e-19
5.094130e+01 7.322162e-19 7.322162e-19
5.104130e+01 7.364709e-19 7.364709e-19
5.114130e+01 7.407256e-19 7.407256e-19
5.124130e+01 7.451420e-19 7.451420e-19
5.134130e+01 7.495837e-19 7.495837e-19
5.144130e+01 7.540253e-19 7.540253e-19
5.154130e+01 7.584670e-19 7.584670e-19
5.164130e+01 7.629086e-19 7.629086e-19
5.174130e+01 7.673503e-19 7.673503e-19
5.184130e+01 7.717919e-19 7.717919e-19
5.194130e+01 7.762336e-19 7.762336e-19
5.204130e+01 7.806752e-19 7.806752e-19
5.214130e+01 7.851169e-19 7.851169e-19
5.224130e+01 7.896480e-19 7.896480e-19
5.234130e+01 7.942581e-19 7.942581e-19
5.244130e+01 7.988682e-19 7.988682e-19
5.254130e+01 8.034784e-19 8.034784e-19
5.264130e+01 8.080885e-19 8.080885e-19
5.274130e+01 8.126986e-19 8.126986e-19
5.284130e+01 8.173088e-19 8.173088e-19
5.294130e+01 8.219189e-19 8.219189e-19
5.304130e+01 8.265290e-19 8.265290e-19
5.314130e+01 8.311392e-19 8.311392e-19
5.324130e+01 8.357493e-19 8.357493e-19
5.334130e+01 8.405537e-19 8.405537e-19
5.344130e+01 8.453604e-19 8.453604e-19
5.354130e+01 8.501670e-19 8.501670e-19
5.364130e+01 8.549736e-19 8.549736e-19
5.374130e+01 8.597802e-19 8.597802e-19
5.384130e+01 8.645868e-19 8.645868e-19
5.394130e+01 8.693935e-19 8.693935e-19
5.404130e+01 8.742001e-19 8.742001e-19
5.414130e+01 8.790067e-19 8.790067e-19
5.424130e+01 8.838133e-19 8.838133e-19
5.434130e+01 8.886657e-19 8.886657e-19
5.444130e+01 8.936689e-19 8.936689e-19
5.454130e+01 8.986721e-19 8.986721e-19
5.464130e+01 9.036753e-19 9.036753e-19
5.474130e+01 9.086785e-19 9.086785e-19
5.484130e+01 9.136817e-19 9.136817e-19
5.494130e+01 9.186849e-19 9.186849e-19
5.504130e+01 9.236881e-19 9.236881e-19
5.514130e+01 9.286913e-19 9.286913e-19
5.524130e+01 9.336945e-19 9.336945e-19
5.534130e+01 9.386976e-19 9.386976e-19
5.544130e+01 9.437610e-19 9.437610e-19
5.554130e+01 9.489954e-19 9.489954e-19
5.564130e+01 9.542299e-19 9.542299e-19
5.574130e+01 9.594644e-19 9.594644e-19
5.584130e+01 9.646989e-19 9.646989e-19
5.594130e+01 9.699334e-19 9.699334e-19
5.604130e+01 9.751678e-19 9.751678e-19
5.614130e+01 9.804023e-19 9.804023e-19
5.624130e+01 9.856368e-19 9.856368e-19
5.634130e+01 9.908713e-19 9.908713e-19
5.644130e+01 9.961058e-19 9.961058e-19
5.654130e+01 1.001353e-18 1.001353e-18
5.664130e+01 1.006781e-18 1.006781e-18
5.674130e+01 1.012210e-18 1.012210e-18
5.684130e+01 1.017639e-18 1.017639e-18
5.694130e+01 1.023067e-18 1.023067e-18
5.704130e+01 1.028496e-18 1.028496e-18
5.714130e+01 1.033924e-18 1.033924e-18
5.724130e+01 1.039353e-18 1.039353e-18
5.734130e+01 1.044782e-18 1.044782e-18
5.744130e+01 1.050210e-18 1.050210e-18
5.754130e+01 1.055639e-18 1.055639e-18
5.764130e+01 1.061067e-18 1.061067e-18
5.774130e+01 1.066593e-18 1.066593e-18
5.784130e+01 1.072172e-18 1.072172e-18
5.794130e+01 1.077751e-18 1.077751e-18
5.804130e+01 1.083330e-18 1.083330e-18
5.814130e+01 1.088909e-18 1.088909e-18
5.824130e+01 1.094487e-18 1.094487e-18
5.834130e+01 1.100066e-18 1.100066e-18
5.844130e+01 1.105645e-18 1.105645e-18
5.854130e+01 1.111224e-18 1.111224e-18
5.864130e+01 1.116803e-18 1.116803e-18
5.874130e+01 1.122382e-18 1.122382e-18
5.884130e+01 1.127961e-18 1.127961e-18
5.894130e+01 1.133848e-18 1.133848e-18
5.904130e+01 1.139737e-18 1.139737e-18
5.914130e+01 1.145627e-18 1.145627e-18
5.924130e+01 1.151516e-18 1.151516e-18
5.934130e+01 1.157405e-18 1.157405e-18
5.944130e+01 1.163294e-18 1.163294e-18
5.954130e+01 1.169184e-18 1.169184e-18
5.964130e+01 1.175073e-18 1.175073e-18
5.974130e+01 1.180962e-18 1.180962e-18
5.984130e+01 1.186852e-18 1.186852e-18
5.994130e+01 1.192741e-18 1.192741e-18
6.004130e+01 1.198653e-18 1.198653e-18
6.014130e+01 1.204754e-18 1.204754e-18
6.024130e+01 1.210856e-18 1.210856e-18
6.034130e+01 1.216958e-18 1.216958e-18
6.044130e+01 1.223059e-18 1.223059e-18
6.054130e+01 1.229161e-18 1.229161e-18
6.064130e+01 1.235262e-18 1.235262e-18
6.074130e+01 1.241364e-18 1.241364e-18
6.084130e+01 1.247466e-18 1.247466e-18
6.094130e+01 1.253567e-18 1.253567e-18
6.104130e+01 1.259669e-18 1.259669e-18
6.114130e+01 1.265770e-18 1.265770e-18
6.124130e+01 1.271872e-18 1.271872e-18
6.134130e+01 1.278251e-18 1.278251e-18
6.144130e+01 1.284637e-18 1.284637e-18
6.154130e+01 1.291022e-18 1.291022e-18
6.164130e+01 1.297407e-18 1.297407e-18
6.174130e+01 1.303793e-18 1.303793e-18
6.184130e+01 1.310178e-18 1.310178e-18
6.194130e+01 1.316564e-18 1.316564e-18
6.204130e+01 1.322949e-18 1.322949e-18
6.214130e+01 1.329334e-18 1.329334e-18
6.224130e+01 1.335720e-18 1.335720e-18
6.234130e+01 1.342105e-18 1.342105e-18
6.244130e+01 1.348491e-18 1.348491e-18
6.254130e+01 1.354992e-18 1.354992e-18
6.264130e+01 1.361567e-18 1.361567e-18
6.274130e+01 1.368143e-18 1.368143e-18
6.284130e+01 1.374719e-18 1.374719e-18
6.294130e+01 1.381295e-18 1.381295e-18
6.304130e+01 1.387871e-18 1.387871e-18
6.314130e+01 1.394446e-18 1.394446e-18
6.324130e+01 1.401022e-18 1.401022e-18
6.334130e+01 1.407598e-18 1.407598e-18
6.344130e+01 1.414174e-18 1.414174e-18
6.354130e+01 1.420750e-18 1.420750e-18
6.364130e+01 1.427326e-18 1.427326e-18
6.374130e+01 1.433901e-18 1.433901e-18
6.384130e+01 1.440808e-18 1.440808e-18
6.394130e+01 1.447720e-18 1.447720e-18
6.404130e+01 1.454633e-18 1.454633e-18
6.414130e+01 1.461545e-18 1.461545e-18
6.424130e+01 1.468457e-18 1.468457e-18
6.434130e+01 1.475369e-18 1.475369e-18
6.444130e+01 1.482281e-18 1.482281e-18
6.454130e+01 1.489193e-18 1.489193e-18
6.464130e+01 1.496105e-18 1.496105e-18
6.474130e+01 1.503017e-18 1.503017e-18
6.484130e+01 1.509929e-18 1.509929e-18
6.494130e+01 1.516841e-18 1.516841e-18
6.504130e+01 1.526344e-18 1.526344e-18
6.514130e+01 1.557021e-18 1.557021e-18
6.524130e+01 1.587698e-18 1.587698e-18
6.534130e+01 1.618375e-18 1.618375e-18
6.544130e+01 1.649052e-18 1.649052e-18
6.554130e+01 1.679730e-18 1.679730e-18
6.564130e+01 1.710407e-18 1.710407e-18
6.574130e+01 1.741084e-18 1.741084e-18
6.584130e+01 1.771761e-18 1.771761e-18
6.594130e+01 1.802438e-18 1.802438e-18
6.604130e+01 1.833115e-18 1.833115e-18
6.614130e+01 1.863793e-18 1.863793e-18
6.624130e+01 1.894470e-18 1.894470e-18
6.634130e+01 1.925147e-18 1.925147e-18
6.644130e+01 1.955824e-18 1.955824e-18
6.654130e+01 1.698407e-18 1.698407e-18
6.664130e+01 2.012833e-18 2.012833e-18
6.674130e+01 2.066369e-18 2.066369e-18
6.684130e+01 2.038180e-18 2.038180e-18
6.694130e+01 2.084414e-18 2.084414e-18
6.704130e+01 2.087716e-18 2.087716e-18
6.714130e+01 1.888276e-18 1.888276e-18
6.724130e+01 2.028790e-18 2.028790e-18
6.734130e+01 2.072746e-18 2.072746e-18
6.744130e+01 1.908347e-18 1.908347e-18
6.754130e+01 1.919744e-18 1.919744e-18
6.764130e+01 1.905041e-18 1.905041e-18
6.774130e+01 2.108886e-18 2.108886e-18
6.784130e+01 2.337146e-18 2.337146e-18
6.794130e+01 2.172367e-18 2.172367e-18
6.804130e+01 2.130236e-18 2.130236e-18
6.814130e+01 2.096351e-18 2.096351e-18
6.824130e+01 2.167229e-18 2.167229e-18
6.834130e+01 2.083675e-18 2.083675e-18
6.844130e+01 2.051550e-18 2.051550e-18
6.854130e+01 2.425255e-18 2.425255e-18
6.864130e+01 2.639883e-18 2.639883e-18
6.874130e+01 2.579797e-18 2.579797e-18
6.884130e+01 2.656139e-18 2.656139e-18
6.894130e+01 2.702696e-18 2.702696e-18
6.904130e+01 2.439513e-18 2.439513e-18
6.914130e+01 2.386671e-18 2.386671e-18
6.924130e+01 2.583158e-18 2.583158e-18
6.934130e+01 2.549549e-18 2.549549e-18
6.944130e+01 2.182151e-18 2.182151e-18
6.954130e+01 2.220904e-18 2.220904e-18
6.964130e+01 2.530067e-18 2.530067e-18
6.974130e+01 2.573143e-18 2.573143e-18
6.984130e+01 2.544813e-18 2.544813e-18
6.994130e+01 2.508132e-18 2.508132e-18
7.004130e+01 2.700556e-18 2.700556e-18
7.014130e+01 2.643858e-18 2.643858e-18
7.024130e+01 3.302579e-18 3.302579e-18
7.034130e+01 4.215079e-18 4.215079e-18
7.044130e+01 3.433662e-18 3.433662e-18
7.054130e+01 2.942459e-18 2.942459e-18
7.064130e+01 3.241134e-18 3.241134e-18
7.074130e+01 3.326206e-18 3.326206e-18
7.084130e+01 3.383562e-18 3.383562e-18
7.094130e+01 3.340821e-18 3.340821e-18
7.104130e+01 3.307331e-18 3.307331e-18
7.114130e+01 3.359150e-18 3.359150e-18
7.124130e+01 3.362437e-18 3.362437e-18
7.134130e+01 3.400207e-18 3.400207e-18
7.144130e+01 3.404244e-18 3.404244e-18
7.154130e+01 3.362269e-18 3.362269e-18
7.164130e+01 3.236126e-18 3.236126e-18
7.174130e+01 2.736365e-18 2.736365e-18
7.184130e+01 2.145157e-18 2.145157e-18
7.194130e+01 2.279327e-18 2.279327e-18
7.204130e+01 3.072920e-18 3.072920e-18
7.214130e+01 3.455008e-18 3.455008e-18
7.224130e+01 3.592561e-18 3.592561e-18
7.234130e+01 3.629885e-18 3.629885e-18
7.244130e+01 3.664639e-18 3.664639e-18
7.254130e+01 3.699393e-18 3.699393e-18
7.264130e+01 3.734147e-18 3.734147e-18
7.274130e+01 3.768901e-18 3.768901e-18
7.284130e+01 3.803655e-18 3.803655e-18
7.294130e+01 3.838409e-18 3.838409e-18
7.304130e+01 3.885603e-18 3.885603e-18
7.314130e+01 3.906218e-18 3.906218e-18
7.324130e+01 3.817337e-18 3.817337e-18
7.334130e+01 3.794880e-18 3.794880e-18
7.344130e+01 3.772422e-18 3.772422e-18
7.354130e+01 3.648583e-18 3.648583e-18
7.364130e+01 3.494239e-18 3.494239e-18
7.374130e+01 3.700127e-18 3.700127e-18
7.384130e+01 3.800162e-18 3.800162e-18
7.394130e+01 3.842739e-18 3.842739e-18
7.404130e+01 4.093593e-18 4.093593e-18
7.414130e+01 4.328326e-18 4.328326e-18
7.424130e+01 4.029002e-18 4.029002e-18
7.434130e+01 3.454661e-18 3.454661e-18
7.444130e+01 3.317053e-18 3.317053e-18
7.454130e+01 3.893549e-18 3.893549e-18
7.464130e+01 4.440508e-18 4.440508e-18
7.474130e+01 3.862609e-18 3.862609e-18
7.484130e+01 2.975977e-18 2.975977e-18
7.494130e+01 2.712228e-18 2.712228e-18
7.504130e+01 3.619203e-18 3.619203e-18
7.514130e+01 6.299700e-18 6.299700e-18
7.524130e+01 7.754582e-18 7.754582e-18
7.534130e+01 7.551237e-18 7.551237e-18
7.544130e+01 7.192828e-18 7.192828e-18
7.554130e+01 6.903786e-18 6.903786e-18
7.564130e+01 6.680070e-18 6.680070e-18
7.574130e+01 6.423425e-18 6.423425e-18
7.584130e+01 6.283771e-18 6.283771e-18
7.594130e+01 6.275097e-18 6.275097e-18
7.604130e+01 6.155642e-18 6.155642e-18
7.614130e+01 6.146789e-18 6.146789e-18
7.624130e+01 6.075239e-18 6.075239e-18
7.634130e+01 6.039977e-18 6.039977e-18
7.644130e+01 6.039441e-18 6.039441e-18
7.654130e+01 5.987421e-18 5.987421e-18
7.664130e+01 5.996223e-18 5.996223e-18
7.674130e+01 5.943668e-18 5.943668e-18
7.684130e+01 6.002060e-18 6.002060e-18
7.694130e+01 5.974546e-18 5.974546e-18
7.704130e+01 5.947032e-18 5.947032e-18
7.714130e+01 5.919518e-18 5.919518e-18
7.724130e+01 5.948813e-18 5.948813e-18
7.734130e+01 5.957411e-18 5.957411e-18
7.744130e+01 5.828426e-18 5.828426e-18
7.754130e+01 5.945114e-18 5.945114e-18
7.764130e+01 5.898845e-18 5.898845e-18
7.774130e+01 5.852575e-18 5.852575e-18
7.784130e+01 5.806306e-18 5.806306e-18
7.794130e+01 5.760037e-18 5.760037e-18
7.804130e+01 5.713768e-18 5.713768e-18
7.814130e+01 5.667499e-18 5.667499e-18
7.824130e+01 5.521043e-18 5.521043e-18
7.834130e+01 5.368870e-18 5.368870e-18
7.844130e+01 5.086714e-18 5.086714e-18
7.854130e+01 4.935314e-18 4.935314e-18
7.864130e+01 4.766771e-18 4.766771e-18
7.874130e+01 4.200224e-18 4.200224e-18
7.884130e+01 3.646280e-18 3.646280e-18
7.894130e+01 3.092335e-18 3.092335e-18
7.904130e+01 2.779960e-18 2.779960e-18
7.914130e+01 2.641075e-18 2.641075e-18
7.924130e+01 2.983887e-18 2.983887e-18
7.934130e+01 3.779202e-18 3.779202e-18
7.944130e+01 4.551730e-18 4.551730e-18
7.954130e+01 5.119227e-18 5.119227e-18
7.964130e+01 5.560521e-18 5.560521e-18
7.974130e+01 5.897276e-18 5.897276e-18
7.984130e+01 6.149938e-18 6.149938e-18
7.994130e+01 6.317152e-18 6.317152e-18
8.004130e+01 6.484366e-18 6.484366e-18
8.014130e+01 6.637098e-18 6.637098e-18
8.024130e+01 6.705792e-18 6.705792e-18
8.034130e+01 6.774487e-18 6.774487e-18
8.044130e+01 6.843181e-18 6.843181e-18
8.054130e+01 6.911875e-18 6.911875e-18
8.064130e+01 6.980570e-18 6.980570e-18
8.074130e+01 7.049264e-18 7.049264e-18
8.084130e+01 7.117958e-18 7.117958e-18
8.094130e+01 7.186653e-18 7.186653e-18
8.104130e+01 7.213802e-18 7.213802e-18
8.114130e+01 7.199407e-18 7.199407e-18
8.124130e+01 7.185012e-18 7.185012e-18
8.134130e+01 7.360950e-18 7.360950e-18
8.144130e+01 7.564183e-18 7.564183e-18
8.154130e+01 7.586573e-18 7.586573e-18
8.164130e+01 7.630732e-18 7.630732e-18
8.174130e+01 7.674890e-18 7.674890e-18
8.184130e+01 7.719049e-18 7.719049e-18
8.194130e+01 7.763207e-18 7.763207e-18
8.204130e+01 7.807365e-18 7.807365e-18
8.214130e+01 7.851524e-18 7.851524e-18
8.224130e+01 7.895682e-18 7.895682e-18
8.234130e+01 7.939841e-18 7.939841e-18
8.244130e+01 7.983999e-18 7.983999e-18
8.254130e+01 8.028158e-18 8.028158e-18
8.264130e+01 8.072316e-18 8.072316e-18
8.274130e+01 8.116475e-18 8.116475e-18
8.284130e+01 8.160633e-18 8.160633e-18
8.294130e+01 8.204791e-18 8.204791e-18
8.304130e+01 8.248950e-18 8.248950e-18
8.314130e+01 8.293108e-18 8.293108e-18
8.324130e+01 7.964141e-18 7.964141e-18
8.334130e+01 8.363027e-18 8.363027e-18
8.344130e+01 8.417481e-18 8.417481e-18
8.354130e+01 8.479203e-18 8.479203e-18
8.364130e+01 8.516592e-18 8.516592e-18
8.374130e+01 8.618014e-18 8.618014e-18
8.384130e+01 8.691495e-18 8.691495e-18
8.394130e+01 8.737120e-18 8.737120e-18
8.404130e+01 8.791750e-18 8.791750e-18
8.414130e+01 8.945929e-18 8.945929e-18
8.424130e+01 8.901080e-18 8.901080e-18
8.434130e+01 8.954668e-18 8.954668e-18
8.444130e+01 9.008256e-18 9.008256e-18
8.454130e+01 8.958063e-18 8.958063e-18
8.464130e+01 9.120908e-18 9.120908e-18
8.474130e+01 9.404489e-18 9.404489e-18
8.484130e+01 9.223683e-18 9.223683e-18
8.494130e+01 9.284995e-18 9.284995e-18
8.504130e+01 9.346307e-18 9.346307e-18
8.514130e+01 9.407619e-18 9.407619e-18
8.524130e+01 9.468931e-18 9.468931e-18
8.534130e+01 9.530243e-18 9.530243e-18
8.544130e+01 9.591554e-18 9.591554e-18
8.554130e+01 9.411537e-18 9.411537e-18
8.564130e+01 9.662788e-18 9.662788e-18
8.574130e+01 9.708532e-18 9.708532e-18
8.584130e+01 9.768982e-18 9.768982e-18
8.594130e+01 9.829433e-18 9.829433e-18
8.604130e+01 9.889884e-18 9.889884e-18
8.614130e+01 9.950334e-18 9.950334e-18
8.624130e+01 1.001079e-17 1.001079e-17
8.634130e+01 1.007124e-17 1.007124e-17
8.644130e+01 1.013169e-17 1.013169e-17
8.654130e+01 1.019214e-17 1.019214e-17
8.664130e+01 1.025259e-17 1.025259e-17
8.674130e+01 1.031304e-17 1.031304e-17
8.684130e+01 1.037349e-17 1.037349e-17
8.694130e+01 1.043394e-17 1.043394e-17
8.704130e+01 1.049439e-17 1.049439e-17
8.714130e+01 1.055484e-17 1.055484e-17
8.724130e+01 1.061529e-17 1.061529e-17
8.734130e+01 1.063440e-17 1.063440e-17
8.744130e+01 1.065561e-17 1.065561e-17
8.754130e+01 1.082309e-17 1.082309e-17
8.764130e+01 1.088324e-17 1.088324e-17
8.774130e+01 1.094340e-17 1.094340e-17
8.784130e+01 1.100356e-17 1.100356e-17
8.794130e+01 1.106371e-17 1.106371e-17
8.804130e+01 1.112387e-17 1.112387e-17
8.814130e+01 1.118403e-17 1.118403e-17
8.824130e+01 1.124418e-17 1.124418e-17
8.834130e+01 1.130434e-17 1.130434e-17
8.844130e+01 1.136450e-17 1.136450e-17
8.854130e+01 1.142465e-17 1.142465e-17
8.864130e+01 1.148481e-17 1.148481e-17
8.874130e+01 1.154497e-17 1.154497e-17
8.884130e+01 1.160512e-17 1.160512e-17
8.894130e+01 1.166528e-17 1.166528e-17
8.904130e+01 1.172544e-17 1.172544e-17
8.914130e+01 1.178558e-17 1.178558e-17
8.924130e+01 1.184553e-17 1.184553e-17
8.934130e+01 1.190548e-17 1.190548e-17
8.944130e+01 1.196543e-17 1.196543e-17
8.954130e+01 1.202539e-17 1.202539e-17
8.964130e+01 1.208534e-17 1.208534e-17
8.974130e+01 1.214529e-17 1.214529e-17
8.984130e+01 1.220525e-17 1.220525e-17
8.994130e+01 1.226520e-17 1.226520e-17
9.004130e+01 1.232515e-17 1.232515e-17
9.014130e+01 1.238510e-17 1.238510e-17
9.024130e+01 1.244506e-17 1.244506e-17
9.034130e+01 1.250501e-17 1.250501e-17
9.044130e+01 1.256496e-17 1.256496e-17
9.054130e+01 1.262492e-17 1.262492e-17
9.064130e+01 1.268487e-17 1.268487e-17
9.074130e+01 1.274482e-17 1.274482e-17
9.084130e+01 1.280477e-17 1.280477e-17
9.094130e+01 1.286473e-17 1.286473e-17
9.104130e+01 1.292468e-17 1.292468e-17
9.114130e+01 1.298463e-17 1.298463e-17
9.124130e+01 1.304459e-17 1.304459e-17
9.134130e+01 1.310454e-17 1.310454e-17
9.144130e+01 1.316449e-17 1.316449e-17
9.154130e+01 1.322445e-17 1.322445e-17
9.164130e+01 1.328440e-17 1.328440e-17
9.174130e+01 1.334435e-17 1.334435e-17
9.184130e+01 1.340430e-17 1.340430e-17
9.194130e+01 1.345592e-17 1.345592e-17
9.204130e+01 1.339848e-17 1.339848e-17
9.214130e+01 1.334104e-17 1.334104e-17
9.224130e+01 1.328360e-17 1.328360e-17
9.234130e+01 1.322615e-17 1.322615e-17
9.244130e+01 1.316871e-17 1.316871e-17
9.254130e+01 1.347531e-17 1.347531e-17
9.264130e+01 1.581289e-17 1.581289e-17
9.274130e+01 1.654750e-17 1.654750e-17
9.284130e+01 1.613083e-17 1.613083e-17
9.294130e+01 1.595373e-17 1.595373e-17
9.304130e+01 1.578302e-17 1.578302e-17
9.314130e+01 1.561231e-17 1.561231e-17
9.324130e+01 1.557979e-17 1.557979e-17
9.334130e+01 1.562669e-17 1.562669e-17
9.344130e+01 1.567360e-17 1.567360e-17
9.354130e+01 1.572051e-17 1.572051e-17
9.364130e+01 1.576742e-17 1.576742e-17
9.374130e+01 1.581432e-17 1.581432e-17
9.384130e+01 1.586123e-17 1.586123e-17
9.394130e+01 1.590814e-17 1.590814e-17
9.404130e+01 1.595505e-17 1.595505e-17
9.414130e+01 1.600195e-17 1.600195e-17
9.424130e+01 1.604886e-17 1.604886e-17
9.434130e+01 1.609577e-17 1.609577e-17
9.444130e+01 1.614268e-17 1.614268e-17
9.454130e+01 1.618958e-17 1.618958e-17
9.464130e+01 1.623649e-17 1.623649e-17
9.474130e+01 1.696685e-17 1.696685e-17
9.484130e+01 1.664818e-17 1.664818e-17
9.494130e+01 1.601278e-17 1.601278e-17
9.504130e+01 1.547872e-17 1.547872e-17
9.514130e+01 1.647077e-17 1.647077e-17
9.524130e+01 1.360174e-17 1.360174e-17
9.534130e+01 1.505867e-17 1.505867e-17
9.544130e+01 1.989451e-17 1.989451e-17
9.554130e+01 1.519211e-17 1.519211e-17
9.564130e+01 1.125337e-17 1.125337e-17
9.574130e+01 1.448637e-17 1.448637e-17
9.584130e+01 1.736087e-17 1.736087e-17
9.594130e+01 2.238738e-17 2.238738e-17
9.604130e+01 1.820468e-17 1.820468e-17
9.614130e+01 1.027032e-17 1.027032e-17
9.624130e+01 1.256141e-17 1.256141e-17
9.634130e+01 1.527144e-17 1.527144e-17
9.644130e+01 1.574440e-17 1.574440e-17
9.654130e+01 1.730217e-17 1.730217e-17
9.664130e+01 1.953975e-17 1.953975e-17
9.674130e+01 2.277383e-17 2.277383e-17
9.684130e+01 1.973112e-17 1.973112e-17
9.694130e+01 1.361118e-17 1.361118e-17
9.704130e+01 1.180052e-17 1.180052e-17
9.714130e+01 1.287465e-17 1.287465e-17
9.724130e+01 1.355426e-17 1.355426e-17
9.734130e+01 1.340871e-17 1.340871e-17
9.744130e+01 1.346601e-17 1.346601e-17
9.754130e+01 1.675295e-17 1.675295e-17
9.764130e+01 2.027317e-17 2.027317e-17
9.774130e+01 1.971792e-17 1.971792e-17
9.784130e+01 1.988818e-17 1.988818e-17
9.794130e+01 2.046083e-17 2.046083e-17
9.804130e+01 2.106518e-17 2.106518e-17
9.814130e+01 2.241107e-17 2.241107e-17
9.824130e+01 2.437035e-17 2.437035e-17
9.834130e+01 2.384065e-17 2.384065e-17
9.844130e+01 1.816545e-17 1.816545e-17
9.854130e+01 1.616912e-17 1.616912e-17
9.864130e+01 1.301427e-17 1.301427e-17
9.874130e+01 6.933866e-18 6.933866e-18
9.884130e+01 6.742187e-18 6.742187e-18
9.894130e+01 1.158374e-17 1.158374e-17
9.904130e+01 1.424028e-17 1.424028e-17
9.914130e+01 1.537596e-17 1.537596e-17
9.924130e+01 1.637012e-17 1.637012e-17
9.934130e+01 1.730703e-17 1.730703e-17
9.944130e+01 1.784331e-17 1.784331e-17
9.954130e+01 1.837959e-17 1.837959e-17
9.964130e+01 1.891587e-17 1.891587e-17
9.974130e+01 1.945215e-17 1.945215e-17
9.984130e+01 1.998842e-17 1.998842e-17
9.994130e+01 2.052926e-17 2.052926e-17
1.000413e+02 2.107642e-17 2.107642e-17
1.001413e+02 2.162359e-17 2.162359e-17
1.002413e+02 2.217075e-17 2.217075e-17
1.003413e+02 2.271792e-17 2.271792e-17
1.004413e+02 2.326508e-17 2.326508e-17
1.005413e+02 2.399689e-17 2.399689e-17
1.006413e+02 2.494458e-17 2.494458e-17
1.007413e+02 2.589227e-17 2.589227e-17
1.008413e+02 2.727936e-17 2.727936e-17
1.009413e+02 2.907697e-17 2.907697e-17
1.010413e+02 3.076142e-17 3.076142e-17
1.011413e+02 3.019523e-17 3.019523e-17
1.012413e+02 2.493062e-17 2.493062e-17
1.013413e+02 2.083186e-17 2.083186e-17
1.014413e+02 1.957191e-17 1.957191e-17
1.015413e+02 1.838047e-17 1.838047e-17
1.016413e+02 1.478803e-17 1.478803e-17
1.017413e+02 9.091192e-18 9.091192e-18
1.018413e+02 4.599945e-18 4.599945e-18
1.019413e+02 3.936073e-18 3.936073e-18
1.020413e+02 5.738467e-18 5.738467e-18
1.021413e+02 8.084717e-18 8.084717e-18
1.022413e+02 1.020810e-17 1.020810e-17
1.023413e+02 1.190177e-17 1.190177e-17
1.024413e+02 1.321823e-17 1.321823e-17
1.025413e+02 1.429149e-17 1.429149e-17
1.026413e+02 1.527959e-17 1.527959e-17
1.027413e+02 1.602016e-17 1.602016e-17
1.028413e+02 1.675380e-17 1.675380e-17
1.029413e+02 1.724671e-17 1.724671e-17
1.030413e+02 1.773963e-17 1.773963e-17
1.031413e+02 1.823254e-17 1.823254e-17
1.032413e+02 1.872545e-17 1.872545e-17
1.033413e+02 1.915949e-17 1.915949e-17
1.034413e+02 1.945678e-17 1.945678e-17
1.035413e+02 1.975407e-17 1.975407e-17
1.036413e+02 2.005137e-17 2.005137e-17
1.037413e+02 2.034866e-17 2.034866e-17
1.038413e+02 2.064596e-17 2.064596e-17
1.039413e+02 2.094325e-17 2.094325e-17
1.040413e+02 2.124055e-17 2.124055e-17
1.041413e+02 2.153784e-17 2.153784e-17
1.042413e+02 2.183514e-17 2.183514e-17
1.043413e+02 2.213243e-17 2.213243e-17
1.044413e+02 2.242972e-17 2.242972e-17
1.045413e+02 2.272702e-17 2.272702e-17
1.046413e+02 2.302431e-17 2.302431e-17
1.047413e+02 2.332161e-17 2.332161e-17
1.048413e+02 2.361890e-17 2.361890e-17
1.049413e+02 2.391620e-17 2.391620e-17
1.050413e+02 2.421349e-17 2.421349e-17
1.051413e+02 2.451079e-17 2.451079e-17
1.052413e+02 2.480808e-17 2.480808e-17
1.053413e+02 2.510538e-17 2.510538e-17
1.054413e+02 2.540267e-17 2.540267e-17
1.055413e+02 2.569996e-17 2.569996e-17
1.056413e+02 2.599726e-17 2.599726e-17
1.057413e+02 2.629455e-17 2.629455e-17
1.058413e+02 2.659185e-17 2.659185e-17
1.059413e+02 2.688914e-17 2.688914e-17
1.060413e+02 2.718644e-17 2.718644e-17
1.061413e+02 2.748373e-17 2.748373e-17
1.062413e+02 2.786091e-17 2.786091e-17
1.063413e+02 2.831545e-17 2.831545e-17
1.064413e+02 2.877000e-17 2.877000e-17
1.065413e+02 2.922455e-17 2.922455e-17
1.066413e+02 2.967909e-17 2.967909e-17
1.067413e+02 3.013364e-17 3.013364e-17
1.068413e+02 3.058818e-17 3.058818e-17
1.069413e+02 3.104273e-17 3.104273e-17
1.070413e+02 3.172384e-17 3.172384e-17
1.071413e+02 3.250299e-17 3.250299e-17
1.072413e+02 3.328213e-17 3.328213e-17
1.073413e+02 3.406128e-17 3.406128e-17
1.074413e+02 3.484042e-17 3.484042e-17
1.075413e+02 3.561957e-17 3.561957e-17
1.076413e+02 3.639872e-17 3.639872e-17
1.077413e+02 3.717786e-17 3.717786e-17
1.078413e+02 3.785023e-17 3.785023e-17
1.079413e+02 3.738775e-17 3.738775e-17
1.080413e+02 3.692527e-17 3.692527e-17
1.081413e+02 3.469984e-17 3.469984e-17
1.082413e+02 3.201702e-17 3.201702e-17
1.083413e+02 2.956383e-17 2.956383e-17
1.084413e+02 2.740055e-17 2.740055e-17
1.085413e+02 2.527893e-17 2.527893e-17
1.086413e+02 2.455254e-17 2.455254e-17
1.087413e+02 2.382615e-17 2.382615e-17
1.088413e+02 2.322060e-17 2.322060e-17
1.089413e+02 2.271353e-17 2.271353e-17
1.090413e+02 2.220234e-17 2.220234e-17
1.091413e+02 2.110739e-17 2.110739e-17
1.092413e+02 2.001244e-17 2.001244e-17
1.093413e+02 1.854940e-17 1.854940e-17
1.094413e+02 1.652258e-17 1.652258e-17
1.095413e+02 1.449575e-17 1.449575e-17
1.096413e+02 1.225066e-17 1.225066e-17
1.097413e+02 9.916840e-18 9.916840e-18
1.098413e+02 7.583023e-18 7.583023e-18
1.099413e+02 6.346398e-18 6.346398e-18
1.100413e+02 5.165092e-18 5.165092e-18
1.101413e+02 4.154059e-18 4.154059e-18
1.102413e+02 4.428064e-18 4.428064e-18
1.103413e+02 4.702070e-18 4.702070e-18
1.104413e+02 5.104842e-18 5.104842e-18
1.105413e+02 6.019480e-18 6.019480e-18
1.106413e+02 6.934119e-18 6.934119e-18
1.107413e+02 7.858800e-18 7.858800e-18
1.108413e+02 8.823155e-18 8.823155e-18
1.109413e+02 9.787510e-18 9.787510e-18
1.110413e+02 1.073642e-17 1.073642e-17
1.111413e+02 1.156766e-17 1.156766e-17
1.112413e+02 1.239889e-17 1.239889e-17
1.113413e+02 1.323013e-17 1.323013e-17
1.114413e+02 1.391529e-17 1.391529e-17
1.115413e+02 1.459113e-17 1.459113e-17
1.116413e+02 1.526697e-17 1.526697e-17
1.117413e+02 1.582809e-17 1.582809e-17
1.118413e+02 1.633269e-17 1.633269e-17
1.119413e+02 1.683730e-17 1.683730e-17
1.120413e+02 1.734191e-17 1.734191e-17
1.121413e+02 1.784652e-17 1.784652e-17
1.122413e+02 1.835112e-17 1.835112e-17
1.123413e+02 1.885573e-17 1.885573e-17
1.124413e+02 1.923820e-17 1.923820e-17
1.125413e+02 1.959618e-17 1.959618e-17
1.126413e+02 1.995415e-17 1.995415e-17
1.127413e+02 2.031213e-17 2.031213e-17
1.128413e+02 2.067011e-17 2.067011e-17
1.129413e+02 2.102809e-17 2.102809e-17
1.130413e+02 2.138607e-17 2.138607e-17
1.131413e+02 2.168393e-17 2.168393e-17
1.132413e+02 2.193643e-17 2.193643e-17
1.133413e+02 2.218894e-17 2.218894e-17
1.134413e+02 2.244145e-17 2.244145e-17
1.135413e+02 2.269395e-17 2.269395e-17
1.136413e+02 2.294646e-17 2.294646e-17
1.137413e+02 2.319897e-17 2.319897e-17
1.138413e+02 2.345147e-17 2.345147e-17
1.139413e+02 2.370398e-17 2.370398e-17
1.140413e+02 2.395648e-17 2.395648e-17
1.141413e+02 2.420899e-17 2.420899e-17
1.142413e+02 2.446150e-17 2.446150e-17
1.143413e+02 2.471400e-17 2.471400e-17
1.144413e+02 2.496651e-17 2.496651e-17
1.145413e+02 2.521902e-17 2.521902e-17
1.146413e+02 2.547152e-17 2.547152e-17
1.147413e+02 2.566362e-17 2.566362e-17
1.148413e+02 2.581709e-17 2.581709e-17
1.149413e+02 2.597056e-17 2.597056e-17
1.150413e+02 2.612403e-17 2.612403e-17
1.151413e+02 2.627751e-17 2.627751e-17
1.152413e+02 2.643098e-17 2.643098e-17
1.153413e+02 2.658445e-17 2.658445e-17
1.154413e+02 2.673792e-17 2.673792e-17
1.155413e+02 2.689140e-17 2.689140e-17
1.156413e+02 2.704487e-17 2.704487e-17
1.157413e+02 2.719834e-17 2.719834e-17
1.158413e+02 2.735181e-17 2.735181e-17
1.159413e+02 2.750528e-17 2.750528e-17
1.160413e+02 2.765876e-17 2.765876e-17
1.161413e+02 2.781223e-17 2.781223e-17
1.162413e+02 2.796570e-17 2.796570e-17
1.163413e+02 2.811917e-17 2.811917e-17
1.164413e+02 2.827264e-17 2.827264e-17
1.165413e+02 2.842612e-17 2.842612e-17
1.166413e+02 2.857959e-17 2.857959e-17
1.167413e+02 2.873306e-17 2.873306e-17
1.168413e+02 2.888653e-17 2.888653e-17
1.169413e+02 2.904001e-17 2.904001e-17
1.170413e+02 2.919348e-17 2.919348e-17
1.171413e+02 2.934695e-17 2.934695e-17
1.172413e+02 2.950042e-17 2.950042e-17
1.173413e+02 2.965389e-17 2.965389e-17
1.174413e+02 2.980737e-17 2.980737e-17
1.175413e+02 2.996084e-17 2.996084e-17
1.176413e+02 3.011431e-17 3.011431e-17
1.177413e+02 3.026778e-17 3.026778e-17
1.178413e+02 3.042126e-17 3.042126e-17
1.179413e+02 3.057473e-17 3.057473e-17
1.180413e+02 3.072820e-17 3.072820e-17
1.181413e+02 3.088167e-17 3.088167e-17
1.182413e+02 3.103514e-17 3.103514e-17
1.183413e+02 3.118862e-17 3.118862e-17
1.184413e+02 3.134209e-17 3.134209e-17
1.185413e+02 3.149556e-17 3.149556e-17
1.186413e+02 3.164903e-17 3.164903e-17
1.187413e+02 3.180250e-17 3.180250e-17
1.188413e+02 3.195598e-17 3.195598e-17
1.189413e+02 3.210945e-17 3.210945e-17
1.190413e+02 3.226292e-17 3.226292e-17
1.191413e+02 3.241639e-17 3.241639e-17
1.192413e+02 3.256987e-17 3.256987e-17
1.193413e+02 3.272334e-17 3.272334e-17
1.194413e+02 3.287681e-17 3.287681e-17
1.195413e+02 3.303028e-17 3.303028e-17
1.196413e+02 3.318375e-17 3.318375e-17
1.197413e+02 3.333723e-17 3.333723e-17
1.198413e+02 3.349070e-17 3.349070e-17
1.199413e+02 3.364417e-17 3.364417e-17
1.200413e+02 3.379764e-17 3.379764e-17
1.201413e+02 3.395112e-17 3.395112e-17
1.202413e+02 3.410459e-17 3.410459e-17
1.203413e+02 3.425806e-17 3.425806e-17
1.204413e+02 3.441153e-17 3.441153e-17
1.205413e+02 3.456500e-17 3.456500e-17
1.206413e+02 3.471848e-17 3.471848e-17
1.207413e+02 3.487195e-17 3.487195e-17
1.208413e+02 3.502542e-17 3.502542e-17
1.209413e+02 3.517889e-17 3.517889e-17
1.210413e+02 3.533236e-17 3.533236e-17
1.211413e+02 3.548584e-17 3.548584e-17
1.212413e+02 3.563931e-17 3.563931e-17
1.213413e+02 3.579278e-17 3.579278e-17
1.214413e+02 3.594625e-17 3.594625e-17
1.215413e+02 3.609973e-17 3.609973e-17
1.216413e+02 3.625320e-17 3.625320e-17
1.217413e+02 3.640667e-17 3.640667e-17
1.218413e+02 3.656014e-17 3.656014e-17
1.219413e+02 3.671361e-17 3.671361e-17
1.220413e+02 3.686709e-17 3.686709e-17
1.221413e+02 3.702056e-17 3.702056e-17
1.222413e+02 3.717403e-17 3.717403e-17
1.223413e+02 3.732750e-17 3.732750e-17
1.224413e+02 3.748098e-17 3.748098e-17
1.225413e+02 3.763445e-17 3.763445e-17
1.226413e+02 3.778792e-17 3.778792e-17
1.227413e+02 3.794139e-17 3.794139e-17
1.228413e+02 3.809486e-17 3.809486e-17
1.229413e+02 3.824834e-17 3.824834e-17
1.230413e+02 3.840181e-17 3.840181e-17
1.231413e+02 3.855528e-17 3.855528e-17
1.232413e+02 3.870875e-17 3.870875e-17
1.233413e+02 3.886222e-17 3.886222e-17
1.234413e+02 3.901570e-17 3.901570e-17
1.235413e+02 3.916917e-17 3.916917e-17
1.236413e+02 3.932264e-17 3.932264e-17
1.237413e+02 3.947611e-17 3.947611e-17
1.238413e+02 3.962959e-17 3.962959e-17
1.239413e+02 3.978306e-17 3.978306e-17
1.240413e+02 3.993653e-17 3.993653e-17
1.241413e+02 4.009000e-17 4.009000e-17
1.242413e+02 4.024347e-17 4.024347e-17
1.243413e+02 4.039695e-17 4.039695e-17
1.244413e+02 4.055042e-17 4.055042e-17
1.245413e+02 4.070389e-17 4.070389e-17
1.246413e+02 4.085736e-17 4.085736e-17
1.247413e+02 4.101084e-17 4.101084e-17
1.248413e+02 4.116431e-17 4.116431e-17
1.249413e+02 4.131778e-17 4.131778e-17
1.250413e+02 4.147125e-17 4.147125e-17
1.251413e+02 4.162472e-17 4.162472e-17
1.252413e+02 4.177820e-17 4.177820e-17
1.253413e+02 4.193167e-17 4.193167e-17
1.254413e+02 4.208514e-17 4.208514e-17
1.255413e+02 4.223861e-17 4.223861e-17
1.256413e+02 4.239208e-17 4.239208e-17
1.257413e+02 4.254556e-17 4.254556e-17
1.258413e+02 4.269903e-17 4.269903e-17
1.259413e+02 4.285250e-17 4.285250e-17
1.260413e+02 4.300597e-17 4.300597e-17
1.261413e+02 4.315945e-17 4.315945e-17
1.262413e+02 4.331292e-17 4.331292e-17
1.263413e+02 4.346639e-17 4.346639e-17
1.264413e+02 4.361986e-17 4.361986e-17
1.265413e+02 4.377333e-17 4.377333e-17
1.266413e+02 4.392681e-17 4.392681e-17
1.267413e+02 4.408028e-17 4.408028e-17
1.268413e+02 4.423375e-17 4.423375e-17
1.269413e+02 4.438722e-17 4.438722e-17
1.270413e+02 4.454069e-17 4.454069e-17
1.271413e+02 4.469417e-17 4.469417e-17
1.272413e+02 4.484764e-17 4.484764e-17
1.273413e+02 4.500111e-17 4.500111e-17
1.274413e+02 4.515458e-17 4.515458e-17
1.275413e+02 4.530806e-17 4.530806e-17
1.276413e+02 4.546153e-17 4.546153e-17
1.277413e+02 4.561500e-17 4.561500e-17
1.278413e+02 4.576847e-17 4.576847e-17
1.279413e+02 4.592194e-17 4.592194e-17
1.280413e+02 4.607542e-17 4.607542e-17
1.281413e+02 4.622889e-17 4.622889e-17
1.282413e+02 4.638236e-17 4.638236e-17
1.283413e+02 4.653583e-17 4.653583e-17
1.284413e+02 4.668931e-17 4.668931e-17
1.285413e+02 4.684278e-17 4.684278e-17
1.286413e+02 4.699625e-17 4.699625e-17
1.287413e+02 4.714972e-17 4.714972e-17
1.288413e+02 4.730319e-17 4.730319e-17
1.289413e+02 4.745667e-17 4.745667e-17
1.290413e+02 4.761014e-17 4.761014e-17
1.291413e+02 4.776361e-17 4.776361e-17
1.292413e+02 4.791708e-17 4.791708e-17
1.293413e+02 4.807055e-17 4.807055e-17
1.294413e+02 4.822403e-17 4.822403e-17
1.295413e+02 4.837750e-17 4.837750e-17
1.296413e+02 4.853097e-17 4.853097e-17
1.297413e+02 4.868444e-17 4.868444e-17
1.298413e+02 4.883792e-17 4.883792e-17
1.299413e+02 4.899139e-17 4.899139e-17
1.300413e+02 4.914486e-17 4.914486e-17
1.301413e+02 4.929833e-17 4.929833e-17
1.302413e+02 4.945180e-17 4.945180e-17
1.303413e+02 4.960528e-17 4.960528e-17
1.304413e+02 4.975875e-17 4.975875e-17
1.305413e+02 4.991222e-17 4.991222e-17
1.306413e+02 5.006569e-17 5.006569e-17
1.307413e+02 5.021917e-17 5.021917e-17
1.308413e+02 5.037264e-17 5.037264e-17
1.309413e+02 5.052611e-17 5.052611e-17
1.310413e+02 5.067958e-17 5.067958e-17
1.311413e+02 5.083305e-17 5.083305e-17
1.312413e+02 5.098653e-17 5.098653e-17
1.313413e+02 5.114000e-17 5.114000e-17
1.314413e+02 5.129347e-17 5.129347e-17
1.315413e+02 5.144694e-17 5.144694e-17
1.316413e+02 5.160041e-17 5.160041e-17
1.317413e+02 5.175389e-17 5.175389e-17
1.318413e+02 5.190736e-17 5.190736e-17
1.319413e+02 5.206083e-17 5.206083e-17
1.320413e+02 5.221430e-17 5.221430e-17
1.321413e+02 5.236778e-17 5.236778e-17
1.322413e+02 5.252125e-17 5.252125e-17
1.323413e+02 5.267472e-17 5.267472e-17
1.324413e+02 5.282819e-17 5.282819e-17
1.325413e+02 5.298166e-17 5.298166e-17
1.326413e+02 5.313514e-17 5.313514e-17
1.327413e+02 5.328861e-17 5.328861e-17
1.328413e+02 5.344208e-17 5.344208e-17
1.329413e+02 5.359555e-17 5.359555e-17
1.330413e+02 5.374903e-17 5.374903e-17
1.331413e+02 5.390250e-17 5.390250e-17
1.332413e+02 5.405597e-17 5.405597e-17
1.333413e+02 5.420944e-17 5.420944e-17
1.334413e+02 5.436291e-17 5.436291e-17
1.335413e+02 5.451639e-17 5.451639e-17
1.336413e+02 5.466986e-17 5.466986e-17
1.337413e+02 5.482333e-17 5.482333e-17
1.338413e+02 5.497680e-17 5.497680e-17
1.339413e+02 5.513027e-17 5.513027e-17
1.340413e+02 5.528375e-17 5.528375e-17
1.341413e+02 5.543722e-17 5.543722e-17
1.342413e+02 5.559069e-17 5.559069e-17
1.343413e+02 5.574416e-17 5.574416e-17
1.344413e+02 5.589764e-17 5.589764e-17
1.345413e+02 5.605111e-17 5.605111e-17
1.346413e+02 5.619897e-17 5.619897e-17
1.347413e+02 5.629342e-17 5.629342e-17
1.348413e+02 5.638786e-17 5.638786e-17
1.349413e+02 5.648230e-17 5.648230e-17
1.350413e+02 5.657675e-17 5.657675e-17
1.351413e+02 5.667119e-17 5.667119e-17
1.352413e+02 5.676563e-17 5.676563e-17
1.353413e+02 5.686008e-17 5.686008e-17
1.354413e+02 5.695452e-17 5.695452e-17
1.355413e+02 5.704897e-17 5.704897e-17
1.356413e+02 5.714341e-17 5.714341e-17
1.357413e+02 5.723785e-17 5.723785e-17
1.358413e+02 5.733230e-17 5.733230e-17
1.359413e+02 5.742674e-17 5.742674e-17
1.360413e+02 5.752118e-17 5.752118e-17
1.361413e+02 5.761563e-17 5.761563e-17
1.362413e+02 5.771007e-17 5.771007e-17
1.363413e+02 5.780452e-17 5.780452e-17
1.364413e+02 5.789896e-17 5.789896e-17
1.365413e+02 5.799340e-17 5.799340e-17
1.366413e+02 5.808785e-17 5.808785e-17
1.367413e+02 5.818229e-17 5.818229e-17
1.368413e+02 5.827673e-17 5.827673e-17
1.369413e+02 5.837118e-17 5.837118e-17
1.370413e+02 5.846562e-17 5.846562e-17
1.371413e+02 5.856007e-17 5.856007e-17
1.372413e+02 5.865451e-17 5.865451e-17
1.373413e+02 5.874895e-17 5.874895e-17
1.374413e+02 5.884340e-17 5.884340e-17
1.375413e+02 5.893784e-17 5.893784e-17
1.376413e+02 5.903228e-17 5.903228e-17
1.377413e+02 5.912673e-17 5.912673e-17
1.378413e+02 5.922117e-17 5.922117e-17
1.379413e+02 5.931562e-17 5.931562e-17
1.380413e+02 5.941006e-17 5.941006e-17
1.381413e+02 5.950450e-17 5.950450e-17
1.382413e+02 5.959895e-17 5.959895e-17
1.383413e+02 5.969339e-17 5.969339e-17
1.384413e+02 5.978783e-17 5.978783e-17
1.385413e+02 5.988228e-17 5.988228e-17
1.386413e+02 5.997672e-17 5.997672e-17
1.387413e+02 6.007117e-17 6.007117e-17
1.388413e+02 6.016561e-17 6.016561e-17
1.389413e+02 6.026005e-17 6.026005e-17
1.390413e+02 6.035450e-17 6.035450e-17
1.391413e+02 6.044894e-17 6.044894e-17
1.392413e+02 6.054338e-17 6.054338e-17
1.393413e+02 6.063783e-17 6.063783e-17
1.394413e+02 6.073227e-17 6.073227e-17
1.395413e+02 6.082672e-17 6.082672e-17
1.396413e+02 6.092116e-17 6.092116e-17
1.397413e+02 6.101560e-17 6.101560e-17
1.398413e+02 6.111005e-17 6.111005e-17
1.399413e+02 6.120449e-17 6.120449e-17
1.400413e+02 6.129893e-17 6.129893e-17
1.401413e+02 6.139338e-17 6.139338e-17
1.402413e+02 6.148782e-17 6.148782e-17
1.403413e+02 6.158227e-17 6.158227e-17
1.404413e+02 6.167671e-17 6.167671e-17
1.405413e+02 6.177115e-17 6.177115e-17
1.406413e+02 6.186560e-17 6.186560e-17
1.407413e+02 6.196004e-17 6.196004e-17
1.408413e+02 6.205448e-17 6.205448e-17
1.409413e+02 6.214893e-17 6.214893e-17
1.410413e+02 6.224337e-17 6.224337e-17
1.411413e+02 6.233782e-17 6.233782e-17
1.412413e+02 6.243226e-17 6.243226e-17
1.413413e+02 6.252670e-17 6.252670e-17
1.414413e+02 6.262115e-17 6.262115e-17
1.415413e+02 6.271559e-17 6.271559e-17
1.416413e+02 6.281003e-17 6.281003e-17
1.417413e+02 6.290448e-17 6.290448e-17
1.418413e+02 6.299892e-17 6.299892e-17
1.419413e+02 6.309337e-17 6.309337e-17
1.420413e+02 6.318781e-17 6.318781e-17
1.421413e+02 6.328225e-17 6.328225e-17
1.422413e+02 6.337670e-17 6.337670e-17
1.423413e+02 6.347114e-17 6.347114e-17
1.424413e+02 6.356558e-17 6.356558e-17
1.425413e+02 6.366003e-17 6.366003e-17
1.426413e+02 6.375447e-17 6.375447e-17
1.427413e+02 6.384892e-17 6.384892e-17
1.428413e+02 6.394336e-17 6.394336e-17
1.429413e+02 6.403780e-17 6.403780e-17
1.430413e+02 6.413225e-17 6.413225e-17
1.431413e+02 6.422669e-17 6.422669e-17
1.432413e+02 6.432113e-17 6.432113e-17
1.433413e+02 6.441558e-17 6.441558e-17
1.434413e+02 6.451002e-17 6.451002e-17
1.435413e+02 6.460447e-17 6.460447e-17
1.436413e+02 6.469891e-17 6.469891e-17
1.437413e+02 6.479335e-17 6.479335e-17
1.438413e+02 6.488780e-17 6.488780e-17
1.439413e+02 6.498224e-17 6.498224e-17
1.440413e+02 6.507668e-17 6.507668e-17
1.441413e+02 6.517113e-17 6.517113e-17
1.442413e+02 6.526557e-17 6.526557e-17
1.443413e+02 6.536002e-17 6.536002e-17
1.444413e+02 6.545446e-17 6.545446e-17
1.445413e+02 6.554890e-17 6.554890e-17
1.446413e+02 6.564335e-17 6.564335e-17
1.447413e+02 6.573779e-17 6.573779e-17
1.448413e+02 6.583223e-17 6.583223e-17
1.449413e+02 6.592668e-17 6.592668e-17
1.450413e+02 6.602112e-17 6.602112e-17
1.451413e+02 6.611557e-17 6.611557e-17
1.452413e+02 6.621001e-17 6.621001e-17
1.453413e+02 6.630445e-17 6.630445e-17
1.454413e+02 6.639890e-17 6.639890e-17
1.455413e+02 6.649334e-17 6.649334e-17
1.456413e+02 6.658778e-17 6.658778e-17
1.457413e+02 6.668223e-17 6.668223e-17
1.458413e+02 6.677667e-17 6.677667e-17
1.459413e+02 6.687112e-17 6.687112e-17
1.460413e+02 6.696556e-17 6.696556e-17
1.461413e+02 6.706000e-17 6.706000e-17
1.462413e+02 6.715445e-17 6.715445e-17
1.463413e+02 6.724889e-17 6.724889e-17
1.464413e+02 6.734333e-17 6.734333e-17
1.465413e+02 6.743778e-17 6.743778e-17
1.466413e+02 6.753222e-17 6.753222e-17
1.467413e+02 6.762667e-17 6.762667e-17
1.468413e+02 6.772111e-17 6.772111e-17
1.469413e+02 6.781555e-17 6.781555e-17
1.470413e+02 6.791000e-17 6.791000e-17
1.471413e+02 6.800444e-17 6.800444e-17
1.472413e+02 6.809888e-17 6.809888e-17
1.473413e+02 6.817000e-17 6.817000e-17
1.474413e+02 6.817000e-17 6.817000e-17
1.475413e+02 6.817000e-17 6.817000e-17
1.476413e+02 6.817000e-17 6.817000e-17
1.477413e+02 6.817000e-17 6.817000e-17
1.478413e+02 6.817000e-17 6.817000e-17
1.479413e+02 6.817000e-17 6.817000e-17
1.480413e+02 6.817000e-17 6.817000e-17
1.481413e+02 6.817000e-17 6.817000e-17
1.482413e+02 6.817000e-17 6.817000e-17
1.483413e+02 6.817000e-17 6.817000e-17
1.484413e+02 6.817000e-17 6.817000e-17
1.485413e+02 6.817000e-17 6.817000e-17
1.486413e+02 6.817000e-17 6.817000e-17
1.487413e+02 6.817000e-17 6.817000e-17
1.488413e+02 6.817000e-17 6.817000e-17
1.489413e+02 6.817000e-17 6.817000e-17
1.490413e+02 6.817000e-17 6.817000e-17
1.491413e+02 6.817000e-17 6.817000e-17
1.492413e+02 6.817000e-17 6.817000e-17
1.493413e+02 6.817000e-17 6.817000e-17
1.494413e+02 6.817000e-17 6.817000e-17
1.495413e+02 6.817000e-17 6.817000e-17
1.496413e+02 6.817000e-17 6.817000e-17
1.497413e+02 6.817000e-17 6.817000e-17
1.498413e+02 6.817000e-17 6.817000e-17
1.499413e+02 6.817000e-17 6.817000e-17
1.500413e+02 6.817000e-17 6.817000e-17
1.501413e+02 6.817000e-17 6.817000e-17
1.502413e+02 6.817000e-17 6.817000e-17
1.503413e+02 6.817000e-17 6.817000e-17
1.504413e+02 6.817000e-17 6.817000e-17
1.505413e+02 6.817000e-17 6.817000e-17
1.506413e+02 6.817000e-17 6.817000e-17
1.507413e+02 6.817000e-17 6.817000e-17
1.508413e+02 6.817000e-17 6.817000e-17
1.509413e+02 6.817000e-17 6.817000e-17
1.510413e+02 6.817000e-17 6.817000e-17
1.511413e+02 6.817000e-17 6.817000e-17
1.512413e+02 6.817000e-17 6.817000e-17
1.513413e+02 6.817000e-17 6.817000e-17
1.514413e+02 6.817000e-17 6.817000e-17
1.515413e+02 6.817000e-17 6.817000e-17
1.516413e+02 6.817000e-17 6.817000e-17
1.517413e+02 6.817000e-17 6.817000e-17
1.518413e+02 6.817000e-17 6.817000e-17
1.519413e+02 6.817000e-17 6.817000e-17
1.520413e+02 6.817000e-17 6.817000e-17
