# Cross sections for SiH+
# From the Leiden database for photodissociation and photoionization of astrophysically relevant molecules, http://home.strw.leidenuniv.nl/~ewine/photo/
# Converted from earlier Leiden database cross sections by Alan Heays 2016-02-24
# Photodissociation source: SIH+ P.D. A 1 PI CF. KIRBY & SINGH '83 + REST CH+ SHIFTED
# Lines represented with gaussian of width 1.0 nm FWHM
# wavelength: (nm)
# photoabsorption:    cross section (cm2)
# photodissociation:  cross section (cm2)
# This version has been resampled to a uniform 0.1nm grid while maintaining a constant integrated cross section (using trapezoidal integration).
# wavelength photoabsorption photodissociation
1.001000e+02 1.850000e-19 1.850000e-19
1.002000e+02 3.700000e-19 3.700000e-19
1.003000e+02 5.550000e-19 5.550000e-19
1.004000e+02 7.400000e-19 7.400000e-19
1.005000e+02 9.250000e-19 9.250000e-19
1.006000e+02 1.110000e-18 1.110000e-18
1.007000e+02 1.295000e-18 1.295000e-18
1.008000e+02 1.480000e-18 1.480000e-18
1.009000e+02 1.665000e-18 1.665000e-18
1.010000e+02 1.850000e-18 1.850000e-18
1.011000e+02 2.035000e-18 2.035000e-18
1.012000e+02 2.220000e-18 2.220000e-18
1.013000e+02 2.405000e-18 2.405000e-18
1.014000e+02 2.590000e-18 2.590000e-18
1.015000e+02 2.775000e-18 2.775000e-18
1.016000e+02 2.960000e-18 2.960000e-18
1.017000e+02 3.145000e-18 3.145000e-18
1.018000e+02 3.330000e-18 3.330000e-18
1.019000e+02 3.515000e-18 3.515000e-18
1.020000e+02 3.700000e-18 3.700000e-18
1.021000e+02 3.885000e-18 3.885000e-18
1.022000e+02 4.070000e-18 4.070000e-18
1.023000e+02 4.255000e-18 4.255000e-18
1.024000e+02 4.440000e-18 4.440000e-18
1.025000e+02 4.625000e-18 4.625000e-18
1.026000e+02 4.810000e-18 4.810000e-18
1.027000e+02 4.995000e-18 4.995000e-18
1.028000e+02 5.180000e-18 5.180000e-18
1.029000e+02 5.365000e-18 5.365000e-18
1.030000e+02 5.550000e-18 5.550000e-18
1.031000e+02 5.735000e-18 5.735000e-18
1.032000e+02 5.920000e-18 5.920000e-18
1.033000e+02 6.105000e-18 6.105000e-18
1.034000e+02 6.290000e-18 6.290000e-18
1.035000e+02 6.475000e-18 6.475000e-18
1.036000e+02 6.660000e-18 6.660000e-18
1.037000e+02 6.845000e-18 6.845000e-18
1.038000e+02 7.030000e-18 7.030000e-18
1.039000e+02 7.215000e-18 7.215000e-18
1.040000e+02 7.400000e-18 7.400000e-18
1.041000e+02 7.585000e-18 7.585000e-18
1.042000e+02 7.770000e-18 7.770000e-18
1.043000e+02 7.955000e-18 7.955000e-18
1.044000e+02 8.140000e-18 8.140000e-18
1.045000e+02 8.325000e-18 8.325000e-18
1.046000e+02 8.510000e-18 8.510000e-18
1.047000e+02 8.695000e-18 8.695000e-18
1.048000e+02 8.880000e-18 8.880000e-18
1.049000e+02 9.065000e-18 9.065000e-18
1.050000e+02 9.250000e-18 9.250000e-18
1.051000e+02 9.435000e-18 9.435000e-18
1.052000e+02 9.620000e-18 9.620000e-18
1.053000e+02 9.805000e-18 9.805000e-18
1.054000e+02 9.990000e-18 9.990000e-18
1.055000e+02 1.017500e-17 1.017500e-17
1.056000e+02 1.036000e-17 1.036000e-17
1.057000e+02 1.054500e-17 1.054500e-17
1.058000e+02 1.073000e-17 1.073000e-17
1.059000e+02 1.091500e-17 1.091500e-17
1.060000e+02 1.110000e-17 1.110000e-17
1.061000e+02 1.128500e-17 1.128500e-17
1.062000e+02 1.147000e-17 1.147000e-17
1.063000e+02 1.165500e-17 1.165500e-17
1.064000e+02 1.184000e-17 1.184000e-17
1.065000e+02 1.202500e-17 1.202500e-17
1.066000e+02 1.221000e-17 1.221000e-17
1.067000e+02 1.239500e-17 1.239500e-17
1.068000e+02 1.258000e-17 1.258000e-17
1.069000e+02 1.276500e-17 1.276500e-17
1.070000e+02 1.295000e-17 1.295000e-17
1.071000e+02 1.313500e-17 1.313500e-17
1.072000e+02 1.332000e-17 1.332000e-17
1.073000e+02 1.350500e-17 1.350500e-17
1.074000e+02 1.369000e-17 1.369000e-17
1.075000e+02 1.387500e-17 1.387500e-17
1.076000e+02 1.406000e-17 1.406000e-17
1.077000e+02 1.424500e-17 1.424500e-17
1.078000e+02 1.443000e-17 1.443000e-17
1.079000e+02 1.461500e-17 1.461500e-17
1.080000e+02 1.480000e-17 1.480000e-17
1.081000e+02 1.498500e-17 1.498500e-17
1.082000e+02 1.517000e-17 1.517000e-17
1.083000e+02 1.535500e-17 1.535500e-17
1.084000e+02 1.554000e-17 1.554000e-17
1.085000e+02 1.572500e-17 1.572500e-17
1.086000e+02 1.591000e-17 1.591000e-17
1.087000e+02 1.609500e-17 1.609500e-17
1.088000e+02 1.628000e-17 1.628000e-17
1.089000e+02 1.646500e-17 1.646500e-17
1.090000e+02 1.665000e-17 1.665000e-17
1.091000e+02 1.683500e-17 1.683500e-17
1.092000e+02 1.702000e-17 1.702000e-17
1.093000e+02 1.720500e-17 1.720500e-17
1.094000e+02 1.739000e-17 1.739000e-17
1.095000e+02 1.757500e-17 1.757500e-17
1.096000e+02 1.776000e-17 1.776000e-17
1.097000e+02 1.794500e-17 1.794500e-17
1.098000e+02 1.813000e-17 1.813000e-17
1.099000e+02 1.831500e-17 1.831500e-17
1.100000e+02 1.850000e-17 1.850000e-17
1.101000e+02 1.862500e-17 1.862500e-17
1.102000e+02 1.875000e-17 1.875000e-17
1.103000e+02 1.887500e-17 1.887500e-17
1.104000e+02 1.900000e-17 1.900000e-17
1.105000e+02 1.912500e-17 1.912500e-17
1.106000e+02 1.925000e-17 1.925000e-17
1.107000e+02 1.937500e-17 1.937500e-17
1.108000e+02 1.950000e-17 1.950000e-17
1.109000e+02 1.962500e-17 1.962500e-17
1.110000e+02 1.975000e-17 1.975000e-17
1.111000e+02 1.987500e-17 1.987500e-17
1.112000e+02 2.000000e-17 2.000000e-17
1.113000e+02 2.012500e-17 2.012500e-17
1.114000e+02 2.025000e-17 2.025000e-17
1.115000e+02 2.037500e-17 2.037500e-17
1.116000e+02 2.050000e-17 2.050000e-17
1.117000e+02 2.062500e-17 2.062500e-17
1.118000e+02 2.075000e-17 2.075000e-17
1.119000e+02 2.087500e-17 2.087500e-17
1.120000e+02 2.100000e-17 2.100000e-17
1.121000e+02 2.124000e-17 2.124000e-17
1.122000e+02 2.148000e-17 2.148000e-17
1.123000e+02 2.172000e-17 2.172000e-17
1.124000e+02 2.196000e-17 2.196000e-17
1.125000e+02 2.220000e-17 2.220000e-17
1.126000e+02 2.244000e-17 2.244000e-17
1.127000e+02 2.268000e-17 2.268000e-17
1.128000e+02 2.292000e-17 2.292000e-17
1.129000e+02 2.316000e-17 2.316000e-17
1.130000e+02 2.340000e-17 2.340000e-17
1.131000e+02 2.364000e-17 2.364000e-17
1.132000e+02 2.388000e-17 2.388000e-17
1.133000e+02 2.412000e-17 2.412000e-17
1.134000e+02 2.436000e-17 2.436000e-17
1.135000e+02 2.460000e-17 2.460000e-17
1.136000e+02 2.484000e-17 2.484000e-17
1.137000e+02 2.508000e-17 2.508000e-17
1.138000e+02 2.532000e-17 2.532000e-17
1.139000e+02 2.556000e-17 2.556000e-17
1.140000e+02 2.580000e-17 2.580000e-17
1.141000e+02 2.603500e-17 2.603500e-17
1.142000e+02 2.627000e-17 2.627000e-17
1.143000e+02 2.650500e-17 2.650500e-17
1.144000e+02 2.674000e-17 2.674000e-17
1.145000e+02 2.697500e-17 2.697500e-17
1.146000e+02 2.721000e-17 2.721000e-17
1.147000e+02 2.744500e-17 2.744500e-17
1.148000e+02 2.768000e-17 2.768000e-17
1.149000e+02 2.791500e-17 2.791500e-17
1.150000e+02 2.815000e-17 2.815000e-17
1.151000e+02 2.838500e-17 2.838500e-17
1.152000e+02 2.862000e-17 2.862000e-17
1.153000e+02 2.885500e-17 2.885500e-17
1.154000e+02 2.909000e-17 2.909000e-17
1.155000e+02 2.932500e-17 2.932500e-17
1.156000e+02 2.956000e-17 2.956000e-17
1.157000e+02 2.979500e-17 2.979500e-17
1.158000e+02 3.003000e-17 3.003000e-17
1.159000e+02 3.026500e-17 3.026500e-17
1.160000e+02 3.050000e-17 3.050000e-17
1.161000e+02 3.072000e-17 3.072000e-17
1.162000e+02 3.094000e-17 3.094000e-17
1.163000e+02 3.116000e-17 3.116000e-17
1.164000e+02 3.138000e-17 3.138000e-17
1.165000e+02 3.160000e-17 3.160000e-17
1.166000e+02 3.182000e-17 3.182000e-17
1.167000e+02 3.204000e-17 3.204000e-17
1.168000e+02 3.226000e-17 3.226000e-17
1.169000e+02 3.248000e-17 3.248000e-17
1.170000e+02 3.270000e-17 3.270000e-17
1.171000e+02 3.292000e-17 3.292000e-17
1.172000e+02 3.314000e-17 3.314000e-17
1.173000e+02 3.336000e-17 3.336000e-17
1.174000e+02 3.358000e-17 3.358000e-17
1.175000e+02 3.380000e-17 3.380000e-17
1.176000e+02 3.402000e-17 3.402000e-17
1.177000e+02 3.424000e-17 3.424000e-17
1.178000e+02 3.446000e-17 3.446000e-17
1.179000e+02 3.468000e-17 3.468000e-17
1.180000e+02 3.490000e-17 3.490000e-17
1.181000e+02 3.463000e-17 3.463000e-17
1.182000e+02 3.436000e-17 3.436000e-17
1.183000e+02 3.409000e-17 3.409000e-17
1.184000e+02 3.382000e-17 3.382000e-17
1.185000e+02 3.355000e-17 3.355000e-17
1.186000e+02 3.328000e-17 3.328000e-17
1.187000e+02 3.301000e-17 3.301000e-17
1.188000e+02 3.274000e-17 3.274000e-17
1.189000e+02 3.247000e-17 3.247000e-17
1.190000e+02 3.220000e-17 3.220000e-17
1.191000e+02 3.193000e-17 3.193000e-17
1.192000e+02 3.166000e-17 3.166000e-17
1.193000e+02 3.139000e-17 3.139000e-17
1.194000e+02 3.112000e-17 3.112000e-17
1.195000e+02 3.085000e-17 3.085000e-17
1.196000e+02 3.058000e-17 3.058000e-17
1.197000e+02 3.031000e-17 3.031000e-17
1.198000e+02 3.004000e-17 3.004000e-17
1.199000e+02 2.977000e-17 2.977000e-17
1.200000e+02 2.950000e-17 2.950000e-17
1.201000e+02 2.903500e-17 2.903500e-17
1.202000e+02 2.857000e-17 2.857000e-17
1.203000e+02 2.810500e-17 2.810500e-17
1.204000e+02 2.764000e-17 2.764000e-17
1.205000e+02 2.717500e-17 2.717500e-17
1.206000e+02 2.671000e-17 2.671000e-17
1.207000e+02 2.624500e-17 2.624500e-17
1.208000e+02 2.578000e-17 2.578000e-17
1.209000e+02 2.531500e-17 2.531500e-17
1.210000e+02 2.485000e-17 2.485000e-17
1.211000e+02 2.438500e-17 2.438500e-17
1.212000e+02 2.392000e-17 2.392000e-17
1.213000e+02 2.345500e-17 2.345500e-17
1.214000e+02 2.299000e-17 2.299000e-17
1.215000e+02 2.252500e-17 2.252500e-17
1.216000e+02 2.206000e-17 2.206000e-17
1.217000e+02 2.159500e-17 2.159500e-17
1.218000e+02 2.113000e-17 2.113000e-17
1.219000e+02 2.066500e-17 2.066500e-17
1.220000e+02 2.020000e-17 2.020000e-17
1.221000e+02 1.971500e-17 1.971500e-17
1.222000e+02 1.923000e-17 1.923000e-17
1.223000e+02 1.874500e-17 1.874500e-17
1.224000e+02 1.826000e-17 1.826000e-17
1.225000e+02 1.777500e-17 1.777500e-17
1.226000e+02 1.729000e-17 1.729000e-17
1.227000e+02 1.680500e-17 1.680500e-17
1.228000e+02 1.632000e-17 1.632000e-17
1.229000e+02 1.583500e-17 1.583500e-17
1.230000e+02 1.535000e-17 1.535000e-17
1.231000e+02 1.486500e-17 1.486500e-17
1.232000e+02 1.438000e-17 1.438000e-17
1.233000e+02 1.389500e-17 1.389500e-17
1.234000e+02 1.341000e-17 1.341000e-17
1.235000e+02 1.292500e-17 1.292500e-17
1.236000e+02 1.244000e-17 1.244000e-17
1.237000e+02 1.195500e-17 1.195500e-17
1.238000e+02 1.147000e-17 1.147000e-17
1.239000e+02 1.098500e-17 1.098500e-17
1.240000e+02 1.050000e-17 1.050000e-17
1.241000e+02 1.032500e-17 1.032500e-17
1.242000e+02 1.015000e-17 1.015000e-17
1.243000e+02 9.975000e-18 9.975000e-18
1.244000e+02 9.800000e-18 9.800000e-18
1.245000e+02 9.625000e-18 9.625000e-18
1.246000e+02 9.450000e-18 9.450000e-18
1.247000e+02 9.275000e-18 9.275000e-18
1.248000e+02 9.100000e-18 9.100000e-18
1.249000e+02 8.925000e-18 8.925000e-18
1.250000e+02 8.750000e-18 8.750000e-18
1.251000e+02 8.575000e-18 8.575000e-18
1.252000e+02 8.400000e-18 8.400000e-18
1.253000e+02 8.225000e-18 8.225000e-18
1.254000e+02 8.050000e-18 8.050000e-18
1.255000e+02 7.875000e-18 7.875000e-18
1.256000e+02 7.700000e-18 7.700000e-18
1.257000e+02 7.525000e-18 7.525000e-18
1.258000e+02 7.350000e-18 7.350000e-18
1.259000e+02 7.175000e-18 7.175000e-18
1.260000e+02 7.000000e-18 7.000000e-18
1.261000e+02 6.850000e-18 6.850000e-18
1.262000e+02 6.700000e-18 6.700000e-18
1.263000e+02 6.550000e-18 6.550000e-18
1.264000e+02 6.400000e-18 6.400000e-18
1.265000e+02 6.250000e-18 6.250000e-18
1.266000e+02 6.100000e-18 6.100000e-18
1.267000e+02 5.950000e-18 5.950000e-18
1.268000e+02 5.800000e-18 5.800000e-18
1.269000e+02 5.650000e-18 5.650000e-18
1.270000e+02 5.500000e-18 5.500000e-18
1.271000e+02 5.350000e-18 5.350000e-18
1.272000e+02 5.200000e-18 5.200000e-18
1.273000e+02 5.050000e-18 5.050000e-18
1.274000e+02 4.900000e-18 4.900000e-18
1.275000e+02 4.750000e-18 4.750000e-18
1.276000e+02 4.600000e-18 4.600000e-18
1.277000e+02 4.450000e-18 4.450000e-18
1.278000e+02 4.300000e-18 4.300000e-18
1.279000e+02 4.150000e-18 4.150000e-18
1.280000e+02 4.000000e-18 4.000000e-18
1.281000e+02 3.825000e-18 3.825000e-18
1.282000e+02 3.650000e-18 3.650000e-18
1.283000e+02 3.475000e-18 3.475000e-18
1.284000e+02 3.300000e-18 3.300000e-18
1.285000e+02 3.125000e-18 3.125000e-18
1.286000e+02 2.950000e-18 2.950000e-18
1.287000e+02 2.775000e-18 2.775000e-18
1.288000e+02 2.600000e-18 2.600000e-18
1.289000e+02 2.425000e-18 2.425000e-18
1.290000e+02 2.250000e-18 2.250000e-18
1.291000e+02 2.075000e-18 2.075000e-18
1.292000e+02 1.900000e-18 1.900000e-18
1.293000e+02 1.725000e-18 1.725000e-18
1.294000e+02 1.550000e-18 1.550000e-18
1.295000e+02 1.375000e-18 1.375000e-18
1.296000e+02 1.200000e-18 1.200000e-18
1.297000e+02 1.025000e-18 1.025000e-18
1.298000e+02 8.500000e-19 8.500000e-19
1.299000e+02 6.750000e-19 6.750000e-19
1.300000e+02 5.000000e-19 5.000000e-19
1.301000e+02 4.166667e-19 4.166667e-19
1.302000e+02 3.333333e-19 3.333333e-19
1.303000e+02 2.500000e-19 2.500000e-19
1.304000e+02 1.666667e-19 1.666667e-19
1.305000e+02 8.333333e-20 8.333333e-20
1.306000e+02 5.749668e-20 5.749668e-20
1.307000e+02 0.000000e+00 0.000000e+00
1.500000e+02 0.000000e+00 0.000000e+00
1.501000e+02 1.041667e-22 1.041667e-22
1.502000e+02 2.083333e-22 2.083333e-22
1.503000e+02 3.125000e-22 3.125000e-22
1.504000e+02 4.166667e-22 4.166667e-22
1.505000e+02 5.208333e-22 5.208333e-22
1.506000e+02 6.250000e-22 6.250000e-22
1.507000e+02 7.291667e-22 7.291667e-22
1.508000e+02 8.333333e-22 8.333333e-22
1.509000e+02 9.375000e-22 9.375000e-22
1.510000e+02 1.041667e-21 1.041667e-21
1.511000e+02 1.145833e-21 1.145833e-21
1.512000e+02 1.250000e-21 1.250000e-21
1.513000e+02 1.354167e-21 1.354167e-21
1.514000e+02 1.458333e-21 1.458333e-21
1.515000e+02 1.562500e-21 1.562500e-21
1.516000e+02 1.666667e-21 1.666667e-21
1.517000e+02 1.770833e-21 1.770833e-21
1.518000e+02 1.875000e-21 1.875000e-21
1.519000e+02 1.979167e-21 1.979167e-21
1.520000e+02 2.083333e-21 2.083333e-21
1.521000e+02 2.187500e-21 2.187500e-21
1.522000e+02 2.291667e-21 2.291667e-21
1.523000e+02 2.395833e-21 2.395833e-21
1.524000e+02 2.500000e-21 2.500000e-21
1.525000e+02 2.604167e-21 2.604167e-21
1.526000e+02 2.708333e-21 2.708333e-21
1.527000e+02 2.812500e-21 2.812500e-21
1.528000e+02 2.916667e-21 2.916667e-21
1.529000e+02 3.020833e-21 3.020833e-21
1.530000e+02 3.125000e-21 3.125000e-21
1.531000e+02 3.229167e-21 3.229167e-21
1.532000e+02 3.333333e-21 3.333333e-21
1.533000e+02 3.437500e-21 3.437500e-21
1.534000e+02 3.541667e-21 3.541667e-21
1.535000e+02 3.645833e-21 3.645833e-21
1.536000e+02 3.750000e-21 3.750000e-21
1.537000e+02 3.854167e-21 3.854167e-21
1.538000e+02 3.958333e-21 3.958333e-21
1.539000e+02 4.062500e-21 4.062500e-21
1.540000e+02 4.166667e-21 4.166667e-21
1.541000e+02 4.270833e-21 4.270833e-21
1.542000e+02 4.375000e-21 4.375000e-21
1.543000e+02 4.479167e-21 4.479167e-21
1.544000e+02 4.583333e-21 4.583333e-21
1.545000e+02 4.687500e-21 4.687500e-21
1.546000e+02 4.791667e-21 4.791667e-21
1.547000e+02 4.895833e-21 4.895833e-21
1.548000e+02 5.000000e-21 5.000000e-21
1.549000e+02 6.166667e-21 6.166667e-21
1.550000e+02 7.333333e-21 7.333333e-21
1.551000e+02 8.500000e-21 8.500000e-21
1.552000e+02 9.666667e-21 9.666667e-21
1.553000e+02 1.083333e-20 1.083333e-20
1.554000e+02 1.200000e-20 1.200000e-20
1.555000e+02 1.316667e-20 1.316667e-20
1.556000e+02 1.433333e-20 1.433333e-20
1.557000e+02 1.550000e-20 1.550000e-20
1.558000e+02 1.666667e-20 1.666667e-20
1.559000e+02 1.783333e-20 1.783333e-20
1.560000e+02 1.900000e-20 1.900000e-20
1.561000e+02 2.016667e-20 2.016667e-20
1.562000e+02 2.133333e-20 2.133333e-20
1.563000e+02 2.250000e-20 2.250000e-20
1.564000e+02 2.366667e-20 2.366667e-20
1.565000e+02 2.483333e-20 2.483333e-20
1.566000e+02 2.600000e-20 2.600000e-20
1.567000e+02 2.716667e-20 2.716667e-20
1.568000e+02 2.833333e-20 2.833333e-20
1.569000e+02 2.950000e-20 2.950000e-20
1.570000e+02 3.066667e-20 3.066667e-20
1.571000e+02 3.183333e-20 3.183333e-20
1.572000e+02 3.300000e-20 3.300000e-20
1.573000e+02 3.416667e-20 3.416667e-20
1.574000e+02 3.533335e-20 3.533335e-20
1.575000e+02 3.650005e-20 3.650005e-20
1.576000e+02 3.766686e-20 3.766686e-20
1.577000e+02 3.883406e-20 3.883406e-20
1.578000e+02 3.941828e-20 3.941828e-20
1.579000e+02 4.095778e-20 4.095778e-20
1.580000e+02 4.383533e-20 4.383533e-20
1.581000e+02 4.579037e-20 4.579037e-20
1.582000e+02 4.783127e-20 4.783127e-20
1.583000e+02 5.008387e-20 5.008387e-20
1.584000e+02 5.282685e-20 5.282685e-20
1.585000e+02 5.663604e-20 5.663604e-20
1.586000e+02 6.261824e-20 6.261824e-20
1.587000e+02 7.274476e-20 7.274476e-20
1.588000e+02 9.025142e-20 9.025142e-20
1.589000e+02 1.199936e-19 1.199936e-19
1.590000e+02 1.685438e-19 1.685438e-19
1.591000e+02 2.437413e-19 2.437413e-19
1.592000e+02 3.534167e-19 3.534167e-19
1.593000e+02 5.032032e-19 5.032032e-19
1.594000e+02 6.937187e-19 6.937187e-19
1.595000e+02 9.178745e-19 9.178745e-19
1.596000e+02 1.159414e-18 1.159414e-18
1.597000e+02 1.393748e-18 1.393748e-18
1.598000e+02 1.591571e-18 1.591571e-18
1.599000e+02 1.658159e-18 1.658159e-18
1.600000e+02 1.749117e-18 1.749117e-18
1.601000e+02 1.729747e-18 1.729747e-18
1.602000e+02 1.600976e-18 1.600976e-18
1.603000e+02 1.407557e-18 1.407557e-18
1.604000e+02 1.177628e-18 1.177628e-18
1.605000e+02 9.404936e-19 9.404936e-19
1.606000e+02 7.207426e-19 7.207426e-19
1.607000e+02 5.346318e-19 5.346318e-19
1.608000e+02 3.892501e-19 3.892501e-19
1.609000e+02 2.839794e-19 2.839794e-19
1.610000e+02 2.131867e-19 2.131867e-19
1.611000e+02 1.690412e-19 1.690412e-19
1.612000e+02 1.437038e-19 1.437038e-19
1.613000e+02 1.306019e-19 1.306019e-19
1.614000e+02 1.248801e-19 1.248801e-19
1.615000e+02 1.240914e-19 1.240914e-19
1.616000e+02 1.241152e-19 1.241152e-19
1.617000e+02 1.276189e-19 1.276189e-19
1.618000e+02 1.308005e-19 1.308005e-19
1.619000e+02 1.341937e-19 1.341937e-19
1.620000e+02 1.376729e-19 1.376729e-19
1.621000e+02 1.411847e-19 1.411847e-19
1.622000e+02 1.447084e-19 1.447084e-19
1.623000e+02 1.482360e-19 1.482360e-19
1.624000e+02 1.517649e-19 1.517649e-19
1.625000e+02 1.552942e-19 1.552942e-19
1.626000e+02 1.588235e-19 1.588235e-19
1.627000e+02 1.623529e-19 1.623529e-19
1.628000e+02 1.658824e-19 1.658824e-19
1.629000e+02 1.694118e-19 1.694118e-19
1.630000e+02 1.729412e-19 1.729412e-19
1.631000e+02 1.764706e-19 1.764706e-19
1.632000e+02 1.800000e-19 1.800000e-19
1.633000e+02 1.833333e-19 1.833333e-19
1.634000e+02 1.866667e-19 1.866667e-19
1.635000e+02 1.900000e-19 1.900000e-19
1.636000e+02 1.933333e-19 1.933333e-19
1.637000e+02 1.966667e-19 1.966667e-19
1.638000e+02 2.000000e-19 2.000000e-19
1.639000e+02 2.058824e-19 2.058824e-19
1.640000e+02 2.117647e-19 2.117647e-19
1.641000e+02 2.176471e-19 2.176471e-19
1.642000e+02 2.235294e-19 2.235294e-19
1.643000e+02 2.294118e-19 2.294118e-19
1.644000e+02 2.352941e-19 2.352941e-19
1.645000e+02 2.411765e-19 2.411765e-19
1.646000e+02 2.470588e-19 2.470588e-19
1.647000e+02 2.529412e-19 2.529412e-19
1.648000e+02 2.588235e-19 2.588235e-19
1.649000e+02 2.647059e-19 2.647059e-19
1.650000e+02 2.705882e-19 2.705882e-19
1.651000e+02 2.764706e-19 2.764706e-19
1.652000e+02 2.823529e-19 2.823529e-19
1.653000e+02 2.882353e-19 2.882353e-19
1.654000e+02 2.941176e-19 2.941176e-19
1.655000e+02 3.000000e-19 3.000000e-19
1.656000e+02 3.058824e-19 3.058824e-19
1.657000e+02 3.117647e-19 3.117647e-19
1.658000e+02 3.176471e-19 3.176471e-19
1.659000e+02 3.235294e-19 3.235294e-19
1.660000e+02 3.294118e-19 3.294118e-19
1.661000e+02 3.352941e-19 3.352941e-19
1.662000e+02 3.411765e-19 3.411765e-19
1.663000e+02 3.470588e-19 3.470588e-19
1.664000e+02 3.529412e-19 3.529412e-19
1.665000e+02 3.588235e-19 3.588235e-19
1.666000e+02 3.647059e-19 3.647059e-19
1.667000e+02 3.705882e-19 3.705882e-19
1.668000e+02 3.764706e-19 3.764706e-19
1.669000e+02 3.823529e-19 3.823529e-19
1.670000e+02 3.882353e-19 3.882353e-19
1.671000e+02 3.941176e-19 3.941176e-19
1.672000e+02 4.000000e-19 4.000000e-19
1.673000e+02 4.066667e-19 4.066667e-19
1.674000e+02 4.133333e-19 4.133333e-19
1.675000e+02 4.200000e-19 4.200000e-19
1.676000e+02 4.266667e-19 4.266667e-19
1.677000e+02 4.333333e-19 4.333333e-19
1.678000e+02 4.400000e-19 4.400000e-19
1.679000e+02 4.466667e-19 4.466667e-19
1.680000e+02 4.533333e-19 4.533333e-19
1.681000e+02 4.600000e-19 4.600000e-19
1.682000e+02 4.666667e-19 4.666667e-19
1.683000e+02 4.733333e-19 4.733333e-19
1.684000e+02 4.800000e-19 4.800000e-19
1.685000e+02 4.866667e-19 4.866667e-19
1.686000e+02 4.933333e-19 4.933333e-19
1.687000e+02 5.000000e-19 5.000000e-19
1.688000e+02 5.075000e-19 5.075000e-19
1.689000e+02 5.150000e-19 5.150000e-19
1.690000e+02 5.225000e-19 5.225000e-19
1.691000e+02 5.300000e-19 5.300000e-19
1.692000e+02 5.375000e-19 5.375000e-19
1.693000e+02 5.450000e-19 5.450000e-19
1.694000e+02 5.525000e-19 5.525000e-19
1.695000e+02 5.600000e-19 5.600000e-19
1.696000e+02 5.566667e-19 5.566667e-19
1.697000e+02 5.533333e-19 5.533333e-19
1.698000e+02 5.500000e-19 5.500000e-19
1.699000e+02 5.466667e-19 5.466667e-19
1.700000e+02 5.433333e-19 5.433333e-19
1.701000e+02 5.400000e-19 5.400000e-19
1.702000e+02 5.050000e-19 5.050000e-19
1.703000e+02 4.700000e-19 4.700000e-19
1.704000e+02 4.350000e-19 4.350000e-19
1.705000e+02 4.000000e-19 4.000000e-19
1.706000e+02 3.500000e-19 3.500000e-19
1.707000e+02 3.000000e-19 3.000000e-19
1.708000e+02 2.000000e-19 2.000000e-19
1.709000e+02 1.750000e-19 1.750000e-19
1.710000e+02 1.500000e-19 1.500000e-19
1.711000e+02 1.250000e-19 1.250000e-19
1.712000e+02 1.000000e-19 1.000000e-19
1.713000e+02 9.473684e-20 9.473684e-20
1.714000e+02 8.947368e-20 8.947368e-20
1.715000e+02 8.421053e-20 8.421053e-20
1.716000e+02 7.894737e-20 7.894737e-20
1.717000e+02 7.368421e-20 7.368421e-20
1.718000e+02 6.842105e-20 6.842105e-20
1.719000e+02 6.315789e-20 6.315789e-20
1.720000e+02 5.789474e-20 5.789474e-20
1.721000e+02 5.263158e-20 5.263158e-20
1.722000e+02 4.736842e-20 4.736842e-20
1.723000e+02 4.210526e-20 4.210526e-20
1.724000e+02 3.684211e-20 3.684211e-20
1.725000e+02 3.157895e-20 3.157895e-20
1.726000e+02 2.631579e-20 2.631579e-20
1.727000e+02 2.105263e-20 2.105263e-20
1.728000e+02 1.578947e-20 1.578947e-20
1.729000e+02 1.052632e-20 1.052632e-20
1.730000e+02 5.263158e-21 5.263158e-21
1.731000e+02 2.184005e-31 2.184005e-31
1.732000e+02 0.000000e+00 0.000000e+00
3.265000e+02 0.000000e+00 0.000000e+00
3.266000e+02 6.451613e-21 6.451613e-21
3.267000e+02 1.290323e-20 1.290323e-20
3.268000e+02 1.935484e-20 1.935484e-20
3.269000e+02 2.580645e-20 2.580645e-20
3.270000e+02 3.225806e-20 3.225806e-20
3.271000e+02 3.870968e-20 3.870968e-20
3.272000e+02 4.516129e-20 4.516129e-20
3.273000e+02 5.161290e-20 5.161290e-20
3.274000e+02 5.806452e-20 5.806452e-20
3.275000e+02 6.451613e-20 6.451613e-20
3.276000e+02 7.096774e-20 7.096774e-20
3.277000e+02 7.741935e-20 7.741935e-20
3.278000e+02 8.387097e-20 8.387097e-20
3.279000e+02 9.032258e-20 9.032258e-20
3.280000e+02 9.677419e-20 9.677419e-20
3.281000e+02 1.032258e-19 1.032258e-19
3.282000e+02 1.096774e-19 1.096774e-19
3.283000e+02 1.161290e-19 1.161290e-19
3.284000e+02 1.225806e-19 1.225806e-19
3.285000e+02 1.290323e-19 1.290323e-19
3.286000e+02 1.354839e-19 1.354839e-19
3.287000e+02 1.419355e-19 1.419355e-19
3.288000e+02 1.483871e-19 1.483871e-19
3.289000e+02 1.548387e-19 1.548387e-19
3.290000e+02 1.612903e-19 1.612903e-19
3.291000e+02 1.677419e-19 1.677419e-19
3.292000e+02 1.741935e-19 1.741935e-19
3.293000e+02 1.806452e-19 1.806452e-19
3.294000e+02 1.870968e-19 1.870968e-19
3.295000e+02 1.935484e-19 1.935484e-19
3.296000e+02 2.000000e-19 2.000000e-19
3.297000e+02 2.064516e-19 2.064516e-19
3.298000e+02 2.129032e-19 2.129032e-19
3.299000e+02 2.193548e-19 2.193548e-19
3.300000e+02 2.258065e-19 2.258065e-19
3.301000e+02 2.322581e-19 2.322581e-19
3.302000e+02 2.387097e-19 2.387097e-19
3.303000e+02 2.451613e-19 2.451613e-19
3.304000e+02 2.516129e-19 2.516129e-19
3.305000e+02 2.580645e-19 2.580645e-19
3.306000e+02 2.645161e-19 2.645161e-19
3.307000e+02 2.709677e-19 2.709677e-19
3.308000e+02 2.774194e-19 2.774194e-19
3.309000e+02 2.838710e-19 2.838710e-19
3.310000e+02 2.903226e-19 2.903226e-19
3.311000e+02 2.967742e-19 2.967742e-19
3.312000e+02 3.032258e-19 3.032258e-19
3.313000e+02 3.096774e-19 3.096774e-19
3.314000e+02 3.161290e-19 3.161290e-19
3.315000e+02 3.225806e-19 3.225806e-19
3.316000e+02 3.290323e-19 3.290323e-19
3.317000e+02 3.354839e-19 3.354839e-19
3.318000e+02 3.419355e-19 3.419355e-19
3.319000e+02 3.483871e-19 3.483871e-19
3.320000e+02 3.548387e-19 3.548387e-19
3.321000e+02 3.612903e-19 3.612903e-19
3.322000e+02 3.677419e-19 3.677419e-19
3.323000e+02 3.741935e-19 3.741935e-19
3.324000e+02 3.806452e-19 3.806452e-19
3.325000e+02 3.870968e-19 3.870968e-19
3.326000e+02 3.935484e-19 3.935484e-19
3.327000e+02 4.000000e-19 4.000000e-19
3.328000e+02 4.064516e-19 4.064516e-19
3.329000e+02 4.129032e-19 4.129032e-19
3.330000e+02 4.193548e-19 4.193548e-19
3.331000e+02 4.258065e-19 4.258065e-19
3.332000e+02 4.322581e-19 4.322581e-19
3.333000e+02 4.387097e-19 4.387097e-19
3.334000e+02 4.451613e-19 4.451613e-19
3.335000e+02 4.516129e-19 4.516129e-19
3.336000e+02 4.580645e-19 4.580645e-19
3.337000e+02 4.645161e-19 4.645161e-19
3.338000e+02 4.709677e-19 4.709677e-19
3.339000e+02 4.774194e-19 4.774194e-19
3.340000e+02 4.838710e-19 4.838710e-19
3.341000e+02 4.903226e-19 4.903226e-19
3.342000e+02 4.967742e-19 4.967742e-19
3.343000e+02 5.032258e-19 5.032258e-19
3.344000e+02 5.096774e-19 5.096774e-19
3.345000e+02 5.161290e-19 5.161290e-19
3.346000e+02 5.225806e-19 5.225806e-19
3.347000e+02 5.290323e-19 5.290323e-19
3.348000e+02 5.354839e-19 5.354839e-19
3.349000e+02 5.419355e-19 5.419355e-19
3.350000e+02 5.483871e-19 5.483871e-19
3.351000e+02 5.548387e-19 5.548387e-19
3.352000e+02 5.612903e-19 5.612903e-19
3.353000e+02 5.677419e-19 5.677419e-19
3.354000e+02 5.741935e-19 5.741935e-19
3.355000e+02 5.806452e-19 5.806452e-19
3.356000e+02 5.870968e-19 5.870968e-19
3.357000e+02 5.935484e-19 5.935484e-19
3.358000e+02 6.000000e-19 6.000000e-19
3.359000e+02 6.206897e-19 6.206897e-19
3.360000e+02 6.413793e-19 6.413793e-19
3.361000e+02 6.620690e-19 6.620690e-19
3.362000e+02 6.827586e-19 6.827586e-19
3.363000e+02 7.034483e-19 7.034483e-19
3.364000e+02 7.241379e-19 7.241379e-19
3.365000e+02 7.448276e-19 7.448276e-19
3.366000e+02 7.655172e-19 7.655172e-19
3.367000e+02 7.862069e-19 7.862069e-19
3.368000e+02 8.068966e-19 8.068966e-19
3.369000e+02 8.275862e-19 8.275862e-19
3.370000e+02 8.482759e-19 8.482759e-19
3.371000e+02 8.689655e-19 8.689655e-19
3.372000e+02 8.896552e-19 8.896552e-19
3.373000e+02 9.103448e-19 9.103448e-19
3.374000e+02 9.310345e-19 9.310345e-19
3.375000e+02 9.517241e-19 9.517241e-19
3.376000e+02 9.724138e-19 9.724138e-19
3.377000e+02 9.931034e-19 9.931034e-19
3.378000e+02 1.013793e-18 1.013793e-18
3.379000e+02 1.034483e-18 1.034483e-18
3.380000e+02 1.055172e-18 1.055172e-18
3.381000e+02 1.075862e-18 1.075862e-18
3.382000e+02 1.096552e-18 1.096552e-18
3.383000e+02 1.117241e-18 1.117241e-18
3.384000e+02 1.137931e-18 1.137931e-18
3.385000e+02 1.158621e-18 1.158621e-18
3.386000e+02 1.179310e-18 1.179310e-18
3.387000e+02 1.200000e-18 1.200000e-18
3.388000e+02 1.220690e-18 1.220690e-18
3.389000e+02 1.241379e-18 1.241379e-18
3.390000e+02 1.262069e-18 1.262069e-18
3.391000e+02 1.282759e-18 1.282759e-18
3.392000e+02 1.303448e-18 1.303448e-18
3.393000e+02 1.324138e-18 1.324138e-18
3.394000e+02 1.344828e-18 1.344828e-18
3.395000e+02 1.365517e-18 1.365517e-18
3.396000e+02 1.386207e-18 1.386207e-18
3.397000e+02 1.406897e-18 1.406897e-18
3.398000e+02 1.427586e-18 1.427586e-18
3.399000e+02 1.448276e-18 1.448276e-18
3.400000e+02 1.468966e-18 1.468966e-18
3.401000e+02 1.489655e-18 1.489655e-18
3.402000e+02 1.510345e-18 1.510345e-18
3.403000e+02 1.531034e-18 1.531034e-18
3.404000e+02 1.551724e-18 1.551724e-18
3.405000e+02 1.572414e-18 1.572414e-18
3.406000e+02 1.593103e-18 1.593103e-18
3.407000e+02 1.613793e-18 1.613793e-18
3.408000e+02 1.634483e-18 1.634483e-18
3.409000e+02 1.655172e-18 1.655172e-18
3.410000e+02 1.675862e-18 1.675862e-18
3.411000e+02 1.696552e-18 1.696552e-18
3.412000e+02 1.717241e-18 1.717241e-18
3.413000e+02 1.737931e-18 1.737931e-18
3.414000e+02 1.758621e-18 1.758621e-18
3.415000e+02 1.779310e-18 1.779310e-18
3.416000e+02 1.800000e-18 1.800000e-18
3.417000e+02 1.820690e-18 1.820690e-18
3.418000e+02 1.841379e-18 1.841379e-18
3.419000e+02 1.862069e-18 1.862069e-18
3.420000e+02 1.882759e-18 1.882759e-18
3.421000e+02 1.903448e-18 1.903448e-18
3.422000e+02 1.924138e-18 1.924138e-18
3.423000e+02 1.944828e-18 1.944828e-18
3.424000e+02 1.965517e-18 1.965517e-18
3.425000e+02 1.986207e-18 1.986207e-18
3.426000e+02 2.006897e-18 2.006897e-18
3.427000e+02 2.027586e-18 2.027586e-18
3.428000e+02 2.048276e-18 2.048276e-18
3.429000e+02 2.068966e-18 2.068966e-18
3.430000e+02 2.089655e-18 2.089655e-18
3.431000e+02 2.110345e-18 2.110345e-18
3.432000e+02 2.131034e-18 2.131034e-18
3.433000e+02 2.151724e-18 2.151724e-18
3.434000e+02 2.172414e-18 2.172414e-18
3.435000e+02 2.193103e-18 2.193103e-18
3.436000e+02 2.213793e-18 2.213793e-18
3.437000e+02 2.234483e-18 2.234483e-18
3.438000e+02 2.255172e-18 2.255172e-18
3.439000e+02 2.275862e-18 2.275862e-18
3.440000e+02 2.296552e-18 2.296552e-18
3.441000e+02 2.317241e-18 2.317241e-18
3.442000e+02 2.337931e-18 2.337931e-18
3.443000e+02 2.358621e-18 2.358621e-18
3.444000e+02 2.379310e-18 2.379310e-18
3.445000e+02 2.400000e-18 2.400000e-18
3.446000e+02 2.446809e-18 2.446809e-18
3.447000e+02 2.493617e-18 2.493617e-18
3.448000e+02 2.540426e-18 2.540426e-18
3.449000e+02 2.587234e-18 2.587234e-18
3.450000e+02 2.634043e-18 2.634043e-18
3.451000e+02 2.680851e-18 2.680851e-18
3.452000e+02 2.727660e-18 2.727660e-18
3.453000e+02 2.774468e-18 2.774468e-18
3.454000e+02 2.821277e-18 2.821277e-18
3.455000e+02 2.868085e-18 2.868085e-18
3.456000e+02 2.914894e-18 2.914894e-18
3.457000e+02 2.961702e-18 2.961702e-18
3.458000e+02 3.008511e-18 3.008511e-18
3.459000e+02 3.055319e-18 3.055319e-18
3.460000e+02 3.102128e-18 3.102128e-18
3.461000e+02 3.148936e-18 3.148936e-18
3.462000e+02 3.195745e-18 3.195745e-18
3.463000e+02 3.242553e-18 3.242553e-18
3.464000e+02 3.289362e-18 3.289362e-18
3.465000e+02 3.336170e-18 3.336170e-18
3.466000e+02 3.382979e-18 3.382979e-18
3.467000e+02 3.429787e-18 3.429787e-18
3.468000e+02 3.476596e-18 3.476596e-18
3.469000e+02 3.523404e-18 3.523404e-18
3.470000e+02 3.570213e-18 3.570213e-18
3.471000e+02 3.617021e-18 3.617021e-18
3.472000e+02 3.663830e-18 3.663830e-18
3.473000e+02 3.710638e-18 3.710638e-18
3.474000e+02 3.757447e-18 3.757447e-18
3.475000e+02 3.804255e-18 3.804255e-18
3.476000e+02 3.851064e-18 3.851064e-18
3.477000e+02 3.897872e-18 3.897872e-18
3.478000e+02 3.944681e-18 3.944681e-18
3.479000e+02 3.991489e-18 3.991489e-18
3.480000e+02 4.038298e-18 4.038298e-18
3.481000e+02 4.085106e-18 4.085106e-18
3.482000e+02 4.131915e-18 4.131915e-18
3.483000e+02 4.178723e-18 4.178723e-18
3.484000e+02 4.225532e-18 4.225532e-18
3.485000e+02 4.272340e-18 4.272340e-18
3.486000e+02 4.319149e-18 4.319149e-18
3.487000e+02 4.365957e-18 4.365957e-18
3.488000e+02 4.412766e-18 4.412766e-18
3.489000e+02 4.459574e-18 4.459574e-18
3.490000e+02 4.506383e-18 4.506383e-18
3.491000e+02 4.553191e-18 4.553191e-18
3.492000e+02 4.600000e-18 4.600000e-18
3.493000e+02 4.646809e-18 4.646809e-18
3.494000e+02 4.693617e-18 4.693617e-18
3.495000e+02 4.740426e-18 4.740426e-18
3.496000e+02 4.787234e-18 4.787234e-18
3.497000e+02 4.834043e-18 4.834043e-18
3.498000e+02 4.880851e-18 4.880851e-18
3.499000e+02 4.927660e-18 4.927660e-18
3.500000e+02 4.974468e-18 4.974468e-18
3.501000e+02 5.021277e-18 5.021277e-18
3.502000e+02 5.068085e-18 5.068085e-18
3.503000e+02 5.114894e-18 5.114894e-18
3.504000e+02 5.161702e-18 5.161702e-18
3.505000e+02 5.208511e-18 5.208511e-18
3.506000e+02 5.255319e-18 5.255319e-18
3.507000e+02 5.302128e-18 5.302128e-18
3.508000e+02 5.348936e-18 5.348936e-18
3.509000e+02 5.395745e-18 5.395745e-18
3.510000e+02 5.442553e-18 5.442553e-18
3.511000e+02 5.489362e-18 5.489362e-18
3.512000e+02 5.536170e-18 5.536170e-18
3.513000e+02 5.582979e-18 5.582979e-18
3.514000e+02 5.629787e-18 5.629787e-18
3.515000e+02 5.676596e-18 5.676596e-18
3.516000e+02 5.723404e-18 5.723404e-18
3.517000e+02 5.770213e-18 5.770213e-18
3.518000e+02 5.817021e-18 5.817021e-18
3.519000e+02 5.863830e-18 5.863830e-18
3.520000e+02 5.910638e-18 5.910638e-18
3.521000e+02 5.957447e-18 5.957447e-18
3.522000e+02 6.004255e-18 6.004255e-18
3.523000e+02 6.051064e-18 6.051064e-18
3.524000e+02 6.097872e-18 6.097872e-18
3.525000e+02 6.144681e-18 6.144681e-18
3.526000e+02 6.191489e-18 6.191489e-18
3.527000e+02 6.238298e-18 6.238298e-18
3.528000e+02 6.285106e-18 6.285106e-18
3.529000e+02 6.331915e-18 6.331915e-18
3.530000e+02 6.378723e-18 6.378723e-18
3.531000e+02 6.425532e-18 6.425532e-18
3.532000e+02 6.472340e-18 6.472340e-18
3.533000e+02 6.519149e-18 6.519149e-18
3.534000e+02 6.565957e-18 6.565957e-18
3.535000e+02 6.612766e-18 6.612766e-18
3.536000e+02 6.659574e-18 6.659574e-18
3.537000e+02 6.706383e-18 6.706383e-18
3.538000e+02 6.753191e-18 6.753191e-18
3.539000e+02 6.800000e-18 6.800000e-18
3.540000e+02 6.865306e-18 6.865306e-18
3.541000e+02 6.930612e-18 6.930612e-18
3.542000e+02 6.995918e-18 6.995918e-18
3.543000e+02 7.061224e-18 7.061224e-18
3.544000e+02 7.126531e-18 7.126531e-18
3.545000e+02 7.191837e-18 7.191837e-18
3.546000e+02 7.257143e-18 7.257143e-18
3.547000e+02 7.322449e-18 7.322449e-18
3.548000e+02 7.387755e-18 7.387755e-18
3.549000e+02 7.453061e-18 7.453061e-18
3.550000e+02 7.518367e-18 7.518367e-18
3.551000e+02 7.583673e-18 7.583673e-18
3.552000e+02 7.648980e-18 7.648980e-18
3.553000e+02 7.714286e-18 7.714286e-18
3.554000e+02 7.779592e-18 7.779592e-18
3.555000e+02 7.844898e-18 7.844898e-18
3.556000e+02 7.910204e-18 7.910204e-18
3.557000e+02 7.975510e-18 7.975510e-18
3.558000e+02 8.040816e-18 8.040816e-18
3.559000e+02 8.106122e-18 8.106122e-18
3.560000e+02 8.171429e-18 8.171429e-18
3.561000e+02 8.236735e-18 8.236735e-18
3.562000e+02 8.302041e-18 8.302041e-18
3.563000e+02 8.367347e-18 8.367347e-18
3.564000e+02 8.432653e-18 8.432653e-18
3.565000e+02 8.497959e-18 8.497959e-18
3.566000e+02 8.563265e-18 8.563265e-18
3.567000e+02 8.628571e-18 8.628571e-18
3.568000e+02 8.693878e-18 8.693878e-18
3.569000e+02 8.759184e-18 8.759184e-18
3.570000e+02 8.824490e-18 8.824490e-18
3.571000e+02 8.889796e-18 8.889796e-18
3.572000e+02 8.955102e-18 8.955102e-18
3.573000e+02 9.020408e-18 9.020408e-18
3.574000e+02 9.085714e-18 9.085714e-18
3.575000e+02 9.151020e-18 9.151020e-18
3.576000e+02 9.216327e-18 9.216327e-18
3.577000e+02 9.281633e-18 9.281633e-18
3.578000e+02 9.346939e-18 9.346939e-18
3.579000e+02 9.412245e-18 9.412245e-18
3.580000e+02 9.477551e-18 9.477551e-18
3.581000e+02 9.542857e-18 9.542857e-18
3.582000e+02 9.608163e-18 9.608163e-18
3.583000e+02 9.673469e-18 9.673469e-18
3.584000e+02 9.738776e-18 9.738776e-18
3.585000e+02 9.804082e-18 9.804082e-18
3.586000e+02 9.869388e-18 9.869388e-18
3.587000e+02 9.934694e-18 9.934694e-18
3.588000e+02 1.000000e-17 1.000000e-17
3.589000e+02 1.008163e-17 1.008163e-17
3.590000e+02 1.016327e-17 1.016327e-17
3.591000e+02 1.024490e-17 1.024490e-17
3.592000e+02 1.032653e-17 1.032653e-17
3.593000e+02 1.040816e-17 1.040816e-17
3.594000e+02 1.048980e-17 1.048980e-17
3.595000e+02 1.057143e-17 1.057143e-17
3.596000e+02 1.065306e-17 1.065306e-17
3.597000e+02 1.073469e-17 1.073469e-17
3.598000e+02 1.081633e-17 1.081633e-17
3.599000e+02 1.089796e-17 1.089796e-17
3.600000e+02 1.097959e-17 1.097959e-17
3.601000e+02 1.106122e-17 1.106122e-17
3.602000e+02 1.114286e-17 1.114286e-17
3.603000e+02 1.122449e-17 1.122449e-17
3.604000e+02 1.130612e-17 1.130612e-17
3.605000e+02 1.138776e-17 1.138776e-17
3.606000e+02 1.146939e-17 1.146939e-17
3.607000e+02 1.155102e-17 1.155102e-17
3.608000e+02 1.163265e-17 1.163265e-17
3.609000e+02 1.171429e-17 1.171429e-17
3.610000e+02 1.179592e-17 1.179592e-17
3.611000e+02 1.187755e-17 1.187755e-17
3.612000e+02 1.195918e-17 1.195918e-17
3.613000e+02 1.204082e-17 1.204082e-17
3.614000e+02 1.212245e-17 1.212245e-17
3.615000e+02 1.220408e-17 1.220408e-17
3.616000e+02 1.228571e-17 1.228571e-17
3.617000e+02 1.236735e-17 1.236735e-17
3.618000e+02 1.244898e-17 1.244898e-17
3.619000e+02 1.253061e-17 1.253061e-17
3.620000e+02 1.261224e-17 1.261224e-17
3.621000e+02 1.269388e-17 1.269388e-17
3.622000e+02 1.277551e-17 1.277551e-17
3.623000e+02 1.285714e-17 1.285714e-17
3.624000e+02 1.293878e-17 1.293878e-17
3.625000e+02 1.302041e-17 1.302041e-17
3.626000e+02 1.310204e-17 1.310204e-17
3.627000e+02 1.318367e-17 1.318367e-17
3.628000e+02 1.326531e-17 1.326531e-17
3.629000e+02 1.334694e-17 1.334694e-17
3.630000e+02 1.342857e-17 1.342857e-17
3.631000e+02 1.351020e-17 1.351020e-17
3.632000e+02 1.359184e-17 1.359184e-17
3.633000e+02 1.367347e-17 1.367347e-17
3.634000e+02 1.375510e-17 1.375510e-17
3.635000e+02 1.383673e-17 1.383673e-17
3.636000e+02 1.391837e-17 1.391837e-17
3.637000e+02 1.400000e-17 1.400000e-17
3.638000e+02 1.409231e-17 1.409231e-17
3.639000e+02 1.418462e-17 1.418462e-17
3.640000e+02 1.427692e-17 1.427692e-17
3.641000e+02 1.436923e-17 1.436923e-17
3.642000e+02 1.446154e-17 1.446154e-17
3.643000e+02 1.455385e-17 1.455385e-17
3.644000e+02 1.464615e-17 1.464615e-17
3.645000e+02 1.473846e-17 1.473846e-17
3.646000e+02 1.483077e-17 1.483077e-17
3.647000e+02 1.492308e-17 1.492308e-17
3.648000e+02 1.501538e-17 1.501538e-17
3.649000e+02 1.510769e-17 1.510769e-17
3.650000e+02 1.520000e-17 1.520000e-17
3.651000e+02 1.529231e-17 1.529231e-17
3.652000e+02 1.538462e-17 1.538462e-17
3.653000e+02 1.547692e-17 1.547692e-17
3.654000e+02 1.556923e-17 1.556923e-17
3.655000e+02 1.566154e-17 1.566154e-17
3.656000e+02 1.575385e-17 1.575385e-17
3.657000e+02 1.584615e-17 1.584615e-17
3.658000e+02 1.593846e-17 1.593846e-17
3.659000e+02 1.603077e-17 1.603077e-17
3.660000e+02 1.612308e-17 1.612308e-17
3.661000e+02 1.621538e-17 1.621538e-17
3.662000e+02 1.630769e-17 1.630769e-17
3.663000e+02 1.640000e-17 1.640000e-17
3.664000e+02 1.649231e-17 1.649231e-17
3.665000e+02 1.658462e-17 1.658462e-17
3.666000e+02 1.667692e-17 1.667692e-17
3.667000e+02 1.676923e-17 1.676923e-17
3.668000e+02 1.686154e-17 1.686154e-17
3.669000e+02 1.695385e-17 1.695385e-17
3.670000e+02 1.704615e-17 1.704615e-17
3.671000e+02 1.713846e-17 1.713846e-17
3.672000e+02 1.723077e-17 1.723077e-17
3.673000e+02 1.732308e-17 1.732308e-17
3.674000e+02 1.741538e-17 1.741538e-17
3.675000e+02 1.750769e-17 1.750769e-17
3.676000e+02 1.760000e-17 1.760000e-17
3.677000e+02 1.769231e-17 1.769231e-17
3.678000e+02 1.778462e-17 1.778462e-17
3.679000e+02 1.787692e-17 1.787692e-17
3.680000e+02 1.796923e-17 1.796923e-17
3.681000e+02 1.806154e-17 1.806154e-17
3.682000e+02 1.815385e-17 1.815385e-17
3.683000e+02 1.824615e-17 1.824615e-17
3.684000e+02 1.833846e-17 1.833846e-17
3.685000e+02 1.843077e-17 1.843077e-17
3.686000e+02 1.852308e-17 1.852308e-17
3.687000e+02 1.861538e-17 1.861538e-17
3.688000e+02 1.870769e-17 1.870769e-17
3.689000e+02 1.880000e-17 1.880000e-17
3.690000e+02 1.886792e-17 1.886792e-17
3.691000e+02 1.893585e-17 1.893585e-17
3.692000e+02 1.900377e-17 1.900377e-17
3.693000e+02 1.907170e-17 1.907170e-17
3.694000e+02 1.913962e-17 1.913962e-17
3.695000e+02 1.920755e-17 1.920755e-17
3.696000e+02 1.927547e-17 1.927547e-17
3.697000e+02 1.934340e-17 1.934340e-17
3.698000e+02 1.941132e-17 1.941132e-17
3.699000e+02 1.947925e-17 1.947925e-17
3.700000e+02 1.954717e-17 1.954717e-17
3.701000e+02 1.961509e-17 1.961509e-17
3.702000e+02 1.968302e-17 1.968302e-17
3.703000e+02 1.975094e-17 1.975094e-17
3.704000e+02 1.981887e-17 1.981887e-17
3.705000e+02 1.988679e-17 1.988679e-17
3.706000e+02 1.995472e-17 1.995472e-17
3.707000e+02 2.002264e-17 2.002264e-17
3.708000e+02 2.009057e-17 2.009057e-17
3.709000e+02 2.015849e-17 2.015849e-17
3.710000e+02 2.022642e-17 2.022642e-17
3.711000e+02 2.029434e-17 2.029434e-17
3.712000e+02 2.036226e-17 2.036226e-17
3.713000e+02 2.043019e-17 2.043019e-17
3.714000e+02 2.049811e-17 2.049811e-17
3.715000e+02 2.056604e-17 2.056604e-17
3.716000e+02 2.063396e-17 2.063396e-17
3.717000e+02 2.070189e-17 2.070189e-17
3.718000e+02 2.076981e-17 2.076981e-17
3.719000e+02 2.083774e-17 2.083774e-17
3.720000e+02 2.090566e-17 2.090566e-17
3.721000e+02 2.097358e-17 2.097358e-17
3.722000e+02 2.104151e-17 2.104151e-17
3.723000e+02 2.110943e-17 2.110943e-17
3.724000e+02 2.117736e-17 2.117736e-17
3.725000e+02 2.124528e-17 2.124528e-17
3.726000e+02 2.131321e-17 2.131321e-17
3.727000e+02 2.138113e-17 2.138113e-17
3.728000e+02 2.144906e-17 2.144906e-17
3.729000e+02 2.151698e-17 2.151698e-17
3.730000e+02 2.158491e-17 2.158491e-17
3.731000e+02 2.165283e-17 2.165283e-17
3.732000e+02 2.172075e-17 2.172075e-17
3.733000e+02 2.178868e-17 2.178868e-17
3.734000e+02 2.185660e-17 2.185660e-17
3.735000e+02 2.192453e-17 2.192453e-17
3.736000e+02 2.199245e-17 2.199245e-17
3.737000e+02 2.206038e-17 2.206038e-17
3.738000e+02 2.212830e-17 2.212830e-17
3.739000e+02 2.219623e-17 2.219623e-17
3.740000e+02 2.226415e-17 2.226415e-17
3.741000e+02 2.233208e-17 2.233208e-17
3.742000e+02 2.240000e-17 2.240000e-17
3.743000e+02 2.244815e-17 2.244815e-17
3.744000e+02 2.249630e-17 2.249630e-17
3.745000e+02 2.254444e-17 2.254444e-17
3.746000e+02 2.259259e-17 2.259259e-17
3.747000e+02 2.264074e-17 2.264074e-17
3.748000e+02 2.268889e-17 2.268889e-17
3.749000e+02 2.273704e-17 2.273704e-17
3.750000e+02 2.278519e-17 2.278519e-17
3.751000e+02 2.283333e-17 2.283333e-17
3.752000e+02 2.288148e-17 2.288148e-17
3.753000e+02 2.292963e-17 2.292963e-17
3.754000e+02 2.297778e-17 2.297778e-17
3.755000e+02 2.302593e-17 2.302593e-17
3.756000e+02 2.307407e-17 2.307407e-17
3.757000e+02 2.312222e-17 2.312222e-17
3.758000e+02 2.317037e-17 2.317037e-17
3.759000e+02 2.321852e-17 2.321852e-17
3.760000e+02 2.326667e-17 2.326667e-17
3.761000e+02 2.331481e-17 2.331481e-17
3.762000e+02 2.336296e-17 2.336296e-17
3.763000e+02 2.341111e-17 2.341111e-17
3.764000e+02 2.345926e-17 2.345926e-17
3.765000e+02 2.350741e-17 2.350741e-17
3.766000e+02 2.355556e-17 2.355556e-17
3.767000e+02 2.360370e-17 2.360370e-17
3.768000e+02 2.365185e-17 2.365185e-17
3.769000e+02 2.370000e-17 2.370000e-17
3.770000e+02 2.374815e-17 2.374815e-17
3.771000e+02 2.379630e-17 2.379630e-17
3.772000e+02 2.384444e-17 2.384444e-17
3.773000e+02 2.389259e-17 2.389259e-17
3.774000e+02 2.394074e-17 2.394074e-17
3.775000e+02 2.398889e-17 2.398889e-17
3.776000e+02 2.403704e-17 2.403704e-17
3.777000e+02 2.408519e-17 2.408519e-17
3.778000e+02 2.413333e-17 2.413333e-17
3.779000e+02 2.418148e-17 2.418148e-17
3.780000e+02 2.422963e-17 2.422963e-17
3.781000e+02 2.427778e-17 2.427778e-17
3.782000e+02 2.432593e-17 2.432593e-17
3.783000e+02 2.437407e-17 2.437407e-17
3.784000e+02 2.442222e-17 2.442222e-17
3.785000e+02 2.447037e-17 2.447037e-17
3.786000e+02 2.451852e-17 2.451852e-17
3.787000e+02 2.456667e-17 2.456667e-17
3.788000e+02 2.461481e-17 2.461481e-17
3.789000e+02 2.466296e-17 2.466296e-17
3.790000e+02 2.471111e-17 2.471111e-17
3.791000e+02 2.475926e-17 2.475926e-17
3.792000e+02 2.480741e-17 2.480741e-17
3.793000e+02 2.485556e-17 2.485556e-17
3.794000e+02 2.490370e-17 2.490370e-17
3.795000e+02 2.495185e-17 2.495185e-17
3.796000e+02 2.500000e-17 2.500000e-17
3.797000e+02 2.501786e-17 2.501786e-17
3.798000e+02 2.503571e-17 2.503571e-17
3.799000e+02 2.505357e-17 2.505357e-17
3.800000e+02 2.507143e-17 2.507143e-17
3.801000e+02 2.508929e-17 2.508929e-17
3.802000e+02 2.510714e-17 2.510714e-17
3.803000e+02 2.512500e-17 2.512500e-17
3.804000e+02 2.514286e-17 2.514286e-17
3.805000e+02 2.516071e-17 2.516071e-17
3.806000e+02 2.517857e-17 2.517857e-17
3.807000e+02 2.519643e-17 2.519643e-17
3.808000e+02 2.521429e-17 2.521429e-17
3.809000e+02 2.523214e-17 2.523214e-17
3.810000e+02 2.525000e-17 2.525000e-17
3.811000e+02 2.526786e-17 2.526786e-17
3.812000e+02 2.528571e-17 2.528571e-17
3.813000e+02 2.530357e-17 2.530357e-17
3.814000e+02 2.532143e-17 2.532143e-17
3.815000e+02 2.533929e-17 2.533929e-17
3.816000e+02 2.535714e-17 2.535714e-17
3.817000e+02 2.537500e-17 2.537500e-17
3.818000e+02 2.539286e-17 2.539286e-17
3.819000e+02 2.541071e-17 2.541071e-17
3.820000e+02 2.542857e-17 2.542857e-17
3.821000e+02 2.544643e-17 2.544643e-17
3.822000e+02 2.546429e-17 2.546429e-17
3.823000e+02 2.548214e-17 2.548214e-17
3.824000e+02 2.550000e-17 2.550000e-17
3.825000e+02 2.551786e-17 2.551786e-17
3.826000e+02 2.553571e-17 2.553571e-17
3.827000e+02 2.555357e-17 2.555357e-17
3.828000e+02 2.557143e-17 2.557143e-17
3.829000e+02 2.558929e-17 2.558929e-17
3.830000e+02 2.560714e-17 2.560714e-17
3.831000e+02 2.562500e-17 2.562500e-17
3.832000e+02 2.564286e-17 2.564286e-17
3.833000e+02 2.566071e-17 2.566071e-17
3.834000e+02 2.567857e-17 2.567857e-17
3.835000e+02 2.569643e-17 2.569643e-17
3.836000e+02 2.571429e-17 2.571429e-17
3.837000e+02 2.573214e-17 2.573214e-17
3.838000e+02 2.575000e-17 2.575000e-17
3.839000e+02 2.576786e-17 2.576786e-17
3.840000e+02 2.578571e-17 2.578571e-17
3.841000e+02 2.580357e-17 2.580357e-17
3.842000e+02 2.582143e-17 2.582143e-17
3.843000e+02 2.583929e-17 2.583929e-17
3.844000e+02 2.585714e-17 2.585714e-17
3.845000e+02 2.587500e-17 2.587500e-17
3.846000e+02 2.589286e-17 2.589286e-17
3.847000e+02 2.591071e-17 2.591071e-17
3.848000e+02 2.592857e-17 2.592857e-17
3.849000e+02 2.594643e-17 2.594643e-17
3.850000e+02 2.596429e-17 2.596429e-17
3.851000e+02 2.598214e-17 2.598214e-17
3.852000e+02 2.600000e-17 2.600000e-17
3.853000e+02 2.600862e-17 2.600862e-17
3.854000e+02 2.601724e-17 2.601724e-17
3.855000e+02 2.602586e-17 2.602586e-17
3.856000e+02 2.603448e-17 2.603448e-17
3.857000e+02 2.604310e-17 2.604310e-17
3.858000e+02 2.605172e-17 2.605172e-17
3.859000e+02 2.606034e-17 2.606034e-17
3.860000e+02 2.606897e-17 2.606897e-17
3.861000e+02 2.607759e-17 2.607759e-17
3.862000e+02 2.608621e-17 2.608621e-17
3.863000e+02 2.609483e-17 2.609483e-17
3.864000e+02 2.610345e-17 2.610345e-17
3.865000e+02 2.611207e-17 2.611207e-17
3.866000e+02 2.612069e-17 2.612069e-17
3.867000e+02 2.612931e-17 2.612931e-17
3.868000e+02 2.613793e-17 2.613793e-17
3.869000e+02 2.614655e-17 2.614655e-17
3.870000e+02 2.615517e-17 2.615517e-17
3.871000e+02 2.616379e-17 2.616379e-17
3.872000e+02 2.617241e-17 2.617241e-17
3.873000e+02 2.618103e-17 2.618103e-17
3.874000e+02 2.618966e-17 2.618966e-17
3.875000e+02 2.619828e-17 2.619828e-17
3.876000e+02 2.620690e-17 2.620690e-17
3.877000e+02 2.621552e-17 2.621552e-17
3.878000e+02 2.622414e-17 2.622414e-17
3.879000e+02 2.623276e-17 2.623276e-17
3.880000e+02 2.624138e-17 2.624138e-17
3.881000e+02 2.625000e-17 2.625000e-17
3.882000e+02 2.625862e-17 2.625862e-17
3.883000e+02 2.626724e-17 2.626724e-17
3.884000e+02 2.627586e-17 2.627586e-17
3.885000e+02 2.628448e-17 2.628448e-17
3.886000e+02 2.629310e-17 2.629310e-17
3.887000e+02 2.630172e-17 2.630172e-17
3.888000e+02 2.631034e-17 2.631034e-17
3.889000e+02 2.631897e-17 2.631897e-17
3.890000e+02 2.632759e-17 2.632759e-17
3.891000e+02 2.633621e-17 2.633621e-17
3.892000e+02 2.634483e-17 2.634483e-17
3.893000e+02 2.635345e-17 2.635345e-17
3.894000e+02 2.636207e-17 2.636207e-17
3.895000e+02 2.637069e-17 2.637069e-17
3.896000e+02 2.637931e-17 2.637931e-17
3.897000e+02 2.638793e-17 2.638793e-17
3.898000e+02 2.639655e-17 2.639655e-17
3.899000e+02 2.640517e-17 2.640517e-17
3.900000e+02 2.641379e-17 2.641379e-17
3.901000e+02 2.642241e-17 2.642241e-17
3.902000e+02 2.643103e-17 2.643103e-17
3.903000e+02 2.643966e-17 2.643966e-17
3.904000e+02 2.644828e-17 2.644828e-17
3.905000e+02 2.645690e-17 2.645690e-17
3.906000e+02 2.646552e-17 2.646552e-17
3.907000e+02 2.647414e-17 2.647414e-17
3.908000e+02 2.648276e-17 2.648276e-17
3.909000e+02 2.649138e-17 2.649138e-17
