# SO2 cross sections
# From the Leiden database for photodissociation and photoionization of astrophysically relevant molecules, http://home.strw.leidenuniv.nl/~ewine/photo/
# Alan Heays 2017-09-27
# references: manatt1993 10.1016/0022-4073(93)90077-U, holland1995 10.1016/0301-0104(95)00266-7, katagiri1997 10.1016/S0022-2860(97)00199-3, wu2000 10.1006/icar.1999.6322,
# no info on lines
# wavelength: (nm)
# photoabsorption   -- Photoabsorption cross section (cm2)
# photodissociation -- Photodissociation cross section (cm2)
# This version has been resampled to a uniform 0.1nm grid while maintaining a constant integrated cross section (using trapezoidal integration).
# wavelength photoabsorption photodissociation
6.984986e+01 6.317746e-17 4.570452e-20
6.994986e+01 6.299513e-17 5.924094e-19
7.004986e+01 6.281280e-17 1.139114e-18
7.014986e+01 6.263047e-17 1.395409e-18
7.024986e+01 6.244815e-17 8.487046e-19
7.034986e+01 6.228945e-17 7.620591e-19
7.044986e+01 6.152756e-17 0.000000e+00
7.264986e+01 5.574319e-17 0.000000e+00
7.274986e+01 5.510498e-17 5.274317e-20
7.284986e+01 5.494322e-17 5.938042e-20
7.294986e+01 5.476089e-17 9.721198e-20
7.304986e+01 5.457856e-17 2.257542e-19
7.314986e+01 5.439623e-17 3.842759e-19
7.324986e+01 5.421391e-17 5.427975e-19
7.334986e+01 5.407347e-17 9.423749e-19
7.344986e+01 5.393601e-17 1.359097e-18
7.354986e+01 5.380447e-17 1.731621e-18
7.364986e+01 5.371234e-17 1.809928e-18
7.374986e+01 5.362021e-17 1.888234e-18
7.384986e+01 5.352809e-17 1.966540e-18
7.394986e+01 5.343596e-17 2.044846e-18
7.404986e+01 5.334383e-17 2.123152e-18
7.414986e+01 5.319887e-17 2.337222e-18
7.424986e+01 5.284270e-17 3.169100e-18
7.434986e+01 5.277902e-17 3.944774e-18
7.444986e+01 5.285349e-17 5.136945e-18
7.454986e+01 5.278398e-17 5.896485e-18
7.464986e+01 5.252053e-17 6.478763e-18
7.474986e+01 5.240593e-17 6.849708e-18
7.484986e+01 5.235281e-17 7.442625e-18
7.494986e+01 5.235257e-17 7.964193e-18
7.504986e+01 5.242554e-17 8.614268e-18
7.514986e+01 5.235998e-17 9.004804e-18
7.524986e+01 5.204421e-17 9.121484e-18
7.534986e+01 5.186946e-17 9.182446e-18
7.544986e+01 5.195043e-17 9.449374e-18
7.554986e+01 5.214780e-17 9.709005e-18
7.564986e+01 5.236278e-17 9.705964e-18
7.574986e+01 5.153161e-17 9.093351e-18
7.584986e+01 5.109544e-17 8.519213e-18
7.594986e+01 5.150727e-17 8.401299e-18
7.604986e+01 5.208766e-17 8.340022e-18
7.614986e+01 5.257267e-17 8.340255e-18
7.624986e+01 5.084021e-17 7.361188e-18
7.634986e+01 5.011840e-17 6.897452e-18
7.644986e+01 5.099499e-17 7.046175e-18
7.654986e+01 5.112245e-17 6.659516e-18
7.664986e+01 5.176157e-17 6.422295e-18
7.674986e+01 5.065403e-17 5.991917e-18
7.684986e+01 4.850184e-17 5.139992e-18
7.694986e+01 4.996629e-17 5.334954e-18
7.704986e+01 5.044786e-17 5.307653e-18
7.714986e+01 5.038077e-17 4.652052e-18
7.724986e+01 4.973432e-17 4.044246e-18
7.734986e+01 4.846657e-17 3.714126e-18
7.744986e+01 4.875277e-17 3.785201e-18
7.754986e+01 4.946072e-17 3.995196e-18
7.764986e+01 4.894080e-17 3.050912e-18
7.774986e+01 4.784478e-17 2.287126e-18
7.784986e+01 4.668771e-17 2.166167e-18
7.794986e+01 4.859384e-17 2.592314e-18
7.804986e+01 4.952088e-17 2.857413e-18
7.814986e+01 4.830666e-17 2.516980e-18
7.824986e+01 4.631370e-17 1.710708e-18
7.834986e+01 4.654651e-17 1.116449e-18
7.844986e+01 4.807950e-17 1.562434e-18
7.854986e+01 4.794843e-17 1.962651e-18
7.864986e+01 4.734822e-17 1.750487e-18
7.874986e+01 4.682077e-17 1.090191e-18
7.884986e+01 4.658729e-17 3.125666e-19
7.894986e+01 4.696761e-17 3.880530e-19
7.904986e+01 4.701084e-17 6.513882e-19
7.914986e+01 4.550782e-17 2.924740e-19
7.924986e+01 4.371950e-17 6.462472e-21
7.934986e+01 4.368309e-17 0.000000e+00
8.054986e+01 4.196877e-17 0.000000e+00
8.064986e+01 4.415783e-17 9.487702e-20
8.074986e+01 4.481996e-17 1.641954e-19
8.084986e+01 4.377425e-17 8.619034e-20
8.094986e+01 4.384527e-17 0.000000e+00
8.104986e+01 4.541941e-17 9.095979e-20
8.114986e+01 4.868494e-17 8.428066e-19
8.124986e+01 4.923145e-17 1.134616e-18
8.134986e+01 4.807434e-17 9.755629e-19
8.144986e+01 4.686133e-17 5.892259e-19
8.154986e+01 4.739446e-17 4.468755e-19
8.164986e+01 4.955821e-17 8.845748e-19
8.174986e+01 5.215939e-17 1.609136e-18
8.184986e+01 5.190184e-17 1.507157e-18
8.194986e+01 5.039458e-17 8.852825e-19
8.204986e+01 4.889301e-17 3.523199e-19
8.214986e+01 4.927043e-17 4.526671e-19
8.224986e+01 5.154565e-17 7.908445e-19
8.234986e+01 5.354932e-17 9.418309e-19
8.244986e+01 5.367598e-17 1.010770e-18
8.254986e+01 5.020066e-17 5.238077e-19
8.264986e+01 4.794215e-17 1.336408e-19
8.274986e+01 4.829241e-17 0.000000e+00
8.284986e+01 5.044715e-17 1.925965e-19
8.294986e+01 4.999708e-17 5.299283e-19
8.304986e+01 4.672458e-17 4.952370e-19
8.314986e+01 4.499653e-17 1.089184e-19
8.324986e+01 4.432960e-17 0.000000e+00
8.504986e+01 3.774847e-17 0.000000e+00
8.514986e+01 3.807137e-17 2.221849e-21
8.524986e+01 3.798517e-17 2.590877e-20
8.534986e+01 3.702218e-17 2.438748e-20
8.544986e+01 3.657790e-17 0.000000e+00
8.554986e+01 3.682956e-17 0.000000e+00
8.564986e+01 3.683693e-17 2.983057e-21
8.574986e+01 3.672979e-17 1.418285e-19
8.584986e+01 3.635147e-17 2.810249e-19
8.594986e+01 3.573033e-17 1.546813e-19
8.604986e+01 3.584043e-17 2.390053e-20
8.614986e+01 3.632457e-17 2.600763e-20
8.624986e+01 3.621539e-17 1.074151e-19
8.634986e+01 3.565913e-17 1.477507e-19
8.644986e+01 3.524675e-17 6.421288e-20
8.654986e+01 3.516105e-17 2.924352e-21
8.664986e+01 3.569178e-17 0.000000e+00
8.674986e+01 3.658803e-17 5.488138e-21
8.684986e+01 3.736207e-17 3.193906e-20
8.694986e+01 3.706822e-17 2.400219e-20
8.704986e+01 3.628796e-17 0.000000e+00
8.804986e+01 4.106519e-17 0.000000e+00
8.814986e+01 4.145081e-17 8.957830e-22
8.824986e+01 4.208705e-17 4.794961e-20
8.834986e+01 4.279844e-17 6.111885e-20
8.844986e+01 4.292807e-17 2.087192e-20
8.854986e+01 4.263078e-17 4.409098e-20
8.864986e+01 4.289666e-17 2.470842e-19
8.874986e+01 4.338591e-17 9.129012e-19
8.884986e+01 4.343736e-17 1.346882e-18
8.894986e+01 4.449766e-17 1.723400e-18
8.904986e+01 4.616644e-17 2.215406e-18
8.914986e+01 4.581925e-17 2.263848e-18
8.924986e+01 4.530398e-17 2.338032e-18
8.934986e+01 4.572422e-17 2.928416e-18
8.944986e+01 4.627880e-17 3.737408e-18
8.954986e+01 4.637761e-17 4.183151e-18
8.964986e+01 4.645819e-17 4.548407e-18
8.974986e+01 4.696059e-17 4.977013e-18
8.984986e+01 4.772639e-17 5.641320e-18
8.994986e+01 4.788761e-17 6.045426e-18
9.004986e+01 4.821941e-17 6.673250e-18
9.014986e+01 4.884445e-17 7.440747e-18
9.024986e+01 4.904448e-17 7.977553e-18
9.034986e+01 4.850931e-17 8.199836e-18
9.044986e+01 4.823277e-17 8.367171e-18
9.054986e+01 4.845045e-17 8.929351e-18
9.064986e+01 4.891426e-17 9.586873e-18
9.074986e+01 4.953545e-17 1.043298e-17
9.084986e+01 5.030471e-17 1.138001e-17
9.094986e+01 5.083632e-17 1.223226e-17
9.104986e+01 5.055905e-17 1.263846e-17
9.114986e+01 4.961684e-17 1.247707e-17
9.124986e+01 4.876541e-17 1.252710e-17
9.134986e+01 4.879568e-17 1.302123e-17
9.144986e+01 4.952168e-17 1.385541e-17
9.154986e+01 5.052104e-17 1.487634e-17
9.164986e+01 5.137860e-17 1.581321e-17
9.174986e+01 5.145983e-17 1.645250e-17
9.184986e+01 5.061985e-17 1.644625e-17
9.194986e+01 4.933648e-17 1.606068e-17
9.204986e+01 4.861368e-17 1.605985e-17
9.214986e+01 4.875904e-17 1.654009e-17
9.224986e+01 4.943863e-17 1.732755e-17
9.234986e+01 5.056195e-17 1.836613e-17
9.244986e+01 5.134719e-17 1.923357e-17
9.254986e+01 5.103486e-17 1.951598e-17
9.264986e+01 5.022950e-17 1.915511e-17
9.274986e+01 4.941588e-17 1.858188e-17
9.284986e+01 4.907932e-17 1.849877e-17
9.294986e+01 4.914163e-17 1.911700e-17
9.304986e+01 4.948189e-17 1.992253e-17
9.314986e+01 5.003908e-17 2.063503e-17
9.324986e+01 5.047440e-17 2.132519e-17
9.334986e+01 5.022585e-17 2.132572e-17
9.344986e+01 4.997556e-17 2.087911e-17
9.354986e+01 5.042884e-17 2.076086e-17
9.364986e+01 5.056412e-17 2.109842e-17
9.374986e+01 4.958326e-17 2.151488e-17
9.384986e+01 4.891475e-17 2.190064e-17
9.394986e+01 4.949169e-17 2.243791e-17
9.404986e+01 4.974846e-17 2.269221e-17
9.414986e+01 4.948333e-17 2.280585e-17
9.424986e+01 4.960013e-17 2.279597e-17
9.434986e+01 5.018480e-17 2.291443e-17
9.444986e+01 5.098707e-17 2.356948e-17
9.454986e+01 4.992550e-17 2.372258e-17
9.464986e+01 4.812948e-17 2.352396e-17
9.474986e+01 4.783516e-17 2.345924e-17
9.484986e+01 4.859069e-17 2.365688e-17
9.494986e+01 4.851391e-17 2.388269e-17
9.504986e+01 4.826806e-17 2.418781e-17
9.514986e+01 4.924517e-17 2.490739e-17
9.524986e+01 4.963398e-17 2.522196e-17
9.534986e+01 4.837705e-17 2.472118e-17
9.544986e+01 4.608862e-17 2.392015e-17
9.554986e+01 4.682189e-17 2.440533e-17
9.564986e+01 4.791270e-17 2.490613e-17
9.574986e+01 4.766302e-17 2.476967e-17
9.584986e+01 4.663891e-17 2.456140e-17
9.594986e+01 4.719292e-17 2.508702e-17
9.604986e+01 4.723109e-17 2.501354e-17
9.614986e+01 4.613163e-17 2.442130e-17
9.624986e+01 4.511992e-17 2.429125e-17
9.634986e+01 4.543827e-17 2.472926e-17
9.644986e+01 4.641122e-17 2.528442e-17
9.654986e+01 4.610892e-17 2.498880e-17
9.664986e+01 4.506572e-17 2.433814e-17
9.674986e+01 4.493331e-17 2.446836e-17
9.684986e+01 4.513865e-17 2.471754e-17
9.694986e+01 4.434751e-17 2.424241e-17
9.704986e+01 4.376524e-17 2.393545e-17
9.714986e+01 4.343810e-17 2.409053e-17
9.724986e+01 4.347724e-17 2.435253e-17
9.734986e+01 4.371922e-17 2.440261e-17
9.744986e+01 4.319118e-17 2.418483e-17
9.754986e+01 4.282987e-17 2.410311e-17
9.764986e+01 4.280271e-17 2.399472e-17
9.774986e+01 4.275798e-17 2.395622e-17
9.784986e+01 4.229989e-17 2.385840e-17
9.794986e+01 4.178593e-17 2.363658e-17
9.804986e+01 4.198767e-17 2.379061e-17
9.814986e+01 4.251894e-17 2.425028e-17
9.824986e+01 4.199537e-17 2.427893e-17
9.834986e+01 4.069761e-17 2.383688e-17
9.844986e+01 4.029643e-17 2.368499e-17
9.854986e+01 4.035682e-17 2.379301e-17
9.864986e+01 4.065130e-17 2.399346e-17
9.874986e+01 4.071929e-17 2.410630e-17
9.884986e+01 4.001407e-17 2.411689e-17
9.894986e+01 3.986193e-17 2.437718e-17
9.904986e+01 4.080851e-17 2.515408e-17
9.914986e+01 4.117845e-17 2.582811e-17
9.924986e+01 4.008787e-17 2.601526e-17
9.934986e+01 3.907704e-17 2.574586e-17
9.944986e+01 3.956214e-17 2.599093e-17
9.954986e+01 4.003956e-17 2.693237e-17
9.964986e+01 3.956019e-17 2.737083e-17
9.974986e+01 3.904927e-17 2.709870e-17
9.984986e+01 3.949005e-17 2.719469e-17
9.994986e+01 4.019482e-17 2.783457e-17
1.000499e+02 4.036067e-17 2.867821e-17
1.001499e+02 4.003495e-17 2.899915e-17
1.002499e+02 3.985621e-17 3.093950e-17
1.003499e+02 4.014354e-17 3.933851e-17
1.004499e+02 3.992656e-17 3.967292e-17
1.005499e+02 3.948663e-17 3.924183e-17
1.006499e+02 3.904670e-17 3.881074e-17
1.007499e+02 3.860677e-17 3.837965e-17
1.008499e+02 3.816684e-17 3.794856e-17
1.009499e+02 3.772691e-17 3.751747e-17
1.010499e+02 3.728699e-17 3.708638e-17
1.011499e+02 3.684706e-17 3.665528e-17
1.012499e+02 3.640713e-17 3.622419e-17
1.013499e+02 3.596720e-17 3.579310e-17
1.014499e+02 3.552727e-17 3.536201e-17
1.015499e+02 3.508735e-17 3.493092e-17
1.016499e+02 3.464742e-17 3.449983e-17
1.017499e+02 3.420749e-17 3.406874e-17
1.018499e+02 3.376756e-17 3.363765e-17
1.019499e+02 3.332763e-17 3.320655e-17
1.020499e+02 3.288770e-17 3.277546e-17
1.021499e+02 3.244778e-17 3.234437e-17
1.022499e+02 3.200785e-17 3.191328e-17
1.023499e+02 3.156792e-17 3.148219e-17
1.024499e+02 3.112799e-17 3.105110e-17
1.025499e+02 3.068806e-17 3.062001e-17
1.026499e+02 3.024813e-17 3.018892e-17
1.027499e+02 2.980821e-17 2.975782e-17
1.028499e+02 2.936828e-17 2.932673e-17
1.029499e+02 2.892835e-17 2.889564e-17
1.030499e+02 2.848842e-17 2.846455e-17
1.031499e+02 2.804849e-17 2.803346e-17
1.032499e+02 2.760857e-17 2.760237e-17
1.033499e+02 2.722653e-17 2.722653e-17
1.034499e+02 2.698049e-17 2.698049e-17
1.035499e+02 2.673445e-17 2.673445e-17
1.036499e+02 2.648840e-17 2.648840e-17
1.037499e+02 2.624236e-17 2.624236e-17
1.038499e+02 2.599632e-17 2.599632e-17
1.039499e+02 2.575027e-17 2.575027e-17
1.040499e+02 2.550423e-17 2.550423e-17
1.041499e+02 2.525819e-17 2.525819e-17
1.042499e+02 2.501214e-17 2.501214e-17
1.043499e+02 2.476610e-17 2.476610e-17
1.044499e+02 2.452006e-17 2.452006e-17
1.045499e+02 2.427401e-17 2.427401e-17
1.046499e+02 2.402797e-17 2.402797e-17
1.047499e+02 2.378193e-17 2.378193e-17
1.048499e+02 2.353588e-17 2.353588e-17
1.049499e+02 2.328984e-17 2.328984e-17
1.050499e+02 2.304380e-17 2.304380e-17
1.051499e+02 2.279775e-17 2.279775e-17
1.052499e+02 2.255171e-17 2.255171e-17
1.053499e+02 2.230567e-17 2.230567e-17
1.054499e+02 2.205963e-17 2.205963e-17
1.055499e+02 2.181358e-17 2.181358e-17
1.056499e+02 2.156754e-17 2.156754e-17
1.057499e+02 2.132150e-17 2.132150e-17
1.058499e+02 2.107545e-17 2.107545e-17
1.059499e+02 2.082941e-17 2.082941e-17
1.060499e+02 2.058337e-17 2.058337e-17
1.061499e+02 2.051485e-17 2.051485e-17
1.062499e+02 2.051515e-17 2.051515e-17
1.063499e+02 2.020571e-17 2.020571e-17
1.064499e+02 1.951622e-17 1.951622e-17
1.065499e+02 1.829720e-17 1.829720e-17
1.066499e+02 1.668232e-17 1.668232e-17
1.067499e+02 1.559571e-17 1.559571e-17
1.068499e+02 1.539983e-17 1.539983e-17
1.069499e+02 1.580902e-17 1.580902e-17
1.070499e+02 1.707244e-17 1.707244e-17
1.071499e+02 1.940104e-17 1.940104e-17
1.072499e+02 2.093468e-17 2.093468e-17
1.073499e+02 2.060625e-17 2.060625e-17
1.074499e+02 2.003036e-17 2.003036e-17
1.075499e+02 1.981025e-17 1.981025e-17
1.076499e+02 1.958538e-17 1.958538e-17
1.077499e+02 1.892148e-17 1.892148e-17
1.078499e+02 1.599173e-17 1.599173e-17
1.079499e+02 1.365479e-17 1.365479e-17
1.080499e+02 1.385964e-17 1.385964e-17
1.081499e+02 1.390524e-17 1.390524e-17
1.082499e+02 1.352084e-17 1.352084e-17
1.083499e+02 1.301059e-17 1.301059e-17
1.084499e+02 1.399664e-17 1.399664e-17
1.085499e+02 1.552409e-17 1.552409e-17
1.086499e+02 1.562563e-17 1.562563e-17
1.087499e+02 1.498616e-17 1.498616e-17
1.088499e+02 1.455006e-17 1.455006e-17
1.089499e+02 1.466961e-17 1.466961e-17
1.090499e+02 1.493964e-17 1.493964e-17
1.091499e+02 1.493538e-17 1.493538e-17
1.092499e+02 1.444599e-17 1.444599e-17
1.093499e+02 1.367118e-17 1.367118e-17
1.094499e+02 1.282619e-17 1.282619e-17
1.095499e+02 1.237008e-17 1.237008e-17
1.096499e+02 1.330230e-17 1.330230e-17
1.097499e+02 1.457913e-17 1.457913e-17
1.098499e+02 1.449611e-17 1.449611e-17
1.099499e+02 1.376095e-17 1.376095e-17
1.100499e+02 1.339008e-17 1.339008e-17
1.101499e+02 1.370403e-17 1.370403e-17
1.102499e+02 1.651308e-17 1.651308e-17
1.103499e+02 1.961325e-17 1.961325e-17
1.104499e+02 1.984611e-17 1.984611e-17
1.105499e+02 1.883672e-17 1.883672e-17
1.106499e+02 1.778622e-17 1.778622e-17
1.107499e+02 1.711566e-17 1.711566e-17
1.108499e+02 1.704952e-17 1.704952e-17
1.109499e+02 1.779339e-17 1.779339e-17
1.110499e+02 1.997051e-17 1.997051e-17
1.111499e+02 2.318549e-17 2.318549e-17
1.112499e+02 2.804589e-17 2.804589e-17
1.113499e+02 3.376311e-17 3.376311e-17
1.114499e+02 3.493364e-17 3.493364e-17
1.115499e+02 3.269762e-17 3.269762e-17
1.116499e+02 3.123148e-17 3.123148e-17
1.117499e+02 3.221574e-17 3.221574e-17
1.118499e+02 3.587899e-17 3.587899e-17
1.119499e+02 3.759622e-17 3.759622e-17
1.120499e+02 3.496616e-17 3.496616e-17
1.121499e+02 3.048140e-17 3.048140e-17
1.122499e+02 2.765151e-17 2.765151e-17
1.123499e+02 2.787784e-17 2.787784e-17
1.124499e+02 3.084883e-17 3.084883e-17
1.125499e+02 3.546824e-17 3.546824e-17
1.126499e+02 3.887224e-17 3.887224e-17
1.127499e+02 4.060291e-17 4.060291e-17
1.128499e+02 4.171398e-17 4.171398e-17
1.129499e+02 4.243401e-17 4.243401e-17
1.130499e+02 4.427084e-17 4.427084e-17
1.131499e+02 3.834083e-17 3.834083e-17
1.132499e+02 2.586408e-17 2.586408e-17
1.133499e+02 1.923445e-17 1.923445e-17
1.134499e+02 1.692700e-17 1.692700e-17
1.135499e+02 1.613521e-17 1.613521e-17
1.136499e+02 1.667826e-17 1.667826e-17
1.137499e+02 1.843681e-17 1.843681e-17
1.138499e+02 2.081154e-17 2.081154e-17
1.139499e+02 2.363056e-17 2.363056e-17
1.140499e+02 2.603272e-17 2.603272e-17
1.141499e+02 2.699958e-17 2.699958e-17
1.142499e+02 2.635723e-17 2.635723e-17
1.143499e+02 2.666689e-17 2.666689e-17
1.144499e+02 2.786975e-17 2.786975e-17
1.145499e+02 2.562655e-17 2.562655e-17
1.146499e+02 2.089669e-17 2.089669e-17
1.147499e+02 1.436162e-17 1.436162e-17
1.148499e+02 1.026980e-17 1.026980e-17
1.149499e+02 1.104801e-17 1.104801e-17
1.150499e+02 1.197440e-17 1.197440e-17
1.151499e+02 1.086622e-17 1.086622e-17
1.152499e+02 9.051358e-18 9.051358e-18
1.153499e+02 8.300243e-18 8.300243e-18
1.154499e+02 7.894392e-18 7.894392e-18
1.155499e+02 7.727076e-18 7.727076e-18
1.156499e+02 7.739389e-18 7.739389e-18
1.157499e+02 7.840328e-18 7.840328e-18
1.158499e+02 7.975294e-18 7.975294e-18
1.159499e+02 8.123291e-18 8.123291e-18
1.160499e+02 8.281765e-18 8.281765e-18
1.161499e+02 8.471205e-18 8.471205e-18
1.162499e+02 8.690681e-18 8.690681e-18
1.163499e+02 8.814972e-18 8.814972e-18
1.164499e+02 8.805056e-18 8.805056e-18
1.165499e+02 8.764557e-18 8.764557e-18
1.166499e+02 8.862168e-18 8.862168e-18
1.167499e+02 9.268194e-18 9.268194e-18
1.168499e+02 9.592401e-18 9.592401e-18
1.169499e+02 9.325848e-18 9.325848e-18
1.170499e+02 8.831535e-18 8.831535e-18
1.171499e+02 8.577176e-18 8.577176e-18
1.172499e+02 8.447686e-18 8.447686e-18
1.173499e+02 8.297235e-18 8.297235e-18
1.174499e+02 8.094333e-18 8.094333e-18
1.175499e+02 7.960042e-18 7.960042e-18
1.176499e+02 8.005829e-18 8.005829e-18
1.177499e+02 8.197135e-18 8.197135e-18
1.178499e+02 8.745328e-18 8.745328e-18
1.179499e+02 9.451196e-18 9.451196e-18
1.180499e+02 9.958883e-18 9.958883e-18
1.181499e+02 1.040437e-17 1.040437e-17
1.182499e+02 1.080950e-17 1.080950e-17
1.183499e+02 1.109969e-17 1.109969e-17
1.184499e+02 1.133964e-17 1.133964e-17
1.185499e+02 1.162457e-17 1.162457e-17
1.186499e+02 1.193457e-17 1.193457e-17
1.187499e+02 1.225952e-17 1.225952e-17
1.188499e+02 1.264938e-17 1.264938e-17
1.189499e+02 1.320905e-17 1.320905e-17
1.190499e+02 1.405857e-17 1.405857e-17
1.191499e+02 1.512345e-17 1.512345e-17
1.192499e+02 1.627832e-17 1.627832e-17
1.193499e+02 1.752319e-17 1.752319e-17
1.194499e+02 1.855891e-17 1.855891e-17
1.195499e+02 1.912950e-17 1.912950e-17
1.196499e+02 1.952938e-17 1.952938e-17
1.197499e+02 2.018877e-17 2.018877e-17
1.198499e+02 2.160726e-17 2.160726e-17
1.199499e+02 2.336782e-17 2.336782e-17
1.200499e+02 2.481812e-17 2.481812e-17
1.201499e+02 2.602849e-17 2.602849e-17
1.202499e+02 2.721319e-17 2.721319e-17
1.203499e+02 2.829378e-17 2.829378e-17
1.204499e+02 2.916378e-17 2.916378e-17
1.205499e+02 2.998891e-17 2.998891e-17
1.206499e+02 3.073899e-17 3.073899e-17
1.207499e+02 3.139417e-17 3.139417e-17
1.208499e+02 3.196922e-17 3.196922e-17
1.209499e+02 3.299291e-17 3.299291e-17
1.210499e+02 3.476712e-17 3.476712e-17
1.211499e+02 3.748028e-17 3.748028e-17
1.212499e+02 3.934950e-17 3.934950e-17
1.213499e+02 3.850288e-17 3.850288e-17
1.214499e+02 3.711599e-17 3.711599e-17
1.215499e+02 3.816107e-17 3.816107e-17
1.216499e+02 4.077661e-17 4.077661e-17
1.217499e+02 4.182546e-17 4.182546e-17
1.218499e+02 4.052319e-17 4.052319e-17
1.219499e+02 3.898611e-17 3.898611e-17
1.220499e+02 3.891409e-17 3.891409e-17
1.221499e+02 3.952919e-17 3.952919e-17
1.222499e+02 3.992969e-17 3.992969e-17
1.223499e+02 4.004000e-17 4.004000e-17
1.224499e+02 4.004000e-17 4.004000e-17
1.225499e+02 4.007989e-17 4.007989e-17
1.226499e+02 4.020975e-17 4.020975e-17
1.227499e+02 4.042964e-17 4.042964e-17
1.228499e+02 4.089905e-17 4.089905e-17
1.229499e+02 4.189317e-17 4.189317e-17
1.230499e+02 4.334776e-17 4.334776e-17
1.231499e+02 4.626406e-17 4.626406e-17
1.232499e+02 5.092289e-17 5.092289e-17
1.233499e+02 5.430765e-17 5.430765e-17
1.234499e+02 5.567353e-17 5.567353e-17
1.235499e+02 5.707754e-17 5.707754e-17
1.236499e+02 5.891731e-17 5.891731e-17
1.237499e+02 6.108661e-17 6.108661e-17
1.238499e+02 6.418969e-17 6.418969e-17
1.239499e+02 6.913645e-17 6.913645e-17
1.240499e+02 7.406975e-17 7.406975e-17
1.241499e+02 7.457885e-17 7.457885e-17
1.242499e+02 7.310028e-17 7.310028e-17
1.243499e+02 7.653009e-17 7.653009e-17
1.244499e+02 8.756399e-17 8.756399e-17
1.245499e+02 9.509000e-17 9.509000e-17
1.246499e+02 9.262193e-17 9.262193e-17
1.247499e+02 8.909793e-17 8.909793e-17
1.248499e+02 8.847381e-17 8.847381e-17
1.249499e+02 9.381121e-17 9.381121e-17
1.250499e+02 1.054562e-16 1.054562e-16
1.251499e+02 1.173854e-16 1.173854e-16
1.252499e+02 1.230487e-16 1.230487e-16
1.253499e+02 1.158216e-16 1.158216e-16
1.254499e+02 1.010897e-16 1.010897e-16
1.255499e+02 9.250930e-17 9.250930e-17
1.256499e+02 9.162317e-17 9.162317e-17
1.257499e+02 9.559569e-17 9.559569e-17
1.258499e+02 1.003111e-16 1.003111e-16
1.259499e+02 1.016501e-16 1.016501e-16
1.260499e+02 1.008521e-16 1.008521e-16
1.261499e+02 9.817042e-17 9.817042e-17
1.262499e+02 9.528765e-17 9.528765e-17
1.263499e+02 9.412560e-17 9.412560e-17
1.264499e+02 9.352608e-17 9.352608e-17
1.265499e+02 9.185361e-17 9.185361e-17
1.266499e+02 8.876504e-17 8.876504e-17
1.267499e+02 8.447697e-17 8.447697e-17
1.268499e+02 7.909311e-17 7.909311e-17
1.269499e+02 7.433022e-17 7.433022e-17
1.270499e+02 7.150767e-17 7.150767e-17
1.271499e+02 6.881487e-17 6.881487e-17
1.272499e+02 6.292663e-17 6.292663e-17
1.273499e+02 5.651630e-17 5.651630e-17
1.274499e+02 5.257473e-17 5.257473e-17
1.275499e+02 4.875098e-17 4.875098e-17
1.276499e+02 4.465549e-17 4.465549e-17
1.277499e+02 4.067566e-17 4.067566e-17
1.278499e+02 3.723896e-17 3.723896e-17
1.279499e+02 3.495244e-17 3.495244e-17
1.280499e+02 3.345176e-17 3.345176e-17
1.281499e+02 3.212695e-17 3.212695e-17
1.282499e+02 3.007879e-17 3.007879e-17
1.283499e+02 2.748846e-17 2.748846e-17
1.284499e+02 2.553700e-17 2.553700e-17
1.285499e+02 2.429647e-17 2.429647e-17
1.286499e+02 2.336613e-17 2.336613e-17
1.287499e+02 2.236667e-17 2.236667e-17
1.288499e+02 2.116669e-17 2.116669e-17
1.289499e+02 1.996667e-17 1.996667e-17
1.290499e+02 1.884647e-17 1.884647e-17
1.291499e+02 1.785132e-17 1.785132e-17
1.292499e+02 1.689137e-17 1.689137e-17
1.293499e+02 1.620056e-17 1.620056e-17
1.294499e+02 1.591025e-17 1.591025e-17
1.295499e+02 1.566543e-17 1.566543e-17
1.296499e+02 1.520087e-17 1.520087e-17
1.297499e+02 1.466064e-17 1.466064e-17
1.298499e+02 1.421560e-17 1.421560e-17
1.299499e+02 1.367591e-17 1.367591e-17
1.300499e+02 1.288132e-17 1.288132e-17
1.301499e+02 1.199616e-17 1.199616e-17
1.302499e+02 1.118611e-17 1.118611e-17
1.303499e+02 1.074513e-17 1.074513e-17
1.304499e+02 1.106896e-17 1.106896e-17
1.305499e+02 1.200342e-17 1.200342e-17
1.306499e+02 1.288910e-17 1.288910e-17
1.307499e+02 1.276126e-17 1.276126e-17
1.308499e+02 1.223521e-17 1.223521e-17
1.309499e+02 1.237938e-17 1.237938e-17
1.310499e+02 1.300387e-17 1.300387e-17
1.311499e+02 1.427756e-17 1.427756e-17
1.312499e+02 1.540429e-17 1.540429e-17
1.313499e+02 1.463787e-17 1.463787e-17
1.314499e+02 1.300669e-17 1.300669e-17
1.315499e+02 1.232521e-17 1.232521e-17
1.316499e+02 1.295303e-17 1.295303e-17
1.317499e+02 1.397412e-17 1.397412e-17
1.318499e+02 1.300361e-17 1.300361e-17
1.319499e+02 1.074521e-17 1.074521e-17
1.320499e+02 9.976933e-18 9.976933e-18
1.321499e+02 1.057389e-17 1.057389e-17
1.322499e+02 1.147359e-17 1.147359e-17
1.323499e+02 1.206476e-17 1.206476e-17
1.324499e+02 1.070805e-17 1.070805e-17
1.325499e+02 8.725994e-18 8.725994e-18
1.326499e+02 7.939207e-18 7.939207e-18
1.327499e+02 8.360606e-18 8.360606e-18
1.328499e+02 1.026605e-17 1.026605e-17
1.329499e+02 1.142022e-17 1.142022e-17
1.330499e+02 1.070179e-17 1.070179e-17
1.331499e+02 8.937153e-18 8.937153e-18
1.332499e+02 7.297434e-18 7.297434e-18
1.333499e+02 6.761064e-18 6.761064e-18
1.334499e+02 7.473435e-18 7.473435e-18
1.335499e+02 8.863174e-18 8.863174e-18
1.336499e+02 9.787740e-18 9.787740e-18
1.337499e+02 8.991002e-18 8.991002e-18
1.338499e+02 7.229428e-18 7.229428e-18
1.339499e+02 5.746226e-18 5.746226e-18
1.340499e+02 4.620921e-18 4.620921e-18
1.341499e+02 3.935000e-18 3.935000e-18
1.342499e+02 3.416451e-18 3.416451e-18
1.343499e+02 3.343252e-18 3.343252e-18
1.344499e+02 3.627451e-18 3.627451e-18
1.345499e+02 4.096236e-18 4.096236e-18
1.346499e+02 4.446784e-18 4.446784e-18
1.347499e+02 4.325557e-18 4.325557e-18
1.348499e+02 3.919081e-18 3.919081e-18
1.349499e+02 3.540479e-18 3.540479e-18
1.350499e+02 3.256815e-18 3.256815e-18
1.351499e+02 3.112090e-18 3.112090e-18
1.352499e+02 3.080000e-18 3.080000e-18
1.353499e+02 3.090471e-18 3.090471e-18
1.354499e+02 3.118950e-18 3.118950e-18
1.355499e+02 3.162429e-18 3.162429e-18
1.356499e+02 3.213927e-18 3.213927e-18
1.357499e+02 3.250969e-18 3.250969e-18
1.358499e+02 3.247042e-18 3.247042e-18
1.359499e+02 3.206571e-18 3.206571e-18
1.360499e+02 3.152081e-18 3.152081e-18
1.361499e+02 3.101560e-18 3.101560e-18
1.362499e+02 3.108420e-18 3.108420e-18
1.363499e+02 3.137000e-18 3.137000e-18
1.364499e+02 3.115560e-18 3.115560e-18
1.365499e+02 3.133389e-18 3.133389e-18
1.366499e+02 3.130120e-18 3.130120e-18
1.367499e+02 3.024675e-18 3.024675e-18
1.368499e+02 2.962000e-18 2.962000e-18
1.369499e+02 3.093132e-18 3.093132e-18
1.370499e+02 3.277852e-18 3.277852e-18
1.371499e+02 3.323022e-18 3.323022e-18
1.372499e+02 3.281095e-18 3.281095e-18
1.373499e+02 3.228552e-18 3.228552e-18
1.374499e+02 3.206510e-18 3.206510e-18
1.375499e+02 3.217459e-18 3.217459e-18
1.376499e+02 3.254437e-18 3.254437e-18
1.377499e+02 3.318882e-18 3.318882e-18
1.378499e+02 3.424322e-18 3.424322e-18
1.379499e+02 3.519910e-18 3.519910e-18
1.380499e+02 3.540034e-18 3.540034e-18
1.381499e+02 3.512045e-18 3.512045e-18
1.382499e+02 3.488022e-18 3.488022e-18
1.383499e+02 3.472022e-18 3.472022e-18
1.384499e+02 3.467989e-18 3.467989e-18
1.385499e+02 3.479978e-18 3.479978e-18
1.386499e+02 3.503955e-18 3.503955e-18
1.387499e+02 3.535955e-18 3.535955e-18
1.388499e+02 3.564465e-18 3.564465e-18
1.389499e+02 3.614395e-18 3.614395e-18
1.390499e+02 3.681417e-18 3.681417e-18
1.391499e+02 3.736927e-18 3.736927e-18
1.392499e+02 3.793415e-18 3.793415e-18
1.393499e+02 3.837462e-18 3.837462e-18
1.394499e+02 3.811611e-18 3.811611e-18
1.395499e+02 3.720644e-18 3.720644e-18
1.396499e+02 3.598697e-18 3.598697e-18
1.397499e+02 3.484123e-18 3.484123e-18
1.398499e+02 3.440000e-18 3.440000e-18
1.399499e+02 3.463933e-18 3.463933e-18
1.400499e+02 3.503955e-18 3.503955e-18
1.401499e+02 3.527978e-18 3.527978e-18
1.402499e+02 3.543978e-18 3.543978e-18
1.403499e+02 3.564465e-18 3.564465e-18
1.404499e+02 3.589465e-18 3.589465e-18
1.405499e+02 3.609978e-18 3.609978e-18
1.406499e+02 3.626476e-18 3.626476e-18
1.407499e+02 3.647465e-18 3.647465e-18
1.408499e+02 3.676952e-18 3.676952e-18
1.409499e+02 3.719927e-18 3.719927e-18
1.410499e+02 3.749989e-18 3.749989e-18
1.411499e+02 3.737048e-18 3.737048e-18
1.412499e+02 3.711524e-18 3.711524e-18
1.413499e+02 3.703000e-18 3.703000e-18
1.414499e+02 3.719952e-18 3.719952e-18
1.415499e+02 3.758440e-18 3.758440e-18
1.416499e+02 3.819389e-18 3.819389e-18
1.417499e+02 3.931297e-18 3.931297e-18
1.418499e+02 4.142112e-18 4.142112e-18
1.419499e+02 4.281000e-18 4.281000e-18
1.420499e+02 4.203717e-18 4.203717e-18
1.421499e+02 4.139961e-18 4.139961e-18
1.422499e+02 4.182919e-18 4.182919e-18
1.423499e+02 4.154661e-18 4.154661e-18
1.424499e+02 3.991795e-18 3.991795e-18
1.425499e+02 3.820185e-18 3.820185e-18
1.426499e+02 3.737048e-18 3.737048e-18
1.427499e+02 3.720000e-18 3.720000e-18
1.428499e+02 3.745927e-18 3.745927e-18
1.429499e+02 3.846790e-18 3.846790e-18
1.430499e+02 4.009255e-18 4.009255e-18
1.431499e+02 4.074064e-18 4.074064e-18
1.432499e+02 4.027566e-18 4.027566e-18
1.433499e+02 4.122168e-18 4.122168e-18
1.434499e+02 4.241000e-18 4.241000e-18
1.435499e+02 4.178675e-18 4.178675e-18
1.436499e+02 4.037221e-18 4.037221e-18
1.437499e+02 3.886700e-18 3.886700e-18
1.438499e+02 3.776109e-18 3.776109e-18
1.439499e+02 3.737000e-18 3.737000e-18
1.440499e+02 3.802317e-18 3.802317e-18
1.441499e+02 3.973205e-18 3.973205e-18
1.442499e+02 4.199163e-18 4.199163e-18
1.443499e+02 4.447642e-18 4.447642e-18
1.444499e+02 4.602426e-18 4.602426e-18
1.445499e+02 4.666894e-18 4.666894e-18
1.446499e+02 4.748378e-18 4.748378e-18
1.447499e+02 4.689787e-18 4.689787e-18
1.448499e+02 4.400025e-18 4.400025e-18
1.449499e+02 4.094829e-18 4.094829e-18
1.450499e+02 3.936115e-18 3.936115e-18
1.451499e+02 3.917437e-18 3.917437e-18
1.452499e+02 4.046700e-18 4.046700e-18
1.453499e+02 4.353939e-18 4.353939e-18
1.454499e+02 4.717544e-18 4.717544e-18
1.455499e+02 4.943325e-18 4.943325e-18
1.456499e+02 4.966112e-18 4.966112e-18
1.457499e+02 4.875641e-18 4.875641e-18
1.458499e+02 4.825000e-18 4.825000e-18
1.459499e+02 4.781123e-18 4.781123e-18
1.460499e+02 4.683151e-18 4.683151e-18
1.461499e+02 4.602574e-18 4.602574e-18
1.462499e+02 4.555059e-18 4.555059e-18
1.463499e+02 4.529014e-18 4.529014e-18
1.464499e+02 4.539457e-18 4.539457e-18
1.465499e+02 4.581426e-18 4.581426e-18
1.466499e+02 4.650880e-18 4.650880e-18
1.467499e+02 4.737378e-18 4.737378e-18
1.468499e+02 4.853297e-18 4.853297e-18
1.469499e+02 5.036191e-18 5.036191e-18
1.470499e+02 5.274143e-18 5.274143e-18
1.471499e+02 5.445378e-18 5.445378e-18
1.472499e+02 5.476535e-18 5.476535e-18
1.473499e+02 5.383725e-18 5.383725e-18
1.474499e+02 5.172367e-18 5.172367e-18
1.475499e+02 4.927818e-18 4.927818e-18
1.476499e+02 4.732728e-18 4.732728e-18
1.477499e+02 4.624076e-18 4.624076e-18
1.478499e+02 4.607969e-18 4.607969e-18
1.479499e+02 4.705258e-18 4.705258e-18
1.480499e+02 4.986454e-18 4.986454e-18
1.481499e+02 5.379944e-18 5.379944e-18
1.482499e+02 5.784423e-18 5.784423e-18
1.483499e+02 6.046843e-18 6.046843e-18
1.484499e+02 6.075078e-18 6.075078e-18
1.485499e+02 5.877975e-18 5.877975e-18
1.486499e+02 5.524515e-18 5.524515e-18
1.487499e+02 5.190919e-18 5.190919e-18
1.488499e+02 4.922333e-18 4.922333e-18
1.489499e+02 4.727213e-18 4.727213e-18
1.490499e+02 4.629560e-18 4.629560e-18
1.491499e+02 4.639910e-18 4.639910e-18
1.492499e+02 4.753770e-18 4.753770e-18
1.493499e+02 4.973115e-18 4.973115e-18
1.494499e+02 5.382737e-18 5.382737e-18
1.495499e+02 5.864913e-18 5.864913e-18
1.496499e+02 6.195661e-18 6.195661e-18
1.497499e+02 6.317000e-18 6.317000e-18
1.498499e+02 6.245202e-18 6.245202e-18
1.499499e+02 6.007465e-18 6.007465e-18
1.500499e+02 5.665493e-18 5.665493e-18
1.501499e+02 5.371829e-18 5.371829e-18
1.502499e+02 5.165249e-18 5.165249e-18
1.503499e+02 5.024146e-18 5.024146e-18
1.504499e+02 4.949064e-18 4.949064e-18
1.505499e+02 4.948936e-18 4.948936e-18
1.506499e+02 5.017871e-18 5.017871e-18
1.507499e+02 5.164717e-18 5.164717e-18
1.508499e+02 5.396135e-18 5.396135e-18
1.509499e+02 5.670597e-18 5.670597e-18
1.510499e+02 5.902754e-18 5.902754e-18
1.511499e+02 5.991000e-18 5.991000e-18
1.512499e+02 5.811005e-18 5.811005e-18
1.513499e+02 5.566179e-18 5.566179e-18
1.514499e+02 5.452140e-18 5.452140e-18
1.515499e+02 5.322224e-18 5.322224e-18
1.516499e+02 5.095910e-18 5.095910e-18
1.517499e+02 4.773493e-18 4.773493e-18
1.518499e+02 4.424484e-18 4.424484e-18
1.519499e+02 4.095935e-18 4.095935e-18
1.520499e+02 3.882162e-18 3.882162e-18
1.521499e+02 3.841451e-18 3.841451e-18
1.522499e+02 4.044978e-18 4.044978e-18
1.523499e+02 4.456869e-18 4.456869e-18
1.524499e+02 4.925818e-18 4.925818e-18
1.525499e+02 5.379911e-18 5.379911e-18
1.526499e+02 5.649336e-18 5.649336e-18
1.527499e+02 5.649664e-18 5.649664e-18
1.528499e+02 5.340204e-18 5.340204e-18
1.529499e+02 4.801804e-18 4.801804e-18
1.530499e+02 4.269187e-18 4.269187e-18
1.531499e+02 3.863448e-18 3.863448e-18
1.532499e+02 3.583835e-18 3.583835e-18
1.533499e+02 3.409154e-18 3.409154e-18
1.534499e+02 3.354000e-18 3.354000e-18
1.535499e+02 3.424801e-18 3.424801e-18
1.536499e+02 3.740314e-18 3.740314e-18
1.537499e+02 4.264717e-18 4.264717e-18
1.538499e+02 4.862608e-18 4.862608e-18
1.539499e+02 5.385927e-18 5.385927e-18
1.540499e+02 5.534160e-18 5.534160e-18
1.541499e+02 5.271078e-18 5.271078e-18
1.542499e+02 4.763843e-18 4.763843e-18
1.543499e+02 4.206218e-18 4.206218e-18
1.544499e+02 3.715157e-18 3.715157e-18
1.545499e+02 3.312470e-18 3.312470e-18
1.546499e+02 3.049765e-18 3.049765e-18
1.547499e+02 2.888686e-18 2.888686e-18
1.548499e+02 2.809036e-18 2.809036e-18
1.549499e+02 2.858325e-18 2.858325e-18
1.550499e+02 3.072574e-18 3.072574e-18
1.551499e+02 3.396518e-18 3.396518e-18
1.552499e+02 3.762955e-18 3.762955e-18
1.553499e+02 4.188852e-18 4.188852e-18
1.554499e+02 4.584042e-18 4.584042e-18
1.555499e+02 4.600414e-18 4.600414e-18
1.556499e+02 4.183255e-18 4.183255e-18
1.557499e+02 3.677162e-18 3.677162e-18
1.558499e+02 3.236073e-18 3.236073e-18
1.559499e+02 2.869454e-18 2.869454e-18
1.560499e+02 2.588333e-18 2.588333e-18
1.561499e+02 2.389224e-18 2.389224e-18
1.562499e+02 2.288059e-18 2.288059e-18
1.563499e+02 2.280462e-18 2.280462e-18
1.564499e+02 2.322919e-18 2.322919e-18
1.565499e+02 2.430280e-18 2.430280e-18
1.566499e+02 2.623678e-18 2.623678e-18
1.567499e+02 2.867140e-18 2.867140e-18
1.568499e+02 3.132616e-18 3.132616e-18
1.569499e+02 3.330829e-18 3.330829e-18
1.570499e+02 3.361585e-18 3.361585e-18
1.571499e+02 3.163969e-18 3.163969e-18
1.572499e+02 2.761658e-18 2.761658e-18
1.573499e+02 2.336033e-18 2.336033e-18
1.574499e+02 2.055751e-18 2.055751e-18
1.575499e+02 1.906667e-18 1.906667e-18
1.576499e+02 1.816087e-18 1.816087e-18
1.577499e+02 1.782507e-18 1.782507e-18
1.578499e+02 1.796952e-18 1.796952e-18
1.579499e+02 1.860868e-18 1.860868e-18
1.580499e+02 1.952874e-18 1.952874e-18
1.581499e+02 2.047361e-18 2.047361e-18
1.582499e+02 2.113952e-18 2.113952e-18
1.583499e+02 2.128507e-18 2.128507e-18
1.584499e+02 2.097081e-18 2.097081e-18
1.585499e+02 2.037585e-18 2.037585e-18
1.586499e+02 1.966115e-18 1.966115e-18
1.587499e+02 1.859185e-18 1.859185e-18
1.588499e+02 1.733168e-18 1.733168e-18
1.589499e+02 1.615661e-18 1.615661e-18
1.590499e+02 1.506146e-18 1.506146e-18
1.591499e+02 1.410123e-18 1.410123e-18
1.592499e+02 1.337081e-18 1.337081e-18
1.593499e+02 1.291546e-18 1.291546e-18
1.594499e+02 1.275000e-18 1.275000e-18
1.595499e+02 1.286966e-18 1.286966e-18
1.596499e+02 1.310966e-18 1.310966e-18
1.597499e+02 1.328983e-18 1.328983e-18
1.598499e+02 1.335000e-18 1.335000e-18
1.599499e+02 1.321538e-18 1.321538e-18
1.600499e+02 1.288555e-18 1.288555e-18
1.601499e+02 1.243571e-18 1.243571e-18
1.602499e+02 1.189081e-18 1.189081e-18
1.603499e+02 1.130084e-18 1.130084e-18
1.604499e+02 1.065098e-18 1.065098e-18
1.605499e+02 1.007563e-18 1.007563e-18
1.606499e+02 9.629619e-19 9.629619e-19
1.607499e+02 9.248947e-19 9.248947e-19
1.608499e+02 8.975818e-19 8.975818e-19
1.609499e+02 8.771255e-19 8.771255e-19
1.610499e+02 8.640112e-19 8.640112e-19
1.611499e+02 8.639888e-19 8.639888e-19
1.612499e+02 8.719888e-19 8.719888e-19
1.613499e+02 8.760000e-19 8.760000e-19
1.614499e+02 8.710140e-19 8.710140e-19
1.615499e+02 8.551804e-19 8.551804e-19
1.616499e+02 8.290927e-19 8.290927e-19
1.617499e+02 7.991412e-19 7.991412e-19
1.618499e+02 7.693921e-19 7.693921e-19
1.619499e+02 7.398406e-19 7.398406e-19
1.620499e+02 7.114389e-19 7.114389e-19
1.621499e+02 6.848854e-19 6.848854e-19
1.622499e+02 6.593361e-19 6.593361e-19
1.623499e+02 6.318907e-19 6.318907e-19
1.624499e+02 6.034389e-19 6.034389e-19
1.625499e+02 5.808742e-19 5.808742e-19
1.626499e+02 5.682611e-19 5.682611e-19
1.627499e+02 5.604608e-19 5.604608e-19
1.628499e+02 5.521625e-19 5.521625e-19
1.629499e+02 5.414675e-19 5.414675e-19
1.630499e+02 5.285188e-19 5.285188e-19
1.631499e+02 5.153182e-19 5.153182e-19
1.632499e+02 5.024179e-19 5.024179e-19
1.633499e+02 4.898174e-19 4.898174e-19
1.634499e+02 4.770683e-19 4.770683e-19
1.635499e+02 4.609767e-19 4.609767e-19
1.636499e+02 4.402812e-19 4.402812e-19
1.637499e+02 4.251611e-19 4.251611e-19
1.638499e+02 4.193053e-19 4.193053e-19
1.639499e+02 4.145081e-19 4.145081e-19
1.640499e+02 4.051182e-19 4.051182e-19
1.641499e+02 3.909714e-19 3.909714e-19
1.642499e+02 3.759706e-19 3.759706e-19
1.643499e+02 3.652095e-19 3.652095e-19
1.644499e+02 3.601546e-19 3.601546e-19
1.645499e+02 3.581011e-19 3.581011e-19
1.646499e+02 3.589465e-19 3.589465e-19
1.647499e+02 3.635406e-19 3.635406e-19
1.648499e+02 3.702905e-19 3.702905e-19
1.649499e+02 3.762927e-19 3.762927e-19
1.650499e+02 3.771549e-19 3.771549e-19
1.651499e+02 3.669737e-19 3.669737e-19
1.652499e+02 3.504725e-19 3.504725e-19
1.653499e+02 3.347216e-19 3.347216e-19
1.654499e+02 3.218146e-19 3.218146e-19
1.655499e+02 3.151541e-19 3.151541e-19
1.656499e+02 3.147969e-19 3.147969e-19
1.657499e+02 3.184429e-19 3.184429e-19
1.658499e+02 3.254874e-19 3.254874e-19
1.659499e+02 3.307479e-19 3.307479e-19
1.660499e+02 3.288574e-19 3.288574e-19
1.661499e+02 3.210644e-19 3.210644e-19
1.662499e+02 3.102160e-19 3.102160e-19
1.663499e+02 2.993146e-19 2.993146e-19
1.664499e+02 2.894630e-19 2.894630e-19
1.665499e+02 2.828555e-19 2.828555e-19
1.666499e+02 2.821964e-19 2.821964e-19
1.667499e+02 2.881370e-19 2.881370e-19
1.668499e+02 3.000297e-19 3.000297e-19
1.669499e+02 3.163745e-19 3.163745e-19
1.670499e+02 3.319818e-19 3.319818e-19
1.671499e+02 3.436356e-19 3.436356e-19
1.672499e+02 3.488000e-19 3.488000e-19
1.673499e+02 3.440134e-19 3.440134e-19
1.674499e+02 3.316213e-19 3.316213e-19
1.675499e+02 3.174185e-19 3.174185e-19
1.676499e+02 3.094039e-19 3.094039e-19
1.677499e+02 3.108420e-19 3.108420e-19
1.678499e+02 3.284087e-19 3.284087e-19
1.679499e+02 3.636426e-19 3.636426e-19
1.680499e+02 3.842000e-19 3.842000e-19
1.681499e+02 3.798123e-19 3.798123e-19
1.682499e+02 3.758487e-19 3.758487e-19
1.683499e+02 3.837790e-19 3.837790e-19
1.684499e+02 3.913000e-19 3.913000e-19
1.685499e+02 3.799818e-19 3.799818e-19
1.686499e+02 3.527944e-19 3.527944e-19
1.687499e+02 3.365011e-19 3.365011e-19
1.688499e+02 3.440277e-19 3.440277e-19
1.689499e+02 3.756835e-19 3.756835e-19
1.690499e+02 4.263745e-19 4.263745e-19
1.691499e+02 4.696045e-19 4.696045e-19
1.692499e+02 4.798171e-19 4.798171e-19
1.693499e+02 4.554014e-19 4.554014e-19
1.694499e+02 4.178538e-19 4.178538e-19
1.695499e+02 3.931653e-19 3.931653e-19
1.696499e+02 3.908412e-19 3.908412e-19
1.697499e+02 4.071132e-19 4.071132e-19
1.698499e+02 4.399448e-19 4.399448e-19
1.699499e+02 4.835829e-19 4.835829e-19
1.700499e+02 5.152784e-19 5.152784e-19
1.701499e+02 5.218034e-19 5.218034e-19
1.702499e+02 5.223950e-19 5.223950e-19
1.703499e+02 5.296846e-19 5.296846e-19
1.704499e+02 5.426790e-19 5.426790e-19
1.705499e+02 5.540392e-19 5.540392e-19
1.706499e+02 5.579000e-19 5.579000e-19
1.707499e+02 5.559555e-19 5.559555e-19
1.708499e+02 5.483160e-19 5.483160e-19
1.709499e+02 5.328274e-19 5.328274e-19
1.710499e+02 5.159199e-19 5.159199e-19
1.711499e+02 5.088000e-19 5.088000e-19
1.712499e+02 5.183233e-19 5.183233e-19
1.713499e+02 5.441045e-19 5.441045e-19
1.714499e+02 5.887703e-19 5.887703e-19
1.715499e+02 6.727942e-19 6.727942e-19
1.716499e+02 7.286000e-19 7.286000e-19
1.717499e+02 6.257329e-19 6.257329e-19
1.718499e+02 5.297824e-19 5.297824e-19
1.719499e+02 4.834450e-19 4.834450e-19
1.720499e+02 4.451800e-19 4.451800e-19
1.721499e+02 4.349650e-19 4.349650e-19
1.722499e+02 4.557350e-19 4.557350e-19
1.723499e+02 4.855950e-19 4.855950e-19
1.724499e+02 5.224100e-19 5.224100e-19
1.725499e+02 5.545300e-19 5.545300e-19
1.726499e+02 5.902725e-19 5.902725e-19
1.727499e+02 6.602575e-19 6.602575e-19
1.728499e+02 6.928575e-19 6.928575e-19
1.729499e+02 6.569500e-19 6.569500e-19
1.730499e+02 6.048250e-19 6.048250e-19
1.731499e+02 5.457950e-19 5.457950e-19
1.732499e+02 4.880250e-19 4.880250e-19
1.733499e+02 4.710175e-19 4.710175e-19
1.734499e+02 5.320375e-19 5.320375e-19
1.735499e+02 6.506150e-19 6.506150e-19
1.736499e+02 7.895125e-19 7.895125e-19
1.737499e+02 8.682125e-19 8.682125e-19
1.738499e+02 8.346525e-19 8.346525e-19
1.739499e+02 7.662525e-19 7.662525e-19
1.740499e+02 7.172100e-19 7.172100e-19
1.741499e+02 7.018125e-19 7.018125e-19
1.742499e+02 6.935150e-19 6.935150e-19
1.743499e+02 7.391425e-19 7.391425e-19
1.744499e+02 7.743150e-19 7.743150e-19
1.745499e+02 7.526150e-19 7.526150e-19
1.746499e+02 7.392475e-19 7.392475e-19
1.747499e+02 7.753375e-19 7.753375e-19
1.748499e+02 8.702200e-19 8.702200e-19
1.749499e+02 9.147825e-19 9.147825e-19
1.750499e+02 9.213425e-19 9.213425e-19
1.751499e+02 9.784875e-19 9.784875e-19
1.752499e+02 1.060593e-18 1.060593e-18
1.753499e+02 1.011853e-18 1.011853e-18
1.754499e+02 8.591250e-19 8.591250e-19
1.755499e+02 7.598725e-19 7.598725e-19
1.756499e+02 7.852350e-19 7.852350e-19
1.757499e+02 8.573150e-19 8.573150e-19
1.758499e+02 8.643500e-19 8.643500e-19
1.759499e+02 8.711325e-19 8.711325e-19
1.760499e+02 1.081928e-18 1.081928e-18
1.761499e+02 1.391665e-18 1.391665e-18
1.762499e+02 1.408725e-18 1.408725e-18
1.763499e+02 1.203975e-18 1.203975e-18
1.764499e+02 1.091800e-18 1.091800e-18
1.765499e+02 1.109425e-18 1.109425e-18
1.766499e+02 1.076417e-18 1.076417e-18
1.767499e+02 9.678000e-19 9.678000e-19
1.768499e+02 8.770000e-19 8.770000e-19
1.769499e+02 9.395500e-19 9.395500e-19
1.770499e+02 1.256857e-18 1.256857e-18
1.771499e+02 1.437800e-18 1.437800e-18
1.772499e+02 1.345350e-18 1.345350e-18
1.773499e+02 1.313000e-18 1.313000e-18
1.774499e+02 1.488375e-18 1.488375e-18
1.775499e+02 1.580325e-18 1.580325e-18
1.776499e+02 1.404600e-18 1.404600e-18
1.777499e+02 1.226250e-18 1.226250e-18
1.778499e+02 1.133825e-18 1.133825e-18
1.779499e+02 1.172925e-18 1.172925e-18
1.780499e+02 1.282175e-18 1.282175e-18
1.781499e+02 1.282800e-18 1.282800e-18
1.782499e+02 1.258325e-18 1.258325e-18
1.783499e+02 1.461350e-18 1.461350e-18
1.784499e+02 1.755250e-18 1.755250e-18
1.785499e+02 1.775150e-18 1.775150e-18
1.786499e+02 1.732425e-18 1.732425e-18
1.787499e+02 1.773825e-18 1.773825e-18
1.788499e+02 1.735500e-18 1.735500e-18
1.789499e+02 1.691475e-18 1.691475e-18
1.790499e+02 1.629325e-18 1.629325e-18
1.791499e+02 1.495750e-18 1.495750e-18
1.792499e+02 1.468050e-18 1.468050e-18
1.793499e+02 1.605225e-18 1.605225e-18
1.794499e+02 1.634200e-18 1.634200e-18
1.795499e+02 1.607575e-18 1.607575e-18
1.796499e+02 1.746025e-18 1.746025e-18
1.797499e+02 1.988000e-18 1.988000e-18
1.798499e+02 2.193175e-18 2.193175e-18
1.799499e+02 2.256250e-18 2.256250e-18
1.800499e+02 2.145650e-18 2.145650e-18
1.801499e+02 2.024700e-18 2.024700e-18
1.802499e+02 1.993475e-18 1.993475e-18
1.803499e+02 1.856700e-18 1.856700e-18
1.804499e+02 1.653725e-18 1.653725e-18
1.805499e+02 1.607100e-18 1.607100e-18
1.806499e+02 1.679825e-18 1.679825e-18
1.807499e+02 1.934575e-18 1.934575e-18
1.808499e+02 2.165825e-18 2.165825e-18
1.809499e+02 2.124625e-18 2.124625e-18
1.810499e+02 2.177775e-18 2.177775e-18
1.811499e+02 2.634950e-18 2.634950e-18
1.812499e+02 2.942725e-18 2.942725e-18
1.813499e+02 2.772575e-18 2.772575e-18
1.814499e+02 2.412825e-18 2.412825e-18
1.815499e+02 1.998575e-18 1.998575e-18
1.816499e+02 1.905625e-18 1.905625e-18
1.817499e+02 2.140125e-18 2.140125e-18
1.818499e+02 2.228100e-18 2.228100e-18
1.819499e+02 2.045625e-18 2.045625e-18
1.820499e+02 2.086625e-18 2.086625e-18
1.821499e+02 2.778300e-18 2.778300e-18
1.822499e+02 3.397375e-18 3.397375e-18
1.823499e+02 3.387975e-18 3.387975e-18
1.824499e+02 3.060250e-18 3.060250e-18
1.825499e+02 2.685100e-18 2.685100e-18
1.826499e+02 2.632650e-18 2.632650e-18
1.827499e+02 2.909750e-18 2.909750e-18
1.828499e+02 2.974225e-18 2.974225e-18
1.829499e+02 2.648600e-18 2.648600e-18
1.830499e+02 2.330625e-18 2.330625e-18
1.831499e+02 2.348400e-18 2.348400e-18
1.832499e+02 2.520450e-18 2.520450e-18
1.833499e+02 2.647500e-18 2.647500e-18
1.834499e+02 2.774600e-18 2.774600e-18
1.835499e+02 3.049975e-18 3.049975e-18
1.836499e+02 3.628125e-18 3.628125e-18
1.837499e+02 4.157000e-18 4.157000e-18
1.838499e+02 4.091375e-18 4.091375e-18
1.839499e+02 3.641025e-18 3.641025e-18
1.840499e+02 3.226850e-18 3.226850e-18
1.841499e+02 2.848050e-18 2.848050e-18
1.842499e+02 2.549025e-18 2.549025e-18
1.843499e+02 2.406675e-18 2.406675e-18
1.844499e+02 2.365800e-18 2.365800e-18
1.845499e+02 2.601525e-18 2.601525e-18
1.846499e+02 3.556425e-18 3.556425e-18
1.847499e+02 4.478325e-18 4.478325e-18
1.848499e+02 4.431850e-18 4.431850e-18
1.849499e+02 3.917325e-18 3.917325e-18
1.850499e+02 3.733150e-18 3.733150e-18
1.851499e+02 3.839825e-18 3.839825e-18
1.852499e+02 3.911950e-18 3.911950e-18
1.853499e+02 3.869625e-18 3.869625e-18
1.854499e+02 3.569000e-18 3.569000e-18
1.855499e+02 3.043625e-18 3.043625e-18
1.856499e+02 2.917275e-18 2.917275e-18
1.857499e+02 3.278725e-18 3.278725e-18
1.858499e+02 3.382775e-18 3.382775e-18
1.859499e+02 3.144575e-18 3.144575e-18
1.860499e+02 3.328625e-18 3.328625e-18
1.861499e+02 4.381775e-18 4.381775e-18
1.862499e+02 5.191150e-18 5.191150e-18
1.863499e+02 5.192075e-18 5.192075e-18
1.864499e+02 5.000275e-18 5.000275e-18
1.865499e+02 4.500375e-18 4.500375e-18
1.866499e+02 3.825250e-18 3.825250e-18
1.867499e+02 3.371500e-18 3.371500e-18
1.868499e+02 3.267325e-18 3.267325e-18
1.869499e+02 3.150575e-18 3.150575e-18
1.870499e+02 2.834400e-18 2.834400e-18
1.871499e+02 3.481275e-18 3.481275e-18
1.872499e+02 4.996900e-18 4.996900e-18
1.873499e+02 5.445525e-18 5.445525e-18
1.874499e+02 4.839775e-18 4.839775e-18
1.875499e+02 4.769050e-18 4.769050e-18
1.876499e+02 4.949800e-18 4.949800e-18
1.877499e+02 4.944950e-18 4.944950e-18
1.878499e+02 4.917325e-18 4.917325e-18
1.879499e+02 4.845300e-18 4.845300e-18
1.880499e+02 4.567800e-18 4.567800e-18
1.881499e+02 3.888925e-18 3.888925e-18
1.882499e+02 3.771175e-18 3.771175e-18
1.883499e+02 4.214175e-18 4.214175e-18
1.884499e+02 4.043650e-18 4.043650e-18
1.885499e+02 3.415100e-18 3.415100e-18
1.886499e+02 3.944075e-18 3.944075e-18
1.887499e+02 5.392575e-18 5.392575e-18
1.888499e+02 6.062350e-18 6.062350e-18
1.889499e+02 5.897300e-18 5.897300e-18
1.890499e+02 5.614800e-18 5.614800e-18
1.891499e+02 5.415550e-18 5.415550e-18
1.892499e+02 5.348375e-18 5.348375e-18
1.893499e+02 5.212175e-18 5.212175e-18
1.894499e+02 4.898375e-18 4.898375e-18
1.895499e+02 4.313700e-18 4.313700e-18
1.896499e+02 3.450750e-18 3.450750e-18
1.897499e+02 3.589125e-18 3.589125e-18
1.898499e+02 5.108125e-18 5.108125e-18
1.899499e+02 5.717075e-18 5.717075e-18
1.900499e+02 5.061750e-18 5.061750e-18
1.901499e+02 4.941775e-18 4.941775e-18
1.902499e+02 5.251775e-18 5.251775e-18
1.903499e+02 6.237450e-18 6.237450e-18
1.904499e+02 7.003000e-18 7.003000e-18
1.905499e+02 6.525425e-18 6.525425e-18
1.906499e+02 5.777550e-18 5.777550e-18
1.907499e+02 5.120200e-18 5.120200e-18
1.908499e+02 4.507825e-18 4.507825e-18
1.909499e+02 4.432800e-18 4.432800e-18
1.910499e+02 4.470625e-18 4.470625e-18
1.911499e+02 3.972650e-18 3.972650e-18
1.912499e+02 4.091325e-18 4.091325e-18
1.913499e+02 4.889875e-18 4.889875e-18
1.914499e+02 5.931450e-18 5.931450e-18
1.915499e+02 6.875300e-18 6.875300e-18
1.916499e+02 6.524050e-18 6.524050e-18
1.917499e+02 5.338625e-18 5.338625e-18
1.918499e+02 5.624325e-18 5.624325e-18
1.919499e+02 7.130550e-18 7.130550e-18
1.920499e+02 7.452825e-18 7.452825e-18
1.921499e+02 6.338400e-18 6.338400e-18
1.922499e+02 4.944675e-18 4.944675e-18
1.923499e+02 4.009350e-18 4.009350e-18
1.924499e+02 4.040175e-18 4.040175e-18
1.925499e+02 4.825050e-18 4.825050e-18
1.926499e+02 5.447400e-18 5.447400e-18
1.927499e+02 5.306225e-18 5.306225e-18
1.928499e+02 4.530075e-18 4.530075e-18
1.929499e+02 3.997375e-18 3.997375e-18
1.930499e+02 5.397750e-18 5.397750e-18
1.931499e+02 8.231600e-18 8.231600e-18
1.932499e+02 9.118850e-18 9.118850e-18
1.933499e+02 7.870950e-18 7.870950e-18
1.934499e+02 6.952450e-18 6.952450e-18
1.935499e+02 6.404650e-18 6.404650e-18
1.936499e+02 5.491650e-18 5.491650e-18
1.937499e+02 4.797450e-18 4.797450e-18
1.938499e+02 4.585775e-18 4.585775e-18
1.939499e+02 4.653875e-18 4.653875e-18
1.940499e+02 4.607700e-18 4.607700e-18
1.941499e+02 4.563950e-18 4.563950e-18
1.942499e+02 4.987750e-18 4.987750e-18
1.943499e+02 6.222325e-18 6.222325e-18
1.944499e+02 6.759600e-18 6.759600e-18
1.945499e+02 5.915300e-18 5.915300e-18
1.946499e+02 6.478275e-18 6.478275e-18
1.947499e+02 8.643175e-18 8.643175e-18
1.948499e+02 9.494650e-18 9.494650e-18
1.949499e+02 8.237175e-18 8.237175e-18
1.950499e+02 6.486100e-18 6.486100e-18
1.951499e+02 5.463550e-18 5.463550e-18
1.952499e+02 5.002875e-18 5.002875e-18
1.953499e+02 4.794300e-18 4.794300e-18
1.954499e+02 4.806500e-18 4.806500e-18
1.955499e+02 4.641625e-18 4.641625e-18
1.956499e+02 4.039900e-18 4.039900e-18
1.957499e+02 3.369275e-18 3.369275e-18
1.958499e+02 3.764950e-18 3.764950e-18
1.959499e+02 6.064200e-18 6.064200e-18
1.960499e+02 9.389950e-18 9.389950e-18
1.961499e+02 1.076035e-17 1.076035e-17
1.962499e+02 1.001007e-17 1.001007e-17
1.963499e+02 8.949725e-18 8.949725e-18
1.964499e+02 7.616850e-18 7.616850e-18
1.965499e+02 6.273425e-18 6.273425e-18
1.966499e+02 5.343950e-18 5.343950e-18
1.967499e+02 5.224775e-18 5.224775e-18
1.968499e+02 5.248725e-18 5.248725e-18
1.969499e+02 4.738900e-18 4.738900e-18
1.970499e+02 4.144650e-18 4.144650e-18
1.971499e+02 3.583625e-18 3.583625e-18
1.972499e+02 3.971375e-18 3.971375e-18
1.973499e+02 5.895625e-18 5.895625e-18
1.974499e+02 7.716425e-18 7.716425e-18
1.975499e+02 9.485700e-18 9.485700e-18
1.976499e+02 1.020017e-17 1.020017e-17
1.977499e+02 9.917025e-18 9.917025e-18
1.978499e+02 9.371925e-18 9.371925e-18
1.979499e+02 7.998300e-18 7.998300e-18
1.980499e+02 6.964875e-18 6.964875e-18
1.981499e+02 5.906575e-18 5.906575e-18
1.982499e+02 4.965800e-18 4.965800e-18
1.983499e+02 4.588175e-18 4.588175e-18
1.984499e+02 4.347950e-18 4.347950e-18
1.985499e+02 3.857450e-18 3.857450e-18
1.986499e+02 3.159500e-18 3.159500e-18
1.987499e+02 3.256775e-18 3.256775e-18
1.988499e+02 4.969875e-18 4.969875e-18
1.989499e+02 6.417200e-18 6.417200e-18
1.990499e+02 8.201225e-18 8.201225e-18
1.991499e+02 1.073957e-17 1.073957e-17
1.992499e+02 1.095872e-17 1.095872e-17
1.993499e+02 9.360050e-18 9.360050e-18
1.994499e+02 7.557625e-18 7.557625e-18
1.995499e+02 6.098975e-18 6.098975e-18
1.996499e+02 5.622775e-18 5.622775e-18
1.997499e+02 5.627625e-18 5.627625e-18
1.998499e+02 5.143625e-18 5.143625e-18
1.999499e+02 4.363525e-18 4.363525e-18
2.000499e+02 3.630525e-18 3.630525e-18
2.001499e+02 2.975425e-18 2.975425e-18
2.002499e+02 2.432925e-18 2.432925e-18
2.003499e+02 3.100300e-18 3.100300e-18
2.004499e+02 6.888550e-18 6.888151e-18
2.005499e+02 1.068885e-17 1.068774e-17
2.006499e+02 1.079585e-17 1.079445e-17
2.007499e+02 9.635825e-18 9.634420e-18
2.008499e+02 8.860150e-18 8.858717e-18
2.009499e+02 8.137675e-18 8.136227e-18
2.010499e+02 7.348800e-18 7.347376e-18
2.011499e+02 6.139750e-18 6.138464e-18
2.012499e+02 5.100525e-18 5.099372e-18
2.013499e+02 4.551100e-18 4.549997e-18
2.014499e+02 4.207450e-18 4.206362e-18
2.015499e+02 3.784275e-18 3.783237e-18
2.016499e+02 3.120625e-18 3.119720e-18
2.017499e+02 2.852025e-18 2.851147e-18
2.018499e+02 4.467450e-18 4.465990e-18
2.019499e+02 6.258400e-18 6.256272e-18
2.020499e+02 6.445100e-18 6.442808e-18
2.021499e+02 8.170325e-18 8.167270e-18
2.022499e+02 1.037843e-17 1.037440e-17
2.023499e+02 9.944225e-18 9.940217e-18
2.024499e+02 8.220550e-18 8.217107e-18
2.025499e+02 6.663425e-18 6.660526e-18
2.026499e+02 5.697550e-18 5.694977e-18
2.027499e+02 5.280400e-18 5.277928e-18
2.028499e+02 4.900400e-18 4.898029e-18
2.029499e+02 4.262175e-18 4.260045e-18
2.030499e+02 3.523850e-18 3.522033e-18
2.031499e+02 2.967750e-18 2.966171e-18
2.032499e+02 2.576700e-18 2.575288e-18
2.033499e+02 2.139725e-18 2.138518e-18
2.034499e+02 2.208900e-18 2.207613e-18
2.035499e+02 4.920675e-18 4.917712e-18
2.036499e+02 8.607775e-18 8.602482e-18
2.037499e+02 9.617475e-18 9.611424e-18
2.038499e+02 9.009525e-18 9.003688e-18
2.039499e+02 8.197000e-18 8.191422e-18
2.040499e+02 7.302775e-18 7.297466e-18
2.041499e+02 6.277400e-18 6.272544e-18
2.042499e+02 5.136875e-18 5.132658e-18
2.043499e+02 4.175800e-18 4.172171e-18
2.044499e+02 3.472575e-18 3.469388e-18
2.045499e+02 3.269900e-18 3.266733e-18
2.046499e+02 3.288700e-18 3.285361e-18
2.047499e+02 2.939050e-18 2.935933e-18
2.048499e+02 2.403025e-18 2.400362e-18
2.049499e+02 2.770375e-18 2.767142e-18
2.050499e+02 5.016675e-18 5.010570e-18
2.051499e+02 6.703800e-18 6.695384e-18
2.052499e+02 7.653700e-18 7.643705e-18
2.053499e+02 9.409000e-18 9.396267e-18
2.054499e+02 1.004030e-17 1.002627e-17
2.055499e+02 8.820075e-18 8.807353e-18
2.056499e+02 6.998200e-18 6.987773e-18
2.057499e+02 5.591450e-18 5.582849e-18
2.058499e+02 4.528250e-18 4.521068e-18
2.059499e+02 3.874525e-18 3.868186e-18
2.060499e+02 3.731950e-18 3.725660e-18
2.061499e+02 3.503525e-18 3.497462e-18
2.062499e+02 2.908300e-18 2.903132e-18
2.063499e+02 2.291050e-18 2.286870e-18
2.064499e+02 1.857000e-18 1.853521e-18
2.065499e+02 1.574275e-18 1.571250e-18
2.066499e+02 2.108950e-18 2.104768e-18
2.067499e+02 4.838550e-18 4.828713e-18
2.068499e+02 8.753750e-18 8.735597e-18
2.069499e+02 1.034200e-17 1.032013e-17
2.070499e+02 9.288800e-18 9.268733e-18
2.071499e+02 7.693750e-18 7.676765e-18
2.072499e+02 6.440425e-18 6.425893e-18
2.073499e+02 5.518275e-18 5.505562e-18
2.074499e+02 4.603775e-18 4.592951e-18
2.075499e+02 3.800500e-18 3.791382e-18
2.076499e+02 3.138100e-18 3.130421e-18
2.077499e+02 2.561150e-18 2.554765e-18
2.078499e+02 2.097375e-18 2.092072e-18
2.079499e+02 1.825025e-18 1.820367e-18
2.080499e+02 1.623650e-18 1.619472e-18
2.081499e+02 1.390100e-18 1.386493e-18
2.082499e+02 1.731475e-18 1.726936e-18
2.083499e+02 3.999050e-18 3.988474e-18
2.084499e+02 6.774250e-18 6.756217e-18
2.085499e+02 7.818050e-18 7.797086e-18
2.086499e+02 7.748000e-18 7.727061e-18
2.087499e+02 7.375575e-18 7.355485e-18
2.088499e+02 6.812625e-18 6.793925e-18
2.089499e+02 5.969650e-18 5.953139e-18
2.090499e+02 4.936175e-18 4.922418e-18
2.091499e+02 3.947500e-18 3.936414e-18
2.092499e+02 3.197225e-18 3.188177e-18
2.093499e+02 2.682625e-18 2.674975e-18
2.094499e+02 2.329650e-18 2.322956e-18
2.095499e+02 2.007025e-18 2.001216e-18
2.096499e+02 1.631500e-18 1.626743e-18
2.097499e+02 1.306700e-18 1.302862e-18
2.098499e+02 1.094630e-18 1.091391e-18
2.099499e+02 1.876330e-18 1.870724e-18
2.100499e+02 3.674600e-18 3.663553e-18
2.101499e+02 5.278975e-18 5.263000e-18
2.102499e+02 6.867700e-18 6.846766e-18
2.103499e+02 7.871600e-18 7.847250e-18
2.104499e+02 7.324400e-18 7.301151e-18
2.105499e+02 6.055075e-18 6.035256e-18
2.106499e+02 5.019125e-18 5.002188e-18
2.107499e+02 4.176225e-18 4.161722e-18
2.108499e+02 3.398375e-18 3.386231e-18
2.109499e+02 2.954000e-18 2.943139e-18
2.110499e+02 2.613250e-18 2.603387e-18
2.111499e+02 2.121950e-18 2.113735e-18
2.112499e+02 1.636125e-18 1.629628e-18
2.113499e+02 1.272925e-18 1.267741e-18
2.114499e+02 1.019700e-18 1.015445e-18
2.115499e+02 8.851900e-19 8.814035e-19
2.116499e+02 1.313440e-18 1.307657e-18
2.117499e+02 3.416100e-18 3.400691e-18
2.118499e+02 5.869925e-18 5.842986e-18
2.119499e+02 6.458500e-18 6.428290e-18
2.120499e+02 5.718550e-18 5.691251e-18
2.121499e+02 4.908300e-18 4.884370e-18
2.122499e+02 4.293425e-18 4.272067e-18
2.123499e+02 3.704325e-18 3.685527e-18
2.124499e+02 3.273625e-18 3.256680e-18
2.125499e+02 3.128050e-18 3.111535e-18
2.126499e+02 2.987850e-18 2.971788e-18
2.127499e+02 2.561925e-18 2.547905e-18
2.128499e+02 2.047775e-18 2.036366e-18
2.129499e+02 1.622250e-18 1.613049e-18
2.130499e+02 1.316700e-18 1.309099e-18
2.131499e+02 1.102500e-18 1.096020e-18
2.132499e+02 1.034355e-18 1.027866e-18
2.133499e+02 2.010905e-18 1.996172e-18
2.134499e+02 3.482750e-18 3.454569e-18
2.135499e+02 4.438025e-18 4.398090e-18
2.136499e+02 5.091925e-18 5.041448e-18
2.137499e+02 5.040150e-18 4.985723e-18
2.138499e+02 4.345225e-18 4.294324e-18
2.139499e+02 3.487400e-18 3.443290e-18
2.140499e+02 2.901750e-18 2.862177e-18
2.141499e+02 2.929100e-18 2.886173e-18
2.142499e+02 3.056400e-18 3.008857e-18
2.143499e+02 2.768025e-18 2.722458e-18
2.144499e+02 2.260350e-18 2.221057e-18
2.145499e+02 1.741850e-18 1.709938e-18
2.146499e+02 1.380300e-18 1.353660e-18
2.147499e+02 1.239825e-18 1.214657e-18
2.148499e+02 1.130573e-18 1.106004e-18
2.149499e+02 9.360200e-19 9.134804e-19
2.150499e+02 8.461925e-19 8.232294e-19
2.151499e+02 1.702720e-18 1.650376e-18
2.152499e+02 3.748475e-18 3.624049e-18
2.153499e+02 5.013750e-18 4.836047e-18
2.154499e+02 4.562100e-18 4.388758e-18
2.155499e+02 3.627525e-18 3.479638e-18
2.156499e+02 2.887950e-18 2.762130e-18
2.157499e+02 2.470850e-18 2.356005e-18
2.158499e+02 2.342550e-18 2.227030e-18
2.159499e+02 2.133600e-18 2.022304e-18
2.160499e+02 1.740950e-18 1.637051e-18
2.161499e+02 1.383150e-18 1.279335e-18
2.162499e+02 1.134342e-18 1.028958e-18
2.163499e+02 1.094742e-18 9.717699e-19
2.164499e+02 1.203775e-18 1.047461e-18
2.165499e+02 1.180725e-18 1.007836e-18
2.166499e+02 1.008207e-18 8.433185e-19
2.167499e+02 8.365375e-19 6.845771e-19
2.168499e+02 1.261997e-18 1.003274e-18
2.169499e+02 2.507767e-18 1.952324e-18
2.170499e+02 3.529650e-18 2.694977e-18
2.171499e+02 3.666600e-18 2.739128e-18
2.172499e+02 3.304600e-18 2.411678e-18
2.173499e+02 2.761775e-18 1.968008e-18
2.174499e+02 2.173450e-18 1.510714e-18
2.175499e+02 1.692350e-18 1.146153e-18
2.176499e+02 1.379075e-18 9.089735e-19
2.177499e+02 1.245950e-18 7.983942e-19
2.178499e+02 1.153075e-18 7.189053e-19
2.179499e+02 1.016095e-18 6.155013e-19
2.180499e+02 9.981550e-19 5.840710e-19
2.181499e+02 1.055235e-18 5.960633e-19
2.182499e+02 1.002000e-18 5.459438e-19
2.183499e+02 8.478125e-19 4.446453e-19
2.184499e+02 6.739875e-19 3.393563e-19
2.185499e+02 5.672350e-19 2.731188e-19
2.186499e+02 8.247125e-19 1.953104e-19
2.187499e+02 1.792853e-18 6.813810e-20
