# SO cross sections
# From the Leiden database for photodissociation and photoionization of astrophysically relevant molecules, http://home.strw.leidenuniv.nl/~ewine/photo/
# File last modified by Alan Heays 2017-03-01
# references: phillips1981 10.1021/j150626a009, nee1986b 10.1063/1.449940, norwood1989 10.1016/S0009-2614(89)87110-6,
# no info on lines
# wavelength: (nm)
# photoabsorption   -- Photoabsorption cross section (cm2)
# photodissociation -- Photodissociation cross section (cm2)
# This version has been resampled to a uniform 0.1nm grid while maintaining a constant integrated cross section (using trapezoidal integration).
# wavelength photoabsorption photodissociation
1.159670e+02 5.146670e-17 4.337631e-17
1.160670e+02 9.919427e-17 8.926060e-17
1.161670e+02 9.791255e-17 8.951080e-17
1.162670e+02 9.674668e-17 9.176364e-17
1.163670e+02 9.558082e-17 9.083755e-17
1.164670e+02 9.467668e-17 9.008002e-17
1.165670e+02 9.391347e-17 8.941324e-17
1.166670e+02 9.458757e-17 9.026468e-17
1.167670e+02 9.694893e-17 9.289837e-17
1.168670e+02 9.931030e-17 9.467100e-17
1.169670e+02 1.013120e-16 9.635945e-17
1.170670e+02 1.031939e-16 9.799504e-17
1.171670e+02 1.044365e-16 9.883433e-17
1.172670e+02 1.056790e-16 9.991464e-17
1.173670e+02 1.063717e-16 1.009628e-16
1.174670e+02 1.054086e-16 1.006725e-16
1.175670e+02 1.038196e-16 9.956935e-17
1.176670e+02 1.010136e-16 9.679787e-17
1.177670e+02 9.820750e-17 9.353122e-17
1.178670e+02 9.690183e-17 9.126307e-17
1.179670e+02 9.554273e-17 8.879787e-17
1.180670e+02 9.641986e-17 9.006253e-17
1.181670e+02 9.904869e-17 9.440846e-17
1.182670e+02 1.016775e-16 9.737744e-17
1.183670e+02 1.039456e-16 1.001576e-16
1.184670e+02 1.045372e-16 1.013106e-16
1.185670e+02 1.033597e-16 1.006576e-16
1.186670e+02 1.021822e-16 9.982254e-17
1.187670e+02 1.010048e-16 9.890534e-17
1.188670e+02 9.982730e-17 9.793991e-17
1.189670e+02 1.003972e-16 9.864672e-17
1.190670e+02 1.019080e-16 1.002540e-16
1.191670e+02 1.036952e-16 1.019845e-16
1.192670e+02 1.058068e-16 1.038597e-16
1.193670e+02 1.076463e-16 1.056662e-16
1.194670e+02 1.093693e-16 1.074433e-16
1.195670e+02 1.103014e-16 1.083522e-16
1.196670e+02 1.109409e-16 1.089400e-16
1.197670e+02 1.115804e-16 1.092706e-16
1.198670e+02 1.122199e-16 1.095643e-16
1.199670e+02 1.134844e-16 1.108711e-16
1.200670e+02 1.187358e-16 1.165448e-16
1.201670e+02 1.243159e-16 1.223925e-16
1.202670e+02 1.298959e-16 1.282036e-16
1.203670e+02 1.354759e-16 1.338377e-16
1.204670e+02 1.406249e-16 1.390656e-16
1.205670e+02 1.400463e-16 1.388977e-16
1.206670e+02 1.379931e-16 1.374479e-16
1.207670e+02 1.346839e-16 1.345822e-16
1.208670e+02 1.313746e-16 1.313204e-16
1.209670e+02 1.280653e-16 1.280586e-16
1.210670e+02 1.234248e-16 1.234248e-16
1.211670e+02 1.185676e-16 1.185676e-16
1.212670e+02 1.137104e-16 1.137104e-16
1.213670e+02 1.088532e-16 1.088532e-16
1.214670e+02 1.048868e-16 1.048868e-16
1.215670e+02 1.063923e-16 1.063923e-16
1.216670e+02 1.078979e-16 1.078979e-16
1.217670e+02 1.094034e-16 1.094034e-16
1.218670e+02 1.109090e-16 1.109090e-16
1.219670e+02 1.124145e-16 1.124145e-16
1.220670e+02 1.176437e-16 1.176437e-16
1.221670e+02 1.242501e-16 1.242501e-16
1.222670e+02 1.308565e-16 1.308565e-16
1.223670e+02 1.374629e-16 1.374629e-16
1.224670e+02 1.440693e-16 1.440693e-16
1.225670e+02 1.445710e-16 1.445710e-16
1.226670e+02 1.443182e-16 1.443182e-16
1.227670e+02 1.440653e-16 1.440653e-16
1.228670e+02 1.438125e-16 1.438125e-16
1.229670e+02 1.432321e-16 1.432321e-16
1.230670e+02 1.402492e-16 1.402492e-16
1.231670e+02 1.372664e-16 1.372664e-16
1.232670e+02 1.342836e-16 1.342836e-16
1.233670e+02 1.313007e-16 1.313007e-16
1.234670e+02 1.283179e-16 1.283179e-16
1.235670e+02 1.298495e-16 1.298495e-16
1.236670e+02 1.328068e-16 1.328068e-16
1.237670e+02 1.357641e-16 1.357641e-16
1.238670e+02 1.387214e-16 1.387214e-16
1.239670e+02 1.420258e-16 1.420258e-16
1.240670e+02 1.470249e-16 1.470249e-16
1.241670e+02 1.520239e-16 1.520239e-16
1.242670e+02 1.570230e-16 1.570230e-16
1.243670e+02 1.620220e-16 1.620220e-16
1.244670e+02 1.670211e-16 1.670211e-16
1.245670e+02 1.664881e-16 1.664881e-16
1.246670e+02 1.654740e-16 1.654740e-16
1.247670e+02 1.644599e-16 1.644599e-16
1.248670e+02 1.634458e-16 1.634458e-16
1.249670e+02 1.617307e-16 1.617307e-16
1.250670e+02 1.563352e-16 1.563352e-16
1.251670e+02 1.509397e-16 1.509397e-16
1.252670e+02 1.455441e-16 1.455441e-16
1.253670e+02 1.401486e-16 1.401486e-16
1.254670e+02 1.374558e-16 1.374558e-16
1.255670e+02 1.433214e-16 1.433214e-16
1.256670e+02 1.491871e-16 1.491871e-16
1.257670e+02 1.550528e-16 1.550528e-16
1.258670e+02 1.609185e-16 1.609185e-16
1.259670e+02 1.658613e-16 1.658613e-16
1.260670e+02 1.671126e-16 1.671126e-16
1.261670e+02 1.683639e-16 1.683639e-16
1.262670e+02 1.696152e-16 1.696152e-16
1.263670e+02 1.708665e-16 1.708665e-16
1.264670e+02 1.697638e-16 1.697638e-16
1.265670e+02 1.672184e-16 1.672184e-16
1.266670e+02 1.646730e-16 1.646730e-16
1.267670e+02 1.621276e-16 1.621276e-16
1.268670e+02 1.595822e-16 1.595822e-16
1.269670e+02 1.571514e-16 1.571514e-16
1.270670e+02 1.568985e-16 1.568985e-16
1.271670e+02 1.566457e-16 1.566457e-16
1.272670e+02 1.563929e-16 1.563929e-16
1.273670e+02 1.561400e-16 1.561400e-16
1.274670e+02 1.539219e-16 1.539219e-16
1.275670e+02 1.466502e-16 1.466502e-16
1.276670e+02 1.393784e-16 1.393784e-16
1.277670e+02 1.321067e-16 1.321067e-16
1.278670e+02 1.248349e-16 1.248349e-16
1.279670e+02 1.175632e-16 1.175632e-16
1.280670e+02 1.116412e-16 1.116412e-16
1.281670e+02 1.057610e-16 1.057610e-16
1.282670e+02 9.988076e-17 9.988076e-17
1.283670e+02 9.400055e-17 9.400055e-17
1.284670e+02 8.812033e-17 8.812033e-17
1.285670e+02 8.497829e-17 8.497829e-17
1.286670e+02 8.235781e-17 8.235781e-17
1.287670e+02 7.973732e-17 7.973732e-17
1.288670e+02 7.711684e-17 7.711684e-17
1.289670e+02 7.449635e-17 7.449635e-17
1.290670e+02 7.092383e-17 7.092383e-17
1.291670e+02 6.723363e-17 6.723363e-17
1.292670e+02 6.354344e-17 6.354344e-17
1.293670e+02 5.985324e-17 5.985324e-17
1.294670e+02 5.616305e-17 5.616305e-17
1.295670e+02 5.488920e-17 5.488920e-17
1.296670e+02 5.446433e-17 5.446433e-17
1.297670e+02 5.403946e-17 5.403946e-17
1.298670e+02 5.361459e-17 5.361459e-17
1.299670e+02 5.318972e-17 5.318972e-17
1.300670e+02 5.318528e-17 5.318528e-17
1.301670e+02 5.330643e-17 5.330643e-17
1.302670e+02 5.342757e-17 5.342757e-17
1.303670e+02 5.354872e-17 5.354872e-17
1.304670e+02 5.366986e-17 5.366986e-17
1.305670e+02 5.274406e-17 5.274406e-17
1.306670e+02 5.153997e-17 5.153997e-17
1.307670e+02 5.033587e-17 5.033587e-17
1.308670e+02 4.913177e-17 4.913177e-17
1.309670e+02 4.793061e-17 4.793061e-17
1.310670e+02 4.682414e-17 4.682414e-17
1.311670e+02 4.571767e-17 4.571767e-17
1.312670e+02 4.461120e-17 4.461120e-17
1.313670e+02 4.350474e-17 4.350474e-17
1.314670e+02 4.239827e-17 4.239827e-17
1.315670e+02 4.468833e-17 4.468833e-17
1.316670e+02 4.757777e-17 4.757777e-17
1.317670e+02 5.046722e-17 5.046722e-17
1.318670e+02 5.335666e-17 5.335666e-17
1.319670e+02 5.624611e-17 5.624611e-17
1.320670e+02 5.368376e-17 5.368376e-17
1.321670e+02 4.791958e-17 4.791958e-17
1.322670e+02 4.215540e-17 4.215540e-17
1.323670e+02 3.639122e-17 3.639122e-17
1.324670e+02 3.062703e-17 3.062703e-17
1.325670e+02 2.859923e-17 2.859923e-17
1.326670e+02 2.689633e-17 2.689633e-17
1.327670e+02 2.519342e-17 2.519342e-17
1.328670e+02 2.349052e-17 2.349052e-17
1.329670e+02 2.178762e-17 2.178762e-17
1.330670e+02 2.069866e-17 2.069866e-17
1.331670e+02 1.963528e-17 1.963528e-17
1.332670e+02 1.857191e-17 1.857191e-17
1.333670e+02 1.750853e-17 1.750853e-17
1.334670e+02 1.644515e-17 1.644515e-17
1.335670e+02 1.584748e-17 1.584748e-17
1.336670e+02 1.560114e-17 1.560114e-17
1.337670e+02 1.535479e-17 1.535479e-17
1.338670e+02 1.510844e-17 1.510844e-17
1.339670e+02 1.486210e-17 1.486210e-17
1.340670e+02 1.461575e-17 1.461575e-17
1.341670e+02 1.436940e-17 1.436940e-17
1.342670e+02 1.412306e-17 1.412306e-17
1.343670e+02 1.387671e-17 1.387671e-17
1.344670e+02 1.363036e-17 1.363036e-17
1.345670e+02 1.338402e-17 1.338402e-17
1.346670e+02 1.313767e-17 1.313767e-17
1.347670e+02 1.289132e-17 1.289132e-17
1.348670e+02 1.264498e-17 1.264498e-17
1.349670e+02 1.239863e-17 1.239863e-17
1.350670e+02 1.215228e-17 1.215228e-17
1.351670e+02 1.190594e-17 1.190594e-17
1.352670e+02 1.165959e-17 1.165959e-17
1.353670e+02 1.141324e-17 1.141324e-17
1.354670e+02 1.116690e-17 1.116690e-17
1.355670e+02 1.092055e-17 1.092055e-17
1.356670e+02 1.067420e-17 1.067420e-17
1.357670e+02 1.042786e-17 1.042786e-17
1.358670e+02 1.018151e-17 1.018151e-17
1.359670e+02 9.935162e-18 9.935162e-18
1.360670e+02 9.688815e-18 9.688815e-18
1.361670e+02 9.442469e-18 9.442469e-18
1.362670e+02 9.196122e-18 9.196122e-18
1.363670e+02 8.949775e-18 8.949775e-18
1.364670e+02 8.703428e-18 8.703428e-18
1.365670e+02 8.457082e-18 8.457082e-18
1.366670e+02 8.210735e-18 8.210735e-18
1.367670e+02 7.964388e-18 7.964388e-18
1.368670e+02 7.718042e-18 7.718042e-18
1.369670e+02 7.471695e-18 7.471695e-18
1.370670e+02 7.225348e-18 7.225348e-18
1.371670e+02 6.979002e-18 6.979002e-18
1.372670e+02 6.732655e-18 6.732655e-18
1.373670e+02 6.486308e-18 6.486308e-18
1.374670e+02 6.239962e-18 6.239962e-18
1.375670e+02 5.993615e-18 5.993615e-18
1.376670e+02 5.747268e-18 5.747268e-18
1.377670e+02 5.500922e-18 5.500922e-18
1.378670e+02 5.254575e-18 5.254575e-18
1.379670e+02 5.008228e-18 5.008228e-18
1.380670e+02 4.761881e-18 4.761881e-18
1.381670e+02 4.515535e-18 4.515535e-18
1.382670e+02 4.269188e-18 4.269188e-18
1.383670e+02 4.022841e-18 4.022841e-18
1.384670e+02 3.776495e-18 3.776495e-18
1.385670e+02 3.530148e-18 3.530148e-18
1.386670e+02 3.283801e-18 3.283801e-18
1.387670e+02 3.037455e-18 3.037455e-18
1.388670e+02 2.791108e-18 2.791108e-18
1.389670e+02 2.544761e-18 2.544761e-18
1.390670e+02 2.298415e-18 2.298415e-18
1.391670e+02 2.052068e-18 2.052068e-18
1.392670e+02 1.805721e-18 1.805721e-18
1.393670e+02 1.559375e-18 1.559375e-18
1.394670e+02 1.313028e-18 1.313028e-18
1.395670e+02 1.066681e-18 1.066681e-18
1.396670e+02 8.203345e-19 8.203345e-19
1.397670e+02 5.739878e-19 5.739878e-19
1.398670e+02 3.276411e-19 3.276411e-19
1.399670e+02 8.129441e-20 8.129441e-20
1.400670e+02 0.000000e+00 0.000000e+00
1.799670e+02 0.000000e+00 0.000000e+00
1.800670e+02 7.864683e-20 7.864683e-20
1.801670e+02 1.960302e-19 1.960302e-19
1.802670e+02 3.134135e-19 3.134135e-19
1.803670e+02 4.307968e-19 4.307968e-19
1.804670e+02 5.481802e-19 5.481802e-19
1.805670e+02 6.655635e-19 6.655635e-19
1.806670e+02 7.829468e-19 7.829468e-19
1.807670e+02 9.003301e-19 9.003301e-19
1.808670e+02 1.017713e-18 1.017713e-18
1.809670e+02 1.135097e-18 1.135097e-18
1.810670e+02 1.252480e-18 1.252480e-18
1.811670e+02 1.369863e-18 1.369863e-18
1.812670e+02 1.487247e-18 1.487247e-18
1.813670e+02 1.604630e-18 1.604630e-18
1.814670e+02 1.722013e-18 1.722013e-18
1.815670e+02 1.839397e-18 1.839397e-18
1.816670e+02 1.956780e-18 1.956780e-18
1.817670e+02 2.074163e-18 2.074163e-18
1.818670e+02 2.191547e-18 2.191547e-18
1.819670e+02 2.308930e-18 2.308930e-18
1.820670e+02 2.426313e-18 2.426313e-18
1.821670e+02 2.543697e-18 2.543697e-18
1.822670e+02 2.661080e-18 2.661080e-18
1.823670e+02 2.778463e-18 2.778463e-18
1.824670e+02 2.895847e-18 2.895847e-18
1.825670e+02 3.013230e-18 3.013230e-18
1.826670e+02 3.130613e-18 3.130613e-18
1.827670e+02 3.247997e-18 3.247997e-18
1.828670e+02 3.365380e-18 3.365380e-18
1.829670e+02 3.482763e-18 3.482763e-18
1.830670e+02 3.600147e-18 3.600147e-18
1.831670e+02 3.717530e-18 3.717530e-18
1.832670e+02 3.834913e-18 3.834913e-18
1.833670e+02 3.952297e-18 3.952297e-18
1.834670e+02 4.069680e-18 4.069680e-18
1.835670e+02 4.187063e-18 4.187063e-18
1.836670e+02 4.304447e-18 4.304447e-18
1.837670e+02 4.421830e-18 4.421830e-18
1.838670e+02 4.539213e-18 4.539213e-18
1.839670e+02 4.656597e-18 4.656597e-18
1.840670e+02 4.773980e-18 4.773980e-18
1.841670e+02 4.891363e-18 4.891363e-18
1.842670e+02 5.008747e-18 5.008747e-18
1.843670e+02 5.126130e-18 5.126130e-18
1.844670e+02 5.243513e-18 5.243513e-18
1.845670e+02 5.360897e-18 5.360897e-18
1.846670e+02 5.478280e-18 5.478280e-18
1.847670e+02 5.595663e-18 5.595663e-18
1.848670e+02 5.713047e-18 5.713047e-18
1.849670e+02 5.830430e-18 5.830430e-18
1.850670e+02 5.947813e-18 5.947813e-18
1.851670e+02 6.065197e-18 6.065197e-18
1.852670e+02 6.182580e-18 6.182580e-18
1.853670e+02 6.299963e-18 6.299963e-18
1.854670e+02 6.417347e-18 6.417347e-18
1.855670e+02 6.534730e-18 6.534730e-18
1.856670e+02 6.652113e-18 6.652113e-18
1.857670e+02 6.769497e-18 6.769497e-18
1.858670e+02 6.886880e-18 6.886880e-18
1.859670e+02 7.004263e-18 7.004263e-18
1.860670e+02 7.121647e-18 7.121647e-18
1.861670e+02 7.239030e-18 7.239030e-18
1.862670e+02 7.356413e-18 7.356413e-18
1.863670e+02 7.473797e-18 7.473797e-18
1.864670e+02 7.591180e-18 7.591180e-18
1.865670e+02 7.708563e-18 7.708563e-18
1.866670e+02 7.825947e-18 7.825947e-18
1.867670e+02 7.943330e-18 7.943330e-18
1.868670e+02 8.060713e-18 8.060713e-18
1.869670e+02 8.178097e-18 8.178097e-18
1.870670e+02 8.295480e-18 8.295480e-18
1.871670e+02 8.412863e-18 8.412863e-18
1.872670e+02 8.530247e-18 8.530247e-18
1.873670e+02 8.647630e-18 8.647630e-18
1.874670e+02 8.765013e-18 8.765013e-18
1.875670e+02 8.882397e-18 8.882397e-18
1.876670e+02 8.999780e-18 8.999780e-18
1.877670e+02 9.117163e-18 9.117163e-18
1.878670e+02 9.234547e-18 9.234547e-18
1.879670e+02 9.351930e-18 9.351930e-18
1.880670e+02 9.469313e-18 9.469313e-18
1.881670e+02 9.586697e-18 9.586697e-18
1.882670e+02 9.704080e-18 9.704080e-18
1.883670e+02 9.821463e-18 9.821463e-18
1.884670e+02 9.938847e-18 9.938847e-18
1.885670e+02 1.005623e-17 1.005623e-17
1.886670e+02 1.017361e-17 1.017361e-17
1.887670e+02 1.029100e-17 1.029100e-17
1.888670e+02 1.040838e-17 1.040838e-17
1.889670e+02 1.052576e-17 1.052576e-17
1.890670e+02 1.064315e-17 1.064315e-17
1.891670e+02 1.076053e-17 1.076053e-17
1.892670e+02 1.087791e-17 1.087791e-17
1.893670e+02 1.099530e-17 1.099530e-17
1.894670e+02 1.111268e-17 1.111268e-17
1.895670e+02 1.123006e-17 1.123006e-17
1.896670e+02 1.134745e-17 1.134745e-17
1.897670e+02 1.146483e-17 1.146483e-17
1.898670e+02 1.158221e-17 1.158221e-17
1.899670e+02 1.169960e-17 1.169960e-17
1.900670e+02 1.181698e-17 1.181698e-17
1.901670e+02 1.193436e-17 1.193436e-17
1.902670e+02 1.205175e-17 1.205175e-17
1.903670e+02 2.144138e-18 2.144138e-18
1.904670e+02 1.202639e-17 1.202639e-17
1.905670e+02 9.663328e-18 9.663328e-18
1.906670e+02 9.076714e-18 9.076714e-18
1.907670e+02 9.120097e-18 9.120097e-18
1.908670e+02 1.095655e-17 1.095655e-17
1.909670e+02 1.102498e-17 1.102498e-17
1.910670e+02 9.178070e-18 9.178070e-18
1.911670e+02 7.741776e-18 7.741776e-18
1.912670e+02 1.102760e-17 1.102760e-17
1.913670e+02 1.077186e-17 1.077186e-17
1.914670e+02 1.018621e-17 1.018621e-17
1.915670e+02 1.054898e-17 1.054898e-17
1.916670e+02 1.135755e-17 1.135755e-17
1.917670e+02 9.280301e-18 9.280301e-18
1.918670e+02 9.330453e-18 9.330453e-18
1.919670e+02 1.122650e-17 1.122650e-17
1.920670e+02 1.153793e-17 1.153793e-17
1.921670e+02 1.038665e-17 1.038665e-17
1.922670e+02 9.115049e-18 9.115049e-18
1.923670e+02 8.708551e-18 8.708551e-18
1.924670e+02 9.461421e-18 9.461421e-18
1.925670e+02 1.021429e-17 1.021429e-17
1.926670e+02 1.030825e-17 1.030825e-17
1.927670e+02 8.196279e-18 8.196279e-18
1.928670e+02 8.365089e-18 8.365089e-18
1.929670e+02 8.874308e-18 8.874308e-18
1.930670e+02 1.103762e-17 1.103762e-17
1.931670e+02 1.172467e-17 1.172467e-17
1.932670e+02 1.056267e-17 1.056267e-17
1.933670e+02 1.013310e-17 1.013310e-17
1.934670e+02 1.250039e-17 1.250039e-17
1.935670e+02 1.086308e-17 1.086308e-17
1.936670e+02 1.114879e-17 1.114879e-17
1.937670e+02 9.826296e-18 9.826296e-18
1.938670e+02 9.623975e-18 9.623975e-18
1.939670e+02 9.880522e-18 9.880522e-18
1.940670e+02 1.177952e-17 1.177952e-17
1.941670e+02 1.268331e-17 1.268331e-17
1.942670e+02 1.249802e-17 1.249802e-17
1.943670e+02 1.196098e-17 1.196098e-17
1.944670e+02 1.150663e-17 1.150663e-17
1.945670e+02 1.077708e-17 1.077708e-17
1.946670e+02 1.366836e-17 1.366836e-17
1.947670e+02 1.452066e-17 1.452066e-17
1.948670e+02 1.409502e-17 1.409502e-17
1.949670e+02 1.160756e-17 1.160756e-17
1.950670e+02 1.192704e-17 1.192704e-17
1.951670e+02 8.068896e-18 8.068896e-18
1.952670e+02 8.493370e-18 8.493370e-18
1.953670e+02 1.136597e-17 1.136597e-17
1.954670e+02 1.339323e-17 1.339323e-17
1.955670e+02 1.178265e-17 1.178265e-17
1.956670e+02 1.096213e-17 1.096213e-17
1.957670e+02 1.091373e-17 1.091373e-17
1.958670e+02 1.109477e-17 1.109477e-17
1.959670e+02 1.127582e-17 1.127582e-17
1.960670e+02 1.371355e-17 1.371355e-17
1.961670e+02 1.517871e-17 1.517871e-17
1.962670e+02 1.572551e-17 1.572551e-17
1.963670e+02 1.363640e-17 1.363640e-17
1.964670e+02 1.272597e-17 1.272597e-17
1.965670e+02 9.275377e-18 9.275377e-18
1.966670e+02 9.194039e-18 9.194039e-18
1.967670e+02 1.143441e-17 1.143441e-17
1.968670e+02 1.257129e-17 1.257129e-17
1.969670e+02 1.293440e-17 1.293440e-17
1.970670e+02 1.282807e-17 1.282807e-17
1.971670e+02 1.194753e-17 1.194753e-17
1.972670e+02 1.442387e-17 1.442387e-17
1.973670e+02 1.540208e-17 1.540208e-17
1.974670e+02 1.073200e-17 1.073200e-17
1.975670e+02 9.897791e-18 9.897791e-18
1.976670e+02 1.383605e-17 1.383605e-17
1.977670e+02 1.569295e-17 1.569295e-17
1.978670e+02 1.451393e-17 1.451393e-17
1.979670e+02 1.282363e-17 1.282363e-17
1.980670e+02 1.170942e-17 1.170942e-17
1.981670e+02 1.074400e-17 1.074400e-17
1.982670e+02 1.022872e-17 1.022872e-17
1.983670e+02 1.139278e-17 1.139278e-17
1.984670e+02 1.402208e-17 1.402208e-17
1.985670e+02 1.568162e-17 1.568162e-17
1.986670e+02 1.595332e-17 1.595332e-17
1.987670e+02 1.493373e-17 1.493373e-17
1.988670e+02 1.434154e-17 1.434154e-17
1.989670e+02 1.259557e-17 1.259557e-17
1.990670e+02 1.213502e-17 1.213502e-17
1.991670e+02 1.415465e-17 1.415465e-17
1.992670e+02 1.465056e-17 1.465056e-17
1.993670e+02 1.393685e-17 1.393685e-17
1.994670e+02 1.246926e-17 1.246926e-17
1.995670e+02 1.204893e-17 1.204893e-17
1.996670e+02 1.135598e-17 1.135598e-17
1.997670e+02 1.437120e-17 1.437120e-17
1.998670e+02 1.775022e-17 1.775022e-17
1.999670e+02 2.216558e-17 2.216558e-17
2.000670e+02 1.983647e-17 1.983647e-17
2.001670e+02 1.738581e-17 1.738581e-17
2.002670e+02 1.549976e-17 1.549976e-17
2.003670e+02 1.584130e-17 1.584130e-17
2.004670e+02 1.492988e-17 1.492988e-17
2.005670e+02 1.507035e-17 1.507035e-17
2.006670e+02 1.221494e-17 1.221494e-17
2.007670e+02 1.145694e-17 1.145694e-17
2.008670e+02 1.107155e-17 1.107155e-17
2.009670e+02 1.067299e-17 1.067299e-17
2.010670e+02 1.027442e-17 1.027442e-17
2.011670e+02 1.014363e-17 1.014363e-17
2.012670e+02 1.050012e-17 1.050012e-17
2.013670e+02 1.607372e-17 1.607372e-17
2.014670e+02 2.269290e-17 2.269290e-17
2.015670e+02 2.265705e-17 2.265705e-17
2.016670e+02 2.158198e-17 2.158198e-17
2.017670e+02 1.721984e-17 1.721984e-17
2.018670e+02 1.718008e-17 1.718008e-17
2.019670e+02 1.542809e-17 1.542809e-17
2.020670e+02 1.454949e-17 1.454949e-17
2.021670e+02 1.862012e-17 1.862012e-17
2.022670e+02 1.520036e-17 1.520036e-17
2.023670e+02 1.060301e-17 1.060301e-17
2.024670e+02 9.478565e-18 9.478565e-18
2.025670e+02 9.163592e-18 9.163592e-18
2.026670e+02 8.979638e-18 8.979638e-18
2.027670e+02 8.937105e-18 8.937105e-18
2.028670e+02 8.773057e-18 8.773057e-18
2.029670e+02 8.328377e-18 8.328377e-18
2.030670e+02 7.941966e-18 7.941966e-18
2.031670e+02 8.901781e-18 8.901781e-18
2.032670e+02 1.119482e-17 1.119482e-17
2.033670e+02 1.928013e-17 1.928013e-17
2.034670e+02 2.577677e-17 2.577677e-17
2.035670e+02 2.947328e-17 2.947328e-17
2.036670e+02 2.692075e-17 2.692075e-17
2.037670e+02 1.751684e-17 1.751684e-17
2.038670e+02 1.507086e-17 1.507086e-17
2.039670e+02 1.291665e-17 1.291665e-17
2.040670e+02 1.076244e-17 1.076244e-17
2.041670e+02 8.797856e-18 8.797856e-18
2.042670e+02 8.082024e-18 8.082024e-18
2.043670e+02 7.460248e-18 7.460248e-18
2.044670e+02 7.621140e-18 7.621140e-18
2.045670e+02 7.629528e-18 7.629528e-18
2.046670e+02 7.038064e-18 7.038064e-18
2.047670e+02 6.638423e-18 6.638423e-18
2.048670e+02 6.508832e-18 6.508832e-18
2.049670e+02 6.222995e-18 6.222995e-18
2.050670e+02 6.208911e-18 6.208911e-18
2.051670e+02 1.201154e-17 1.201154e-17
2.052670e+02 1.280065e-17 1.280065e-17
2.053670e+02 1.464460e-17 1.464460e-17
2.054670e+02 2.291621e-17 2.291621e-17
2.055670e+02 1.941760e-17 1.941760e-17
2.056670e+02 1.622994e-17 1.622994e-17
2.057670e+02 1.398781e-17 1.398781e-17
2.058670e+02 1.085410e-17 1.085410e-17
2.059670e+02 9.569320e-18 9.569320e-18
2.060670e+02 7.768925e-18 7.768925e-18
2.061670e+02 6.608883e-18 6.608883e-18
2.062670e+02 5.459228e-18 5.459228e-18
2.063670e+02 4.585490e-18 4.585490e-18
2.064670e+02 4.532294e-18 4.532294e-18
2.065670e+02 5.141102e-18 5.141102e-18
2.066670e+02 6.754736e-18 6.754736e-18
2.067670e+02 7.616378e-18 7.616378e-18
2.068670e+02 6.655382e-18 6.655382e-18
2.069670e+02 5.012915e-18 5.012915e-18
2.070670e+02 4.238197e-18 4.238197e-18
2.071670e+02 4.063440e-18 4.063440e-18
2.072670e+02 4.404046e-18 4.404046e-18
2.073670e+02 5.588187e-18 5.588187e-18
2.074670e+02 1.287617e-17 1.287617e-17
2.075670e+02 1.922302e-17 1.922302e-17
2.076670e+02 1.713434e-17 1.713434e-17
2.077670e+02 1.469499e-17 1.469499e-17
2.078670e+02 1.134164e-17 1.134164e-17
2.079670e+02 9.729278e-18 9.729278e-18
2.080670e+02 8.460555e-18 8.460555e-18
2.081670e+02 7.852729e-18 7.852729e-18
2.082670e+02 7.942880e-18 7.942880e-18
2.083670e+02 8.023244e-18 8.023244e-18
2.084670e+02 7.150557e-18 7.150557e-18
2.085670e+02 5.629513e-18 5.629513e-18
2.086670e+02 4.936215e-18 4.936215e-18
2.087670e+02 4.683412e-18 4.683412e-18
2.088670e+02 4.509202e-18 4.509202e-18
2.089670e+02 3.863311e-18 3.863311e-18
2.090670e+02 3.383816e-18 3.383816e-18
2.091670e+02 3.268604e-18 3.268604e-18
2.092670e+02 3.132248e-18 3.132248e-18
2.093670e+02 2.940047e-18 2.940047e-18
2.094670e+02 3.062679e-18 3.062679e-18
2.095670e+02 4.809156e-18 4.809156e-18
2.096670e+02 8.894370e-18 8.894370e-18
2.097670e+02 1.624548e-17 1.624548e-17
2.098670e+02 1.540998e-17 1.540998e-17
2.099670e+02 1.381374e-17 1.381374e-17
2.100670e+02 1.301937e-17 1.301937e-17
2.101670e+02 1.091748e-17 1.091748e-17
2.102670e+02 7.846526e-18 7.846526e-18
2.103670e+02 4.974035e-18 4.974035e-18
2.104670e+02 5.014921e-18 5.014921e-18
2.105670e+02 4.697893e-18 4.697893e-18
2.106670e+02 4.305971e-18 4.305971e-18
2.107670e+02 3.911215e-18 3.911215e-18
2.108670e+02 3.127860e-18 3.127860e-18
2.109670e+02 2.651182e-18 2.651182e-18
2.110670e+02 2.036720e-18 2.036720e-18
2.111670e+02 1.879940e-18 1.879940e-18
2.112670e+02 1.925430e-18 1.925430e-18
2.113670e+02 1.970920e-18 1.970920e-18
2.114670e+02 2.226484e-18 2.226484e-18
2.115670e+02 3.325360e-18 3.325360e-18
2.116670e+02 3.860480e-18 3.860480e-18
2.117670e+02 4.658446e-18 4.658446e-18
2.118670e+02 4.087691e-18 4.087691e-18
2.119670e+02 6.636716e-18 6.636716e-18
2.120670e+02 1.119320e-17 1.119320e-17
2.121670e+02 1.326865e-17 1.326865e-17
2.122670e+02 1.160623e-17 1.160623e-17
2.123670e+02 9.875453e-18 9.875453e-18
2.124670e+02 8.308845e-18 8.308845e-18
2.125670e+02 6.899718e-18 6.899718e-18
2.126670e+02 6.174596e-18 6.174596e-18
2.127670e+02 4.640611e-18 4.640611e-18
2.128670e+02 3.939210e-18 3.939210e-18
2.129670e+02 3.293652e-18 3.293652e-18
2.130670e+02 2.978378e-18 2.978378e-18
2.131670e+02 2.889648e-18 2.889648e-18
2.132670e+02 2.927086e-18 2.927086e-18
2.133670e+02 2.965143e-18 2.965143e-18
2.134670e+02 3.484202e-18 3.484202e-18
2.135670e+02 3.274366e-18 3.274366e-18
2.136670e+02 2.659461e-18 2.659461e-18
2.137670e+02 1.618224e-18 1.618224e-18
2.138670e+02 1.049286e-18 1.049286e-18
2.139670e+02 1.043509e-18 1.043509e-18
2.140670e+02 1.568072e-18 1.568072e-18
2.141670e+02 3.070954e-18 3.070954e-18
2.142670e+02 5.480403e-18 5.480403e-18
2.143670e+02 7.889853e-18 7.889853e-18
2.144670e+02 6.857776e-18 6.857776e-18
2.145670e+02 1.124761e-17 1.124761e-17
2.146670e+02 9.267990e-18 9.267990e-18
2.147670e+02 7.963499e-18 7.963499e-18
2.148670e+02 6.061073e-18 6.061073e-18
2.149670e+02 5.234076e-18 5.234076e-18
2.150670e+02 4.932293e-18 4.932293e-18
2.151670e+02 4.328849e-18 4.328849e-18
2.152670e+02 3.369970e-18 3.369970e-18
2.153670e+02 2.566716e-18 2.566716e-18
2.154670e+02 2.203496e-18 2.203496e-18
2.155670e+02 2.113910e-18 2.113910e-18
2.156670e+02 2.007410e-18 2.007410e-18
2.157670e+02 1.711455e-18 1.711455e-18
2.158670e+02 9.937691e-19 9.937691e-19
2.159670e+02 8.091884e-19 8.091884e-19
2.160670e+02 7.314815e-19 7.314815e-19
2.161670e+02 7.619503e-19 7.619503e-19
2.162670e+02 8.115867e-19 8.115867e-19
2.163670e+02 1.161516e-18 1.161516e-18
2.164670e+02 1.127709e-18 1.127709e-18
2.165670e+02 9.302357e-19 9.302357e-19
2.166670e+02 7.600463e-19 7.600463e-19
2.167670e+02 8.131475e-19 8.131475e-19
2.168670e+02 2.488040e-18 2.488040e-18
2.169670e+02 5.386389e-18 5.386389e-18
2.170670e+02 8.284737e-18 8.284737e-18
2.171670e+02 8.430073e-18 8.430073e-18
2.172670e+02 7.403290e-18 7.403290e-18
2.173670e+02 5.470104e-18 5.470104e-18
2.174670e+02 4.188526e-18 4.188526e-18
2.175670e+02 3.941332e-18 3.941332e-18
2.176670e+02 3.239466e-18 3.239466e-18
2.177670e+02 2.493116e-18 2.493116e-18
2.178670e+02 1.864318e-18 1.864318e-18
2.179670e+02 1.532514e-18 1.532514e-18
2.180670e+02 1.344946e-18 1.344946e-18
2.181670e+02 1.035796e-18 1.035796e-18
2.182670e+02 9.271642e-19 9.271642e-19
2.183670e+02 9.272767e-19 9.272767e-19
2.184670e+02 7.967920e-19 7.967920e-19
2.185670e+02 7.510304e-19 7.510304e-19
2.186670e+02 9.091751e-19 9.091751e-19
2.187670e+02 1.067882e-18 1.067882e-18
2.188670e+02 1.226963e-18 1.226963e-18
2.189670e+02 1.021791e-18 1.021791e-18
2.190670e+02 8.334148e-19 8.334148e-19
2.191670e+02 8.123058e-19 8.123058e-19
2.192670e+02 7.766315e-19 7.766315e-19
2.193670e+02 6.434815e-19 6.434815e-19
2.194670e+02 1.281449e-18 1.281449e-18
2.195670e+02 2.018771e-18 2.018771e-18
2.196670e+02 4.783381e-18 4.783381e-18
2.197670e+02 5.581445e-18 5.581445e-18
2.198670e+02 5.392767e-18 5.392767e-18
2.199670e+02 4.555946e-18 4.555946e-18
2.200670e+02 3.846733e-18 3.846733e-18
2.201670e+02 3.212226e-18 3.212226e-18
2.202670e+02 2.605003e-18 2.605003e-18
2.203670e+02 2.095315e-18 2.095315e-18
2.204670e+02 2.221890e-18 2.221890e-18
2.205670e+02 2.217551e-18 2.217551e-18
2.206670e+02 1.719934e-18 1.719934e-18
2.207670e+02 1.360131e-18 1.360131e-18
2.208670e+02 1.280285e-18 1.280285e-18
2.209670e+02 1.200440e-18 1.200440e-18
2.210670e+02 1.122303e-18 1.122303e-18
2.211670e+02 1.046524e-18 1.046524e-18
2.212670e+02 9.707449e-19 9.707449e-19
2.213670e+02 8.948443e-19 8.948443e-19
2.214670e+02 8.188065e-19 8.188065e-19
2.215670e+02 7.427687e-19 7.427687e-19
2.216670e+02 7.070903e-19 7.070903e-19
2.217670e+02 7.072021e-19 7.072021e-19
2.218670e+02 7.136889e-19 7.136889e-19
2.219670e+02 7.289790e-19 7.289790e-19
2.220670e+02 7.984908e-19 7.984908e-19
2.221670e+02 1.228084e-18 1.228084e-18
2.222670e+02 1.881747e-18 1.881747e-18
2.223670e+02 2.877949e-18 2.877949e-18
2.224670e+02 4.128654e-18 4.128654e-18
2.225670e+02 4.311652e-18 4.311652e-18
2.226670e+02 3.619294e-18 3.619294e-18
2.227670e+02 3.098727e-18 3.098727e-18
2.228670e+02 1.937627e-18 1.937627e-18
2.229670e+02 1.397835e-18 1.397835e-18
2.230670e+02 1.253429e-18 1.253429e-18
2.231670e+02 1.129163e-18 1.129163e-18
2.232670e+02 1.000456e-18 1.000456e-18
2.233670e+02 8.673077e-19 8.673077e-19
2.234670e+02 8.683254e-19 8.683254e-19
2.235670e+02 8.987942e-19 8.987942e-19
2.236670e+02 9.292631e-19 9.292631e-19
2.237670e+02 9.069111e-19 9.069111e-19
2.238670e+02 8.766663e-19 8.766663e-19
2.239670e+02 8.464216e-19 8.464216e-19
2.240670e+02 8.684800e-19 8.684800e-19
2.241670e+02 7.773222e-19 7.773222e-19
2.242670e+02 2.919101e-19 2.919101e-19
2.243670e+02 9.082024e-20 9.082024e-20
2.244670e+02 1.042191e-19 1.042191e-19
2.245670e+02 1.176179e-19 1.176179e-19
2.246670e+02 1.414089e-19 1.414089e-19
2.247670e+02 2.067683e-19 2.067683e-19
2.248670e+02 2.721276e-19 2.721276e-19
2.249670e+02 3.374870e-19 3.374870e-19
2.250670e+02 4.028464e-19 4.028464e-19
2.251670e+02 3.169693e-19 3.169693e-19
2.252670e+02 7.638338e-19 7.638338e-19
2.253670e+02 2.182265e-18 2.182265e-18
2.254670e+02 2.137073e-18 2.137073e-18
2.255670e+02 1.671713e-18 1.671713e-18
2.256670e+02 1.583633e-18 1.583633e-18
2.257670e+02 1.487795e-18 1.487795e-18
2.258670e+02 1.120146e-18 1.120146e-18
2.259670e+02 7.749115e-19 7.749115e-19
2.260670e+02 5.337157e-19 5.337157e-19
2.261670e+02 3.870028e-19 3.870028e-19
2.262670e+02 3.605411e-19 3.605411e-19
2.263670e+02 3.340794e-19 3.340794e-19
2.264670e+02 3.082390e-19 3.082390e-19
2.265670e+02 2.906528e-19 2.906528e-19
2.266670e+02 2.730666e-19 2.730666e-19
2.267670e+02 3.222177e-19 3.222177e-19
2.268670e+02 4.282191e-19 4.282191e-19
2.269670e+02 5.342204e-19 5.342204e-19
2.270670e+02 5.993358e-19 5.993358e-19
2.271670e+02 6.348441e-19 6.348441e-19
2.272670e+02 6.659279e-19 6.659279e-19
2.273670e+02 6.129453e-19 6.129453e-19
2.274670e+02 5.599627e-19 5.599627e-19
2.275670e+02 6.995913e-19 6.995913e-19
2.276670e+02 9.270765e-19 9.270765e-19
2.277670e+02 8.847467e-19 8.847467e-19
2.278670e+02 8.359208e-19 8.359208e-19
2.279670e+02 7.471911e-19 7.471911e-19
2.280670e+02 6.584613e-19 6.584613e-19
2.281670e+02 8.200082e-19 8.200082e-19
2.282670e+02 1.108983e-18 1.108983e-18
2.283670e+02 1.347551e-18 1.347551e-18
2.284670e+02 1.361825e-18 1.361825e-18
2.285670e+02 1.255325e-18 1.255325e-18
2.286670e+02 1.141896e-18 1.141896e-18
2.287670e+02 9.820942e-19 9.820942e-19
2.288670e+02 8.222926e-19 8.222926e-19
2.289670e+02 7.357235e-19 7.357235e-19
2.290670e+02 6.959751e-19 6.959751e-19
2.291670e+02 6.562268e-19 6.562268e-19
2.292670e+02 6.324036e-19 6.324036e-19
2.293670e+02 6.590101e-19 6.590101e-19
2.294670e+02 6.856166e-19 6.856166e-19
2.295670e+02 7.122231e-19 7.122231e-19
2.296670e+02 8.620428e-19 8.620428e-19
2.297670e+02 1.031921e-18 1.031921e-18
2.298670e+02 1.106306e-18 1.106306e-18
2.299670e+02 1.148860e-18 1.148860e-18
2.300670e+02 1.082376e-18 1.082376e-18
2.301670e+02 9.545575e-19 9.545575e-19
2.302670e+02 8.703026e-19 8.703026e-19
2.303670e+02 8.231575e-19 8.231575e-19
2.304670e+02 7.760124e-19 7.760124e-19
2.305670e+02 7.288673e-19 7.288673e-19
2.306670e+02 6.994435e-19 6.994435e-19
2.307670e+02 6.759269e-19 6.759269e-19
2.308670e+02 6.524103e-19 6.524103e-19
2.309670e+02 6.288937e-19 6.288937e-19
2.310670e+02 6.426316e-19 6.426316e-19
2.311670e+02 6.579217e-19 6.579217e-19
2.312670e+02 6.751672e-19 6.751672e-19
2.313670e+02 8.859914e-19 8.859914e-19
2.314670e+02 1.354300e-18 1.354300e-18
2.315670e+02 1.412584e-18 1.412584e-18
2.316670e+02 1.336804e-18 1.336804e-18
2.317670e+02 1.261025e-18 1.261025e-18
2.318670e+02 1.140151e-18 1.140151e-18
2.319670e+02 1.015884e-18 1.015884e-18
2.320670e+02 9.113905e-19 9.113905e-19
2.321670e+02 8.353528e-19 8.353528e-19
2.322670e+02 7.593150e-19 7.593150e-19
2.323670e+02 6.689611e-19 6.689611e-19
2.324670e+02 5.624635e-19 5.624635e-19
2.325670e+02 5.010082e-19 5.010082e-19
2.326670e+02 5.162468e-19 5.162468e-19
2.327670e+02 5.314853e-19 5.314853e-19
2.328670e+02 5.361613e-19 5.361613e-19
2.329670e+02 5.256377e-19 5.256377e-19
2.330670e+02 5.151140e-19 5.151140e-19
2.331670e+02 5.045904e-19 5.045904e-19
2.332670e+02 4.940668e-19 4.940668e-19
2.333670e+02 4.835431e-19 4.835431e-19
2.334670e+02 4.730195e-19 4.730195e-19
2.335670e+02 4.624959e-19 4.624959e-19
2.336670e+02 4.519722e-19 4.519722e-19
2.337670e+02 6.866577e-19 6.866577e-19
2.338670e+02 8.009708e-19 8.009708e-19
2.339670e+02 6.145148e-19 6.145148e-19
2.340670e+02 5.418654e-19 5.418654e-19
2.341670e+02 5.419776e-19 5.419776e-19
2.342670e+02 5.420898e-19 5.420898e-19
2.343670e+02 5.349163e-19 5.349163e-19
2.344670e+02 5.046715e-19 5.046715e-19
2.345670e+02 4.744268e-19 4.744268e-19
2.346670e+02 3.906988e-19 3.906988e-19
2.347670e+02 1.760291e-19 1.760291e-19
