# SO cross sections
# From the Leiden database for photodissociation and photoionization of astrophysically relevant molecules, http://home.strw.leidenuniv.nl/~ewine/photo/
# File last modified by Alan Heays 2017-03-01
# references: phillips1981 10.1021/j150626a009, nee1986b 10.1063/1.449940, norwood1989 10.1016/S0009-2614(89)87110-6,
# no info on lines
# wavelength: (nm)
# photoabsorption   -- Photoabsorption cross section (cm2)
# photoionisation   -- Photoionisation cross section (cm2)
# This version has been resampled to a uniform 0.1nm grid while maintaining a constant integrated cross section (using trapezoidal integration).
# wavelength photoabsorption photoionisation
1.025670e+02 4.062907e-17 4.062907e-17
1.026670e+02 3.942286e-17 3.942286e-17
1.027670e+02 3.906024e-17 3.906024e-17
1.028670e+02 4.014803e-17 4.014803e-17
1.029670e+02 4.231580e-17 4.231580e-17
1.030670e+02 4.209393e-17 4.209393e-17
1.031670e+02 4.162548e-17 4.162548e-17
1.032670e+02 4.197956e-17 4.197956e-17
1.033670e+02 4.260520e-17 4.260520e-17
1.034670e+02 4.239931e-17 4.239931e-17
1.035670e+02 4.184725e-17 4.184725e-17
1.036670e+02 4.150209e-17 4.150209e-17
1.037670e+02 4.126234e-17 4.126234e-17
1.038670e+02 4.127505e-17 4.127505e-17
1.039670e+02 4.271944e-17 4.271944e-17
1.040670e+02 4.384043e-17 4.384043e-17
1.041670e+02 4.390029e-17 4.390029e-17
1.042670e+02 4.576215e-17 4.576215e-17
1.043670e+02 4.691165e-17 4.691165e-17
1.044670e+02 4.697026e-17 4.697026e-17
1.045670e+02 4.671387e-17 4.671387e-17
1.046670e+02 4.304514e-17 4.304514e-17
1.047670e+02 3.955578e-17 3.955578e-17
1.048670e+02 3.909131e-17 3.909131e-17
1.049670e+02 4.062823e-17 4.062823e-17
1.050670e+02 4.209955e-17 4.209955e-17
1.051670e+02 4.516717e-17 4.516717e-17
1.052670e+02 4.815459e-17 4.815459e-17
1.053670e+02 4.999159e-17 4.999159e-17
1.054670e+02 4.885568e-17 4.885568e-17
1.055670e+02 4.593251e-17 4.593251e-17
1.056670e+02 3.847339e-17 3.847339e-17
1.057670e+02 3.365062e-17 3.365062e-17
1.058670e+02 3.314323e-17 3.314323e-17
1.059670e+02 3.507889e-17 3.507889e-17
1.060670e+02 3.799057e-17 3.799057e-17
1.061670e+02 4.069910e-17 4.069910e-17
1.062670e+02 3.701455e-17 3.701455e-17
1.063670e+02 3.489122e-17 3.489122e-17
1.064670e+02 3.734979e-17 3.734979e-17
1.065670e+02 4.164034e-17 4.164034e-17
1.066670e+02 3.946371e-17 3.946371e-17
1.067670e+02 3.470302e-17 3.470302e-17
1.068670e+02 2.833333e-17 2.833333e-17
1.069670e+02 2.417898e-17 2.417898e-17
1.070670e+02 2.175336e-17 2.175336e-17
1.071670e+02 2.074186e-17 2.074186e-17
1.072670e+02 2.098438e-17 2.098438e-17
1.073670e+02 2.168348e-17 2.168348e-17
1.074670e+02 2.246246e-17 2.246246e-17
1.075670e+02 2.427213e-17 2.427213e-17
1.076670e+02 2.543854e-17 2.543854e-17
1.077670e+02 2.584716e-17 2.584716e-17
1.078670e+02 2.614282e-17 2.614282e-17
1.079670e+02 2.770130e-17 2.770130e-17
1.080670e+02 2.851039e-17 2.851039e-17
1.081670e+02 2.876264e-17 2.876264e-17
1.082670e+02 2.932731e-17 2.932731e-17
1.083670e+02 3.003638e-17 3.003638e-17
1.084670e+02 2.948922e-17 2.948922e-17
1.085670e+02 2.953536e-17 2.953536e-17
1.086670e+02 3.024225e-17 3.024225e-17
1.087670e+02 3.070288e-17 3.070288e-17
1.088670e+02 3.050419e-17 3.050419e-17
1.089670e+02 2.921286e-17 2.921286e-17
1.090670e+02 2.801173e-17 2.801173e-17
1.091670e+02 2.773848e-17 2.773848e-17
1.092670e+02 2.768093e-17 2.768093e-17
1.093670e+02 2.808682e-17 2.808682e-17
1.094670e+02 2.823230e-17 2.823230e-17
1.095670e+02 2.816944e-17 2.816944e-17
1.096670e+02 2.754989e-17 2.754989e-17
1.097670e+02 2.705152e-17 2.705152e-17
1.098670e+02 2.657029e-17 2.657029e-17
1.099670e+02 2.509363e-17 2.509363e-17
1.100670e+02 2.481037e-17 2.481037e-17
1.101670e+02 2.389904e-17 2.389904e-17
1.102670e+02 2.310603e-17 2.310603e-17
1.103670e+02 2.409212e-17 2.409212e-17
1.104670e+02 2.426638e-17 2.426638e-17
1.105670e+02 2.391531e-17 2.391531e-17
1.106670e+02 2.249963e-17 2.249963e-17
1.107670e+02 2.052090e-17 2.052090e-17
1.108670e+02 1.963462e-17 1.963462e-17
1.109670e+02 1.942956e-17 1.942956e-17
1.110670e+02 1.893922e-17 1.893922e-17
1.111670e+02 1.791939e-17 1.791939e-17
1.112670e+02 1.875401e-17 1.875401e-17
1.113670e+02 1.924712e-17 1.924712e-17
1.114670e+02 1.825797e-17 1.825797e-17
1.115670e+02 1.626536e-17 1.626536e-17
1.116670e+02 1.470243e-17 1.470243e-17
1.117670e+02 1.509701e-17 1.509701e-17
1.118670e+02 1.525346e-17 1.525346e-17
1.119670e+02 1.528262e-17 1.528262e-17
1.120670e+02 1.451960e-17 1.451960e-17
1.121670e+02 1.422015e-17 1.422015e-17
1.122670e+02 1.371046e-17 1.371046e-17
1.123670e+02 1.260237e-17 1.260237e-17
1.124670e+02 1.152493e-17 1.152493e-17
1.125670e+02 1.075731e-17 1.075731e-17
1.126670e+02 1.082409e-17 1.082409e-17
1.127670e+02 1.088406e-17 1.088406e-17
1.128670e+02 1.093602e-17 1.093602e-17
1.129670e+02 1.136455e-17 1.136455e-17
1.130670e+02 1.101722e-17 1.101722e-17
1.131670e+02 1.061973e-17 1.061973e-17
1.132670e+02 1.017889e-17 1.017889e-17
1.133670e+02 9.434198e-18 9.434198e-18
1.134670e+02 8.875049e-18 8.875049e-18
1.135670e+02 9.033670e-18 9.033670e-18
1.136670e+02 9.283567e-18 9.283567e-18
1.137670e+02 9.282526e-18 9.282526e-18
1.138670e+02 9.319466e-18 9.319466e-18
1.139670e+02 9.955325e-18 9.955325e-18
1.140670e+02 9.371406e-18 9.371406e-18
1.141670e+02 9.127598e-18 9.127598e-18
1.142670e+02 7.752859e-18 7.752859e-18
1.143670e+02 7.273426e-18 7.273426e-18
1.144670e+02 6.557675e-18 6.557675e-18
1.145670e+02 6.272248e-18 6.272248e-18
1.146670e+02 6.165169e-18 6.165169e-18
1.147670e+02 6.496781e-18 6.496781e-18
1.148670e+02 7.501679e-18 7.501679e-18
1.149670e+02 8.272999e-18 8.272999e-18
1.150670e+02 7.982816e-18 7.982816e-18
1.151670e+02 7.288203e-18 7.288203e-18
1.152670e+02 6.553148e-18 6.553148e-18
1.153670e+02 6.599797e-18 6.599797e-18
1.154670e+02 6.646447e-18 6.646447e-18
1.155670e+02 6.472291e-18 6.472291e-18
1.156670e+02 6.259169e-18 6.259169e-18
1.157670e+02 6.232677e-18 6.232677e-18
1.158670e+02 6.231633e-18 6.231633e-18
1.159670e+02 5.146670e-17 8.090384e-18
1.160670e+02 9.919427e-17 9.933672e-18
1.161670e+02 9.791255e-17 8.401745e-18
1.162670e+02 9.674668e-17 4.983047e-18
1.163670e+02 9.558082e-17 4.743268e-18
1.164670e+02 9.467668e-17 4.596666e-18
1.165670e+02 9.391347e-17 4.500236e-18
1.166670e+02 9.458757e-17 4.322891e-18
1.167670e+02 9.694893e-17 4.050561e-18
1.168670e+02 9.931030e-17 4.639296e-18
1.169670e+02 1.013120e-16 4.952537e-18
1.170670e+02 1.031939e-16 5.198885e-18
1.171670e+02 1.044365e-16 5.602156e-18
1.172670e+02 1.056790e-16 5.764411e-18
1.173670e+02 1.063717e-16 5.408893e-18
1.174670e+02 1.054086e-16 4.736090e-18
1.175670e+02 1.038196e-16 4.250280e-18
1.176670e+02 1.010136e-16 4.215689e-18
1.177670e+02 9.820750e-17 4.676274e-18
1.178670e+02 9.690183e-17 5.638753e-18
1.179670e+02 9.554273e-17 6.744862e-18
1.180670e+02 9.641986e-17 6.357339e-18
1.181670e+02 9.904869e-17 4.640232e-18
1.182670e+02 1.016775e-16 4.300075e-18
1.183670e+02 1.039456e-16 3.787983e-18
1.184670e+02 1.045372e-16 3.226550e-18
1.185670e+02 1.033597e-16 2.702078e-18
1.186670e+02 1.021822e-16 2.359706e-18
1.187670e+02 1.010048e-16 2.099440e-18
1.188670e+02 9.982730e-17 1.887394e-18
1.189670e+02 1.003972e-16 1.750499e-18
1.190670e+02 1.019080e-16 1.654069e-18
1.191670e+02 1.036952e-16 1.710709e-18
1.192670e+02 1.058068e-16 1.947040e-18
1.193670e+02 1.076463e-16 1.980095e-18
1.194670e+02 1.093693e-16 1.926031e-18
1.195670e+02 1.103014e-16 1.949178e-18
1.196670e+02 1.109409e-16 2.000883e-18
1.197670e+02 1.115804e-16 2.309749e-18
1.198670e+02 1.122199e-16 2.655601e-18
1.199670e+02 1.134844e-16 2.613331e-18
1.200670e+02 1.187358e-16 2.190998e-18
1.201670e+02 1.243159e-16 1.923397e-18
1.202670e+02 1.298959e-16 1.692354e-18
1.203670e+02 1.354759e-16 1.638290e-18
1.204670e+02 1.406249e-16 1.559266e-18
1.205670e+02 1.400463e-16 1.148624e-18
1.206670e+02 1.379931e-16 5.452117e-19
1.207670e+02 1.346839e-16 1.016445e-19
1.208670e+02 1.313746e-16 5.414708e-20
1.209670e+02 1.280653e-16 6.649641e-21
