!-----------------------------------------------
!--     CO energy levels in degree K          --
!--   in the order of increasing energy       --
!--                                           --
!-- num  V    J   weight   Evj(K)             --
!-----------------------------------------------
    1    0    0     1        0.000
    2    0    1     3        5.532
    3    0    2     5       16.596
    4    0    3     7       33.191
    5    0    4     9       55.318
    6    0    5    11       82.974
    7    0    6    13      116.160
    8    0    7    15      154.873
    9    0    8    17      199.112
   10    0    9    19      248.876
   11    0   10    21      304.163
   12    0   11    23      364.970
   13    0   12    25      431.295
   14    0   13    27      503.136
   15    0   14    29      580.490
   16    0   15    31      663.354
   17    0   16    33      751.725
   18    0   17    35      845.599
   19    0   18    37      944.973
   20    0   19    39     1049.843
   21    0   20    41     1160.205
   22    0   21    43     1276.054
   23    0   22    45     1397.387
   24    0   23    47     1524.199
   25    0   24    49     1656.485
   26    0   25    51     1794.240
   27    0   26    53     1937.458
   28    0   27    55     2086.134
   29    0   28    57     2240.263
   30    0   29    59     2399.838
   31    0   30    61     2564.853
   32    0   31    63     2735.303
   33    0   32    65     2911.180
   34    1    0     1     3083.689
   35    1    1     3     3089.170
   36    0   33    67     3092.478
   37    1    2     5     3100.134
   38    1    3     7     3116.578
   39    1    4     9     3138.503
   40    1    5    11     3165.908
   41    1    6    13     3198.791
   42    1    7    15     3237.152
   43    0   34    69     3279.190
   44    1    8    17     3280.988
   45    1    9    19     3330.299
   46    1   10    21     3385.082
   47    1   11    23     3445.335
   48    0   35    71     3471.308
   49    1   12    25     3511.056
   50    1   13    27     3582.242
   51    1   14    29     3658.891
   52    0   36    73     3668.826
   53    1   15    31     3740.999
   54    1   16    33     3828.564
   55    0   37    75     3871.736
   56    1   17    35     3921.582
   57    1   18    37     4020.049
   58    0   38    77     4080.030
   59    1   19    39     4123.962
   60    1   20    41     4233.317
   61    0   39    79     4293.699
   62    1   21    43     4348.109
   63    1   22    45     4468.334
   64    0   40    81     4512.737
   65    1   23    47     4593.988
   66    1   24    49     4725.065
   67    0   41    83     4737.134
   68    1   25    51     4861.560
   69    0   42    85     4966.882
   70    1   26    53     5003.469
   71    1   27    55     5150.785
   72    0   43    87     5201.973
   73    1   28    57     5303.504
   74    0   44    89     5442.396
   75    1   29    59     5461.618
   76    1   30    61     5625.123
   77    0   45    91     5688.143
   78    1   31    63     5794.011
   79    0   46    93     5939.205
   80    1   32    65     5968.277
   81    2    0     1     6129.279
   82    2    1     3     6134.710
   83    2    2     5     6145.573
   84    1   33    67     6147.913
   85    2    3     7     6161.866
   86    2    4     9     6183.590
   87    0   47    95     6195.571
   88    2    5    11     6210.743
   89    2    6    13     6243.324
   90    2    7    15     6281.332
   91    2    8    17     6324.765
   92    1   34    69     6332.912
   93    2    9    19     6373.623
   94    2   10    21     6427.902
   95    0   48    97     6457.232
   96    2   11    23     6487.601
   97    1   35    71     6523.268
   98    2   12    25     6552.718
   99    2   13    27     6623.249
  100    2   14    29     6699.193
  101    1   36    73     6718.973
  102    0   49    99     6724.178
  103    2   15    31     6780.546
  104    2   16    33     6867.305
  105    1   37    75     6920.019
  106    2   17    35     6959.467
  107    0   50   101     6996.399
  108    2   18    37     7057.028
  109    1   38    77     7126.399
  110    2   19    39     7159.984
  111    2   20    41     7268.331
  112    0   51   103     7273.884
  113    1   39    79     7338.105
  114    2   21    43     7382.066
  115    2   22    45     7501.183
  116    1   40    81     7555.128
  117    0   52   105     7556.623
  118    2   23    47     7625.678
  119    2   24    49     7755.546
  120    1   41    83     7777.460
  121    0   53   107     7844.605
  122    2   25    51     7890.783
  123    1   42    85     8005.093
  124    2   26    53     8031.382
  125    0   54   109     8137.818
  126    2   27    55     8177.339
  127    1   43    87     8238.018
  128    2   28    57     8328.647
  129    0   55   111     8436.251
  130    1   44    89     8476.225
  131    2   29    59     8485.301
  132    2   30    61     8647.295
  133    1   45    91     8719.706
  134    0   56   113     8739.894
  135    2   31    63     8814.622
  136    1   46    93     8968.451
  137    2   32    65     8987.276
  138    0   57   115     9048.734
  139    3    0     1     9136.865
  140    3    1     3     9142.246
  141    3    2     5     9153.008
  142    2   33    67     9165.250
  143    3    3     7     9169.150
  144    3    4     9     9190.672
  145    3    5    11     9217.573
  146    1   47    95     9222.450
  147    3    6    13     9249.852
  148    3    7    15     9287.508
  149    3    8    17     9330.539
  150    2   34    69     9348.537
  151    0   58   117     9362.759
  152    3    9    19     9378.943
  153    3   10    21     9432.719
  154    1   48    97     9481.694
  155    3   11    23     9491.864
  156    2   35    71     9537.130
  157    3   12    25     9556.376
  158    3   13    27     9626.253
  159    0   59   119     9681.957
  160    3   14    29     9701.492
  161    2   36    73     9731.022
  162    1   49    99     9746.172
  163    3   15    31     9782.089
  164    3   16    33     9868.043
  165    2   37    75     9930.205
  166    3   17    35     9959.348
  167    0   60   121    10006.317
  168    1   50   101    10015.875
  169    3   18    37    10056.003
  170    2   38    77    10134.671
  171    3   19    39    10158.002
  172    3   20    41    10265.342
  173    1   51   103    10290.791
  174    0   61   123    10335.825
  175    2   39    79    10344.413
  176    3   21    43    10378.019
  177    3   22    45    10496.028
  178    2   40    81    10559.422
  179    1   52   105    10570.911
  180    3   23    47    10619.365
  181    0   62   125    10670.469
  182    3   24    49    10748.025
  183    2   41    83    10779.689
  184    1   53   107    10856.223
  185    3   25    51    10882.003
  186    2   42    85    11005.207
  187    0   63   127    11010.236
  188    3   26    53    11021.293
  189    1   54   109    11146.717
  190    3   27    55    11165.889
  191    2   43    87    11235.966
  192    3   28    57    11315.788
  193    0   64   129    11355.112
  194    1   55   111    11442.380
  195    3   29    59    11470.981
  196    2   44    89    11471.957
  197    3   30    61    11631.464
  198    0   65   131    11705.086
  199    2   45    91    11713.171
  200    1   56   113    11743.202
  201    3   31    63    11797.230
  202    2   46    93    11959.599
  203    3   32    65    11968.273
  204    1   57   115    12049.171
  205    0   66   133    12060.142
  206    4    0     1    12106.544
  207    4    1     3    12111.875
  208    4    2     5    12122.536
  209    4    3     7    12138.527
  210    3   33    67    12144.585
  211    4    4     9    12159.848
  212    4    5    11    12186.497
  213    2   47    95    12211.232
  214    4    6    13    12218.474
  215    4    7    15    12255.777
  216    4    8    17    12298.405
  217    3   34    69    12326.160
  218    4    9    19    12346.356
  219    1   58   117    12360.275
  220    4   10    21    12399.628
  221    0   67   135    12420.269
  222    4   11    23    12458.220
  223    2   48    97    12468.058
  224    3   35    71    12512.990
  225    4   12    25    12522.128
  226    4   13    27    12591.350
  227    4   14    29    12665.884
  228    1   59   119    12676.502
  229    3   36    73    12705.069
  230    2   49    99    12730.068
  231    4   15    31    12745.726
  232    0   68   137    12785.450
  233    4   16    33    12830.874
  234    3   37    75    12902.389
  235    4   17    35    12921.323
  236    1   60   121    12997.839
  237    2   50   101    12997.253
  238    4   18    37    13017.071
  239    3   38    77    13104.941
  240    4   19    39    13118.114
  241    0   69   139    13155.673
  242    4   20    41    13224.447
  243    2   51   103    13269.601
  244    3   39    79    13312.719
  245    1   61   123    13324.274
  246    4   21    43    13336.066
  247    4   22    45    13452.968
  248    3   40    81    13525.713
  249    0   70   141    13530.924
  250    2   52   105    13547.102
  251    4   23    47    13575.147
  252    1   62   125    13655.795
  253    4   24    49    13702.598
  254    3   41    83    13743.916
  255    2   53   107    13829.744
  256    4   25    51    13835.317
  257    0   71   143    13911.187
  258    3   42    85    13967.318
  259    4   26    53    13973.297
  260    1   63   127    13992.389
  261    4   27    55    14116.535
  262    2   54   109    14117.518
  263    3   43    87    14195.912
  264    4   28    57    14265.023
  265    0   72   145    14296.448
  266    1   64   129    14334.042
  267    2   55   111    14410.411
  268    4   29    59    14418.756
  269    3   44    89    14429.687
  270    4   30    61    14577.728
  271    3   45    91    14668.635
  272    1   65   131    14680.741
  273    0   73   147    14686.692
  274    2   56   113    14708.412
  275    4   31    63    14741.933
  276    4   32    65    14911.364
  277    3   46    93    14912.746
  278    2   57   115    15011.510
  279    1   66   133    15032.473
  280    5    0     1    15038.416
  281    5    1     3    15043.696
  282    5    2     5    15054.257
  283    5    3     7    15070.097
  284    0   74   149    15081.905
  285    4   33    67    15086.015
  286    5    4     9    15091.216
  287    5    5    11    15117.614
  288    5    6    13    15149.289
  289    3   47    95    15162.011
  290    5    7    15    15186.239
  291    5    8    17    15228.464
  292    4   34    69    15265.878
  293    5    9    19    15275.962
  294    2   58   117    15319.692
  295    5   10    21    15328.731
  296    5   11    23    15386.768
  297    1   67   135    15389.224
  298    3   48    97    15416.420
  299    4   35    71    15450.946
  300    5   12    25    15450.072
