!---------------------------------------------------------------------
!-- reaction coefficients for H2-H2 (reference ?)                   --
!-- items are : number of lines and then LevU, LevL, Q1, Q2, Q3, Q4 --
!---------------------------------------------------------------------
  627
      3    1      -9.946E+00    -2.688E+00     2.020E-01     0.000E+00
      5    1      -1.089E+01    -4.989E+00     3.762E-01     0.000E+00
      5    3      -9.817E+00    -2.830E+00    -5.196E-01     0.000E+00
      7    1      -1.188E+01    -7.134E+00    -4.686E-02     0.000E+00
      7    3      -1.081E+01    -4.879E+00    -1.139E+00     0.000E+00
      7    5      -9.885E+00    -2.906E+00    -1.778E+00     0.000E+00
      9    1      -1.280E+01    -1.039E+01     1.244E+00     0.000E+00
      9    3      -1.165E+01    -8.325E+00     2.493E-01     0.000E+00
      9    5      -1.073E+01    -6.222E+00    -6.992E-01     0.000E+00
      9    7      -9.861E+00    -4.055E+00    -1.197E+00     0.000E+00
     10    1      -1.117E+01    -1.281E+01     6.670E+00     0.000E+00
     10    3      -1.129E+01    -9.147E+00     1.579E+00     0.000E+00
     10    5      -1.130E+01    -9.338E+00     1.043E+00     0.000E+00
     10    7      -1.165E+01    -1.037E+01    -1.259E-01     0.000E+00
     10    9      -1.253E+01    -1.002E+01    -5.056E+00     0.000E+00
     12    1      -1.170E+01    -1.280E+01     4.912E+00     0.000E+00
     12    3      -1.099E+01    -1.187E+01     5.061E+00     0.000E+00
     12    5      -1.159E+01    -5.981E+00    -2.076E+00     0.000E+00
     12    7      -1.148E+01    -8.768E+00     2.830E-01     0.000E+00
     12    9      -1.200E+01    -9.817E+00    -2.235E+00     0.000E+00
     12   10      -1.004E+01    -1.589E+00    -1.240E+00     0.000E+00
     15    1      -1.232E+01    -1.228E+01     3.293E+00     0.000E+00
     15    3      -1.136E+01    -1.302E+01     5.074E+00     0.000E+00
     15    5      -1.096E+01    -1.162E+01     5.066E+00     0.000E+00
     15    7      -1.137E+01    -5.674E+00    -1.388E+00     0.000E+00
     15    9      -1.127E+01    -1.008E+01     2.377E+00     0.000E+00
     15   10      -1.083E+01    -4.598E+00     8.730E-02     0.000E+00
     15   12      -9.800E+00    -2.460E+00    -8.387E-01     0.000E+00
     17    1      -1.369E+01    -1.463E+01     4.205E+00     0.000E+00
     17    3      -1.247E+01    -1.251E+01     2.954E+00     0.000E+00
     17    5      -1.154E+01    -1.022E+01     1.596E+00     0.000E+00
     17    7      -1.068E+01    -7.884E+00     4.369E-01     0.000E+00
     17    9      -9.813E+00    -5.418E+00    -6.275E-02     0.000E+00
     17   10      -1.408E+01    -1.540E+01     2.043E+00     0.000E+00
     17   12      -1.304E+01    -1.314E+01     7.443E-01     0.000E+00
     17   15      -1.229E+01    -1.080E+01    -6.169E-01     0.000E+00
     18    1      -1.308E+01    -1.231E+01     1.675E+00     0.000E+00
     18    3      -1.216E+01    -1.213E+01     2.369E+00     0.000E+00
     18    5      -1.154E+01    -1.147E+01     2.774E+00     0.000E+00
     18    7      -1.113E+01    -9.493E+00     2.039E+00     0.000E+00
     18    9      -1.119E+01    -4.852E+00    -1.709E+00     0.000E+00
     18   10      -1.187E+01    -6.112E+00    -1.037E+00     0.000E+00
     18   12      -1.080E+01    -4.060E+00    -2.021E+00     0.000E+00
     18   15      -9.943E+00    -1.931E+00    -2.931E+00     0.000E+00
     18   17      -1.127E+01    -9.706E+00     1.531E+00     0.000E+00
     21    1      -1.358E+01    -1.562E+01     4.394E+00     0.000E+00
     21    3      -1.266E+01    -1.472E+01     4.328E+00     0.000E+00
     21    5      -1.202E+01    -1.365E+01     4.215E+00     0.000E+00
     21    7      -1.139E+01    -1.234E+01     3.925E+00     0.000E+00
     21    9      -1.091E+01    -1.011E+01     3.052E+00     0.000E+00
     21   10      -1.274E+01    -9.423E+00     5.028E-01     0.000E+00
     21   12      -1.157E+01    -7.656E+00    -2.326E-01     0.000E+00
     21   15      -1.068E+01    -5.692E+00    -1.077E+00     0.000E+00
     21   17      -1.093E+01    -4.782E+00    -8.842E-01     0.000E+00
     21   18      -9.854E+00    -3.530E+00    -1.657E+00     0.000E+00
     22    1      -1.334E+01    -1.497E+01     9.815E+00     0.000E+00
     22    3      -1.229E+01    -1.777E+01     1.050E+01     0.000E+00
     22    5      -1.261E+01    -1.611E+01     7.577E+00     0.000E+00
     22    7      -1.306E+01    -1.150E+01     3.097E-01     0.000E+00
     22    9      -1.305E+01    -1.386E+01     2.062E+00     0.000E+00
     22   10      -1.102E+01    -1.069E+01     4.258E+00     0.000E+00
     22   12      -1.106E+01    -7.628E+00    -1.865E-01     0.000E+00
     22   15      -1.097E+01    -8.478E+00     3.453E-01     0.000E+00
     22   17      -1.350E+01    -1.561E+01     1.288E+00     0.000E+00
     22   18      -1.123E+01    -9.883E+00    -2.846E-01     0.000E+00
     22   21      -1.208E+01    -9.369E+00    -5.407E+00     0.000E+00
     24    1      -1.466E+01    -1.879E+01     7.028E+00     0.000E+00
     24    3      -1.340E+01    -1.649E+01     5.442E+00     0.000E+00
     24    5      -1.241E+01    -1.416E+01     3.867E+00     0.000E+00
     24    7      -1.153E+01    -1.166E+01     2.294E+00     0.000E+00
     24    9      -1.070E+01    -9.031E+00     9.811E-01     0.000E+00
     24   10      -1.484E+01    -1.860E+01     5.208E+00     0.000E+00
     24   12      -1.371E+01    -1.620E+01     3.589E+00     0.000E+00
     24   15      -1.285E+01    -1.384E+01     2.060E+00     0.000E+00
     24   17      -9.865E+00    -6.075E+00     2.700E-01     0.000E+00
     24   18      -1.208E+01    -1.162E+01     9.422E-01     0.000E+00
     24   21      -1.132E+01    -9.997E+00     1.601E+00     0.000E+00
     24   22      -1.565E+01    -1.593E+01    -3.736E+00     0.000E+00
     25    1      -1.343E+01    -1.590E+01     8.033E+00     0.000E+00
     25    3      -1.302E+01    -1.414E+01     7.146E+00     0.000E+00
     25    5      -1.269E+01    -1.391E+01     4.499E+00     0.000E+00
     25    7      -1.324E+01    -1.007E+01    -3.669E-02     0.000E+00
     25    9      -1.336E+01    -9.319E+00    -2.208E+00     0.000E+00
     25   10      -1.191E+01    -7.434E+00    -2.278E+00     0.000E+00
     25   12      -1.117E+01    -7.138E+00    -1.547E+00     0.000E+00
     25   15      -1.140E+01    -4.416E+00    -3.918E+00     0.000E+00
     25   17      -1.353E+01    -1.172E+01    -1.648E+00     0.000E+00
     25   18      -1.134E+01    -6.602E+00    -2.500E+00     0.000E+00
     25   21      -1.176E+01    -8.064E+00    -4.330E+00     0.000E+00
     25   22      -1.027E+01     5.097E-01    -4.238E+00     0.000E+00
     25   24      -1.395E+01    -1.357E+01    -4.802E+00     0.000E+00
     28    1      -1.369E+01    -1.774E+01     9.025E+00     0.000E+00
     28    3      -1.299E+01    -1.654E+01     8.387E+00     0.000E+00
     28    5      -1.283E+01    -1.440E+01     7.244E+00     0.000E+00
     28    7      -1.278E+01    -1.148E+01     1.392E+00     0.000E+00
     28    9      -1.319E+01    -7.952E+00    -1.380E+00     0.000E+00
     28   10      -1.234E+01    -8.310E+00    -1.800E+00     0.000E+00
     28   12      -1.146E+01    -8.468E+00    -7.783E-01     0.000E+00
     28   15      -1.114E+01    -6.831E+00    -1.729E+00     0.000E+00
     28   17      -1.318E+01    -9.586E+00    -1.192E+00     0.000E+00
     28   18      -1.118E+01    -4.337E+00    -2.910E+00     0.000E+00
     28   21      -1.117E+01    -7.646E+00    -8.535E-01     0.000E+00
     28   22      -1.102E+01    -2.519E+00    -2.685E+00     0.000E+00
     28   24      -1.321E+01    -1.312E+01    -1.229E+00     0.000E+00
     28   25      -1.001E+01    -4.858E-01    -3.590E+00     0.000E+00
     31    1      -1.448E+01    -1.717E+01     4.062E+00     0.000E+00
     31    3      -1.352E+01    -1.578E+01     3.446E+00     0.000E+00
     31    5      -1.284E+01    -1.430E+01     2.852E+00     0.000E+00
     31    7      -1.216E+01    -1.295E+01     2.464E+00     0.000E+00
     31    9      -1.152E+01    -1.118E+01     1.898E+00     0.000E+00
     31   10      -1.373E+01    -1.248E+01     1.588E+00     0.000E+00
     31   12      -1.254E+01    -1.043E+01     4.077E-01     0.000E+00
     31   15      -1.164E+01    -8.193E+00    -8.887E-01     0.000E+00
     31   17      -1.117E+01    -7.340E+00    -1.067E+00     0.000E+00
     31   18      -1.082E+01    -5.927E+00    -1.992E+00     0.000E+00
     31   21      -9.977E+00    -3.566E+00    -2.557E+00     0.000E+00
     31   22      -1.362E+01    -1.415E+01     4.902E-01     0.000E+00
     31   24      -1.099E+01    -2.581E+00    -3.213E+00     0.000E+00
     31   25      -1.266E+01    -1.172E+01    -1.011E+00     0.000E+00
     31   28      -1.196E+01    -9.400E+00    -2.341E+00     0.000E+00
     32    1      -1.391E+01    -2.080E+01     1.177E+01     0.000E+00
     32    3      -1.296E+01    -2.062E+01     1.237E+01     0.000E+00
     32    5      -1.255E+01    -1.888E+01     1.138E+01     0.000E+00
     32    7      -1.244E+01    -1.587E+01     9.111E+00     0.000E+00
     32    9      -1.244E+01    -1.197E+01     3.014E+00     0.000E+00
     32   10      -1.252E+01    -1.237E+01     2.676E+00     0.000E+00
     32   12      -1.163E+01    -1.200E+01     3.168E+00     0.000E+00
     32   15      -1.104E+01    -1.129E+01     3.460E+00     0.000E+00
     32   17      -1.280E+01    -7.953E+00     1.361E-01     0.000E+00
     32   18      -1.069E+01    -9.380E+00     2.532E+00     0.000E+00
     32   21      -1.073E+01    -5.555E+00    -1.315E-01     0.000E+00
     32   22      -1.160E+01    -6.793E+00     4.019E-01     0.000E+00
     32   24      -1.268E+01    -1.136E+01     1.076E+00     0.000E+00
     32   25      -1.057E+01    -4.894E+00    -4.244E-01     0.000E+00
     32   28      -9.752E+00    -2.853E+00    -1.223E+00     0.000E+00
     32   31      -1.075E+01    -1.011E+01     2.241E+00     0.000E+00
     33    1      -1.585E+01    -2.221E+01     9.010E+00     0.000E+00
     33    3      -1.451E+01    -1.993E+01     7.330E+00     0.000E+00
     33    5      -1.345E+01    -1.755E+01     5.586E+00     0.000E+00
     33    7      -1.251E+01    -1.507E+01     3.915E+00     0.000E+00
     33    9      -1.168E+01    -1.235E+01     2.233E+00     0.000E+00
     33   10      -1.577E+01    -2.161E+01     7.139E+00     0.000E+00
     33   12      -1.457E+01    -1.901E+01     5.211E+00     0.000E+00
     33   15      -1.362E+01    -1.640E+01     3.381E+00     0.000E+00
     33   17      -1.085E+01    -9.486E+00     8.313E-01     0.000E+00
     33   18      -1.277E+01    -1.386E+01     1.903E+00     0.000E+00
     33   21      -1.197E+01    -1.126E+01     8.025E-01     0.000E+00
     33   22      -1.601E+01    -2.089E+01     4.966E+00     0.000E+00
     33   24      -1.002E+01    -5.965E+00    -3.614E-01     0.000E+00
     33   25      -1.476E+01    -1.863E+01     3.432E+00     0.000E+00
     33   28      -1.385E+01    -1.594E+01     1.397E+00     0.000E+00
     33   31      -1.109E+01    -8.966E+00     6.709E-01     0.000E+00
     33   32      -1.301E+01    -1.332E+01    -6.874E-01     0.000E+00
     36    1      -1.445E+01    -2.187E+01     1.119E+01     0.000E+00
     36    3      -1.347E+01    -2.200E+01     1.235E+01     0.000E+00
     36    5      -1.280E+01    -2.113E+01     1.231E+01     0.000E+00
     36    7      -1.232E+01    -1.921E+01     1.110E+01     0.000E+00
     36    9      -1.221E+01    -1.543E+01     7.792E+00     0.000E+00
     36   10      -1.305E+01    -1.502E+01     4.249E+00     0.000E+00
     36   12      -1.218E+01    -1.388E+01     3.917E+00     0.000E+00
     36   15      -1.157E+01    -1.268E+01     3.627E+00     0.000E+00
     36   17      -1.206E+01    -1.195E+01     3.433E+00     0.000E+00
     36   18      -1.096E+01    -1.150E+01     3.509E+00     0.000E+00
     36   21      -1.060E+01    -8.976E+00     1.950E+00     0.000E+00
     36   22      -1.258E+01    -8.902E+00     1.404E-01     0.000E+00
     36   24      -1.265E+01    -6.430E+00    -6.996E-01     0.000E+00
     36   25      -1.145E+01    -7.213E+00    -4.361E-01     0.000E+00
     36   28      -1.060E+01    -5.375E+00    -1.074E+00     0.000E+00
     36   31      -1.055E+01    -4.816E+00    -4.722E-01     0.000E+00
     36   32      -9.763E+00    -3.582E+00    -1.305E+00     0.000E+00
     36   33      -1.197E+01    -1.045E+01    -7.368E-01     0.000E+00
     37    1      -1.588E+01    -1.078E+01     5.910E+00     0.000E+00
     37    3      -1.466E+01    -1.580E+01     9.932E+00     0.000E+00
     37    5      -1.420E+01    -1.828E+01     1.107E+01     0.000E+00
     37    7      -1.397E+01    -2.047E+01     1.139E+01     0.000E+00
     37    9      -1.427E+01    -1.692E+01     5.878E+00     0.000E+00
     37   10      -1.321E+01    -1.199E+01     3.702E+00     0.000E+00
     37   12      -1.250E+01    -1.292E+01     3.445E+00     0.000E+00
     37   15      -1.265E+01    -1.315E+01     4.169E+00     0.000E+00
     37   17      -1.446E+01    -1.677E+01     4.258E+00     0.000E+00
     37   18      -1.269E+01    -1.187E+01     1.907E+00     0.000E+00
     37   21      -1.301E+01    -1.151E+01     4.823E-01     0.000E+00
     37   22      -1.119E+01    -9.409E+00     3.203E+00     0.000E+00
     37   24      -1.394E+01    -2.011E+01     4.741E+00     0.000E+00
     37   25      -1.104E+01    -7.848E+00     9.633E-01     0.000E+00
     37   28      -1.114E+01    -7.248E+00    -1.193E-01     0.000E+00
     37   31      -1.322E+01    -1.258E+01    -1.301E+00     0.000E+00
     37   32      -1.143E+01    -7.113E+00    -2.563E+00     0.000E+00
     37   33      -1.449E+01    -1.659E+01    -3.631E+00     0.000E+00
     37   36      -1.202E+01    -6.490E+00    -7.782E+00     0.000E+00
     39    1      -1.536E+01    -2.052E+01     6.566E+00     0.000E+00
     39    3      -1.431E+01    -1.895E+01     5.627E+00     0.000E+00
     39    5      -1.359E+01    -1.716E+01     4.638E+00     0.000E+00
     39    7      -1.295E+01    -1.537E+01     3.792E+00     0.000E+00
     39    9      -1.224E+01    -1.380E+01     3.263E+00     0.000E+00
     39   10      -1.474E+01    -1.674E+01     4.928E+00     0.000E+00
     39   12      -1.358E+01    -1.418E+01     3.106E+00     0.000E+00
     39   15      -1.263E+01    -1.185E+01     1.536E+00     0.000E+00
     39   17      -1.150E+01    -1.208E+01     2.925E+00     0.000E+00
     39   18      -1.177E+01    -9.536E+00     1.567E-01     0.000E+00
     39   21      -1.094E+01    -7.084E+00    -1.058E+00     0.000E+00
     39   22      -1.446E+01    -1.709E+01     3.327E+00     0.000E+00
     39   24      -1.108E+01    -7.429E+00    -7.146E-01     0.000E+00
     39   25      -1.328E+01    -1.482E+01     1.904E+00     0.000E+00
     39   28      -1.244E+01    -1.225E+01     3.308E-01     0.000E+00
     39   31      -1.008E+01    -4.368E+00    -1.731E+00     0.000E+00
     39   32      -1.170E+01    -9.613E+00    -1.085E+00     0.000E+00
     39   33      -1.051E+01    -2.666E+00    -2.422E+00     0.000E+00
     39   36      -1.090E+01    -7.495E+00    -1.431E+00     0.000E+00
     39   37      -1.421E+01    -1.411E+01    -4.875E+00     0.000E+00
     40    1      -1.599E+01    -1.309E+01     7.060E+00     0.000E+00
     40    3      -1.540E+01    -1.159E+01     5.926E+00     0.000E+00
     40    5      -1.453E+01    -1.558E+01     7.783E+00     0.000E+00
     40    7      -1.436E+01    -1.553E+01     6.095E+00     0.000E+00
     40    9      -1.456E+01    -1.427E+01     3.586E+00     0.000E+00
     40   10      -1.307E+01    -1.559E+01     6.541E+00     0.000E+00
     40   12      -1.261E+01    -1.366E+01     5.154E+00     0.000E+00
     40   15      -1.269E+01    -1.094E+01     9.398E-01     0.000E+00
     40   17      -1.439E+01    -1.438E+01     2.047E+00     0.000E+00
     40   18      -1.291E+01    -9.741E+00     7.135E-01     0.000E+00
     40   21      -1.304E+01    -9.246E+00    -1.106E+00     0.000E+00
     40   22      -1.182E+01    -8.778E+00     9.408E-01     0.000E+00
     40   24      -1.353E+01    -1.869E+01     4.357E+00     0.000E+00
     40   25      -1.125E+01    -6.790E+00    -9.836E-01     0.000E+00
     40   28      -1.131E+01    -4.790E+00    -2.561E+00     0.000E+00
     40   31      -1.277E+01    -1.227E+01     4.778E-02     0.000E+00
     40   32      -1.133E+01    -6.135E+00    -1.793E+00     0.000E+00
     40   33      -1.412E+01    -1.518E+01    -2.840E+00     0.000E+00
     40   36      -1.163E+01    -6.953E+00    -4.250E+00     0.000E+00
     40   37      -1.000E+01    -8.694E-01    -1.954E+00     0.000E+00
     40   39      -1.264E+01    -1.165E+01    -6.253E+00     0.000E+00
     44    1      -1.631E+01    -1.459E+01     7.873E+00     0.000E+00
     44    3      -1.554E+01    -1.392E+01     7.594E+00     0.000E+00
     44    5      -1.529E+01    -1.182E+01     6.052E+00     0.000E+00
     44    7      -1.418E+01    -1.625E+01     7.579E+00     0.000E+00
     44    9      -1.418E+01    -1.402E+01     4.014E+00     0.000E+00
     44   10      -1.357E+01    -1.665E+01     7.006E+00     0.000E+00
     44   12      -1.276E+01    -1.576E+01     6.385E+00     0.000E+00
     44   15      -1.254E+01    -1.354E+01     4.983E+00     0.000E+00
     44   17      -1.370E+01    -1.507E+01     4.968E+00     0.000E+00
     44   18      -1.248E+01    -1.092E+01     1.729E+00     0.000E+00
     44   21      -1.277E+01    -8.061E+00    -2.543E-01     0.000E+00
     44   22      -1.232E+01    -8.748E+00     2.088E-01     0.000E+00
     44   24      -1.314E+01    -1.620E+01     3.360E+00     0.000E+00
     44   25      -1.146E+01    -8.847E+00     1.110E+00     0.000E+00
     44   28      -1.114E+01    -7.000E+00    -3.273E-01     0.000E+00
     44   31      -1.228E+01    -1.102E+01     6.714E-01     0.000E+00
     44   32      -1.107E+01    -4.663E+00    -1.654E+00     0.000E+00
     44   33      -1.340E+01    -1.441E+01    -5.060E-01     0.000E+00
     44   36      -1.114E+01    -6.743E+00    -1.043E+00     0.000E+00
     44   37      -1.063E+01    -3.424E+00    -1.222E+00     0.000E+00
     44   39      -1.191E+01    -1.162E+01    -2.269E+00     0.000E+00
     44   40      -9.751E+00    -1.505E+00    -1.925E+00     0.000E+00
     47    1      -1.672E+01    -2.635E+01     1.113E+01     0.000E+00
     47    3      -1.542E+01    -2.378E+01     9.261E+00     0.000E+00
     47    5      -1.437E+01    -2.122E+01     7.394E+00     0.000E+00
     47    7      -1.341E+01    -1.872E+01     5.664E+00     0.000E+00
     47    9      -1.255E+01    -1.592E+01     3.787E+00     0.000E+00
     47   10      -1.656E+01    -2.423E+01     9.703E+00     0.000E+00
     47   12      -1.534E+01    -2.155E+01     7.870E+00     0.000E+00
     47   15      -1.435E+01    -1.895E+01     6.130E+00     0.000E+00
     47   17      -1.177E+01    -1.281E+01     1.866E+00     0.000E+00
     47   18      -1.347E+01    -1.626E+01     4.388E+00     0.000E+00
     47   21      -1.271E+01    -1.316E+01     2.486E+00     0.000E+00
     47   22      -1.681E+01    -2.295E+01     8.458E+00     0.000E+00
     47   24      -1.098E+01    -9.449E+00     1.651E-01     0.000E+00
     47   25      -1.554E+01    -2.044E+01     6.747E+00     0.000E+00
     47   28      -1.457E+01    -1.786E+01     4.985E+00     0.000E+00
     47   31      -1.199E+01    -9.865E+00     7.841E-01     0.000E+00
     47   32      -1.375E+01    -1.507E+01     3.108E+00     0.000E+00
     47   33      -1.013E+01    -5.649E+00    -1.171E+00     0.000E+00
     47   36      -1.304E+01    -1.211E+01     1.238E+00     0.000E+00
     47   37      -1.650E+01    -2.165E+01     3.820E+00     0.000E+00
     47   39      -1.137E+01    -6.462E+00    -6.777E-02     0.000E+00
     47   40      -1.553E+01    -1.914E+01     2.218E+00     0.000E+00
     47   44      -1.483E+01    -1.644E+01     4.096E-02     0.000E+00
     48    1      -1.517E+01    -2.351E+01     1.136E+01     0.000E+00
     48    3      -1.427E+01    -2.343E+01     1.247E+01     0.000E+00
     48    5      -1.357E+01    -2.280E+01     1.284E+01     0.000E+00
     48    7      -1.289E+01    -2.165E+01     1.247E+01     0.000E+00
     48    9      -1.236E+01    -1.989E+01     1.151E+01     0.000E+00
     48   10      -1.397E+01    -1.663E+01     4.139E+00     0.000E+00
     48   12      -1.307E+01    -1.512E+01     3.409E+00     0.000E+00
     48   15      -1.247E+01    -1.353E+01     2.765E+00     0.000E+00
     48   17      -1.198E+01    -1.662E+01     8.949E+00     0.000E+00
     48   18      -1.185E+01    -1.221E+01     2.421E+00     0.000E+00
     48   21      -1.119E+01    -1.107E+01     2.558E+00     0.000E+00
     48   22      -1.380E+01    -1.145E+01     1.423E+00     0.000E+00
     48   24      -1.164E+01    -1.085E+01     2.067E+00     0.000E+00
     48   25      -1.254E+01    -9.766E+00     5.131E-01     0.000E+00
     48   28      -1.164E+01    -7.768E+00    -5.886E-01     0.000E+00
     48   31      -1.073E+01    -7.687E+00     2.708E-01     0.000E+00
     48   32      -1.080E+01    -5.871E+00    -1.320E+00     0.000E+00
     48   33      -1.158E+01    -6.138E+00    -1.058E+00     0.000E+00
     48   36      -9.956E+00    -3.717E+00    -1.736E+00     0.000E+00
     48   37      -1.284E+01    -1.148E+01    -2.906E+00     0.000E+00
     48   39      -1.013E+01    -3.554E+00    -1.805E+00     0.000E+00
     48   40      -1.203E+01    -9.168E+00    -3.951E+00     0.000E+00
     48   44      -1.141E+01    -7.272E+00    -4.322E+00     0.000E+00
     48   47      -1.245E+01    -8.604E+00    -1.030E+00     0.000E+00
     49    1      -1.620E+01    -1.963E+01     1.285E+01     0.000E+00
     49    3      -1.548E+01    -1.811E+01     1.180E+01     0.000E+00
     49    5      -1.492E+01    -1.690E+01     1.076E+01     0.000E+00
     49    7      -1.438E+01    -1.556E+01     1.007E+01     0.000E+00
     49    9      -1.295E+01    -1.975E+01     1.055E+01     0.000E+00
     49   10      -1.382E+01    -1.934E+01     9.330E+00     0.000E+00
     49   12      -1.290E+01    -1.888E+01     9.265E+00     0.000E+00
     49   15      -1.240E+01    -1.713E+01     7.965E+00     0.000E+00
     49   17      -1.301E+01    -1.512E+01     4.932E+00     0.000E+00
     49   18      -1.205E+01    -1.495E+01     6.623E+00     0.000E+00
     49   21      -1.185E+01    -1.203E+01     3.614E+00     0.000E+00
     49   22      -1.261E+01    -1.093E+01     1.915E+00     0.000E+00
     49   24      -1.283E+01    -1.397E+01     4.072E+00     0.000E+00
     49   25      -1.172E+01    -1.102E+01     2.895E+00     0.000E+00
     49   28      -1.117E+01    -1.031E+01     3.104E+00     0.000E+00
     49   31      -1.205E+01    -8.463E+00     7.172E-01     0.000E+00
     49   32      -1.092E+01    -7.498E+00     6.796E-01     0.000E+00
     49   33      -1.286E+01    -1.198E+01    -3.531E-01     0.000E+00
     49   36      -1.068E+01    -5.019E+00    -3.758E-01     0.000E+00
     49   37      -1.114E+01    -6.604E+00     2.317E-01     0.000E+00
     49   39      -1.148E+01    -9.101E+00    -1.786E+00     0.000E+00
     49   40      -1.031E+01    -4.539E+00    -6.926E-01     0.000E+00
     49   44      -9.648E+00    -2.623E+00    -1.274E+00     0.000E+00
     49   47      -1.387E+01    -1.307E+01    -2.399E+00     0.000E+00
     49   48      -1.054E+01    -5.939E+00    -3.118E+00     0.000E+00
     54    1      -1.672E+01    -2.285E+01     1.552E+01     0.000E+00
     54    3      -1.605E+01    -2.069E+01     1.401E+01     0.000E+00
     54    5      -1.559E+01    -1.873E+01     1.261E+01     0.000E+00
     54    7      -1.483E+01    -1.792E+01     1.184E+01     0.000E+00
     54    9      -1.402E+01    -1.690E+01     1.118E+01     0.000E+00
     54   10      -1.417E+01    -2.179E+01     1.069E+01     0.000E+00
     54   12      -1.335E+01    -2.129E+01     1.076E+01     0.000E+00
     54   15      -1.273E+01    -2.014E+01     1.016E+01     0.000E+00
     54   17      -1.244E+01    -1.897E+01     8.200E+00     0.000E+00
     54   18      -1.214E+01    -1.835E+01     8.904E+00     0.000E+00
     54   21      -1.152E+01    -1.636E+01     7.917E+00     0.000E+00
     54   22      -1.300E+01    -1.319E+01     2.877E+00     0.000E+00
     54   24      -1.224E+01    -1.392E+01     4.055E+00     0.000E+00
     54   25      -1.216E+01    -1.273E+01     3.257E+00     0.000E+00
     54   28      -1.157E+01    -1.196E+01     3.458E+00     0.000E+00
     54   31      -1.118E+01    -1.138E+01     3.057E+00     0.000E+00
     54   32      -1.098E+01    -1.083E+01     3.311E+00     0.000E+00
     54   33      -1.247E+01    -9.728E+00     8.297E-01     0.000E+00
     54   36      -1.056E+01    -7.743E+00     1.049E+00     0.000E+00
     54   37      -1.187E+01    -8.682E+00    -4.958E-02     0.000E+00
     54   39      -1.106E+01    -6.966E+00    -4.558E-01     0.000E+00
     54   40      -1.100E+01    -6.793E+00    -7.204E-01     0.000E+00
     54   44      -1.038E+01    -4.816E+00    -1.431E+00     0.000E+00
     54   47      -1.328E+01    -1.250E+01     2.248E+00     0.000E+00
     54   48      -9.963E+00    -4.376E+00    -9.046E-01     0.000E+00
     54   49      -9.705E+00    -3.030E+00    -1.645E+00     0.000E+00
      4    2      -9.785E+00    -3.024E+00     2.930E-01     0.000E+00
      6    2      -1.079E+01    -4.890E+00    -4.464E-01     0.000E+00
      6    4      -9.873E+00    -2.646E+00    -1.464E+00     0.000E+00
      8    2      -1.172E+01    -7.562E+00    -1.739E-01     0.000E+00
      8    4      -1.075E+01    -5.598E+00    -9.284E-01     0.000E+00
      8    6      -9.866E+00    -3.459E+00    -1.570E+00     0.000E+00
     11    2      -1.094E+01    -1.277E+01     6.421E+00     0.000E+00
     11    4      -1.138E+01    -8.022E+00     3.132E-01     0.000E+00
     11    6      -1.137E+01    -9.414E+00     1.098E+00     0.000E+00
     11    8      -1.180E+01    -1.062E+01    -4.168E-01     0.000E+00
     13    2      -1.136E+01    -1.325E+01     5.493E+00     0.000E+00
     13    4      -1.092E+01    -1.219E+01     5.694E+00     0.000E+00
     13    6      -1.155E+01    -5.432E+00    -2.227E+00     0.000E+00
     13    8      -1.138E+01    -9.388E+00     1.311E+00     0.000E+00
     13   11      -9.782E+00    -2.582E+00    -1.556E-01     0.000E+00
     14    2      -1.257E+01    -1.148E+01     2.097E+00     0.000E+00
     14    4      -1.159E+01    -9.238E+00     8.648E-01     0.000E+00
     14    6      -1.071E+01    -7.019E+00    -2.153E-01     0.000E+00
     14    8      -9.836E+00    -4.734E+00    -6.736E-01     0.000E+00
     14   11      -1.326E+01    -1.211E+01    -1.394E+00     0.000E+00
     14   13      -1.255E+01    -9.317E+00    -3.361E+00     0.000E+00
     16    2      -1.217E+01    -1.199E+01     2.410E+00     0.000E+00
     16    4      -1.151E+01    -1.186E+01     3.401E+00     0.000E+00
     16    6      -1.108E+01    -1.026E+01     3.150E+00     0.000E+00
     16    8      -1.129E+01    -5.254E+00    -1.523E+00     0.000E+00
     16   11      -1.078E+01    -4.110E+00    -1.270E+00     0.000E+00
     16   13      -9.907E+00    -1.918E+00    -2.264E+00     0.000E+00
     16   14      -1.129E+01    -9.802E+00     1.914E+00     0.000E+00
     19    2      -1.364E+01    -1.450E+01     3.175E+00     0.000E+00
     19    4      -1.260E+01    -1.215E+01     1.659E+00     0.000E+00
     19    6      -1.168E+01    -9.888E+00     3.323E-01     0.000E+00
     19    8      -1.085E+01    -7.352E+00    -9.857E-01     0.000E+00
     19   11      -1.392E+01    -1.522E+01     2.067E+00     0.000E+00
     19   13      -1.299E+01    -1.302E+01     7.402E-01     0.000E+00
     19   14      -1.002E+01    -4.488E+00    -1.782E+00     0.000E+00
     19   16      -1.224E+01    -1.076E+01    -4.245E-01     0.000E+00
     20    2      -1.280E+01    -1.343E+01     2.766E+00     0.000E+00
     20    4      -1.212E+01    -1.271E+01     3.021E+00     0.000E+00
     20    6      -1.150E+01    -1.166E+01     3.009E+00     0.000E+00
     20    8      -1.105E+01    -9.505E+00     2.067E+00     0.000E+00
     20   11      -1.167E+01    -6.728E+00    -9.222E-01     0.000E+00
     20   13      -1.077E+01    -4.649E+00    -1.881E+00     0.000E+00
     20   14      -1.107E+01    -4.660E+00    -1.533E+00     0.000E+00
     20   16      -9.931E+00    -2.487E+00    -2.672E+00     0.000E+00
     20   19      -1.123E+01    -9.767E+00     1.133E+00     0.000E+00
     23    2      -1.279E+01    -1.635E+01     1.070E+01     0.000E+00
     23    4      -1.232E+01    -1.737E+01     9.670E+00     0.000E+00
     23    6      -1.280E+01    -1.396E+01     4.815E+00     0.000E+00
     23    8      -1.307E+01    -1.162E+01     7.415E-01     0.000E+00
     23   11      -1.070E+01    -1.114E+01     4.615E+00     0.000E+00
     23   13      -1.106E+01    -7.304E+00    -2.636E-01     0.000E+00
     23   14      -1.321E+01    -1.375E+01     1.683E+00     0.000E+00
     23   16      -1.103E+01    -8.690E+00     5.623E-01     0.000E+00
     23   19      -1.361E+01    -1.549E+01    -4.198E-01     0.000E+00
     23   20      -1.143E+01    -9.797E+00    -1.064E+00     0.000E+00
     26    2      -1.283E+01    -1.832E+01     1.129E+01     0.000E+00
     26    4      -1.265E+01    -1.629E+01     1.022E+01     0.000E+00
     26    6      -1.246E+01    -1.475E+01     6.035E+00     0.000E+00
     26    8      -1.307E+01    -1.017E+01     1.029E+00     0.000E+00
     26   11      -1.124E+01    -1.032E+01     2.042E+00     0.000E+00
     26   13      -1.078E+01    -9.830E+00     2.785E+00     0.000E+00
     26   14      -1.315E+01    -1.041E+01    -1.576E-01     0.000E+00
     26   16      -1.116E+01    -5.377E+00    -1.879E+00     0.000E+00
     26   19      -1.317E+01    -1.366E+01     4.240E-01     0.000E+00
     26   20      -1.106E+01    -8.573E+00     5.518E-01     0.000E+00
     26   23      -9.788E+00    -2.118E+00    -6.618E-01     0.000E+00
     27    2      -1.326E+01    -1.724E+01     6.128E+00     0.000E+00
     27    4      -1.257E+01    -1.583E+01     5.600E+00     0.000E+00
     27    6      -1.192E+01    -1.457E+01     5.282E+00     0.000E+00
     27    8      -1.129E+01    -1.298E+01     4.731E+00     0.000E+00
     27   11      -1.244E+01    -1.094E+01     1.930E+00     0.000E+00
     27   13      -1.146E+01    -8.875E+00     8.117E-01     0.000E+00
     27   14      -1.076E+01    -1.075E+01     4.048E+00     0.000E+00
     27   16      -1.062E+01    -6.762E+00    -1.465E-01     0.000E+00
     27   19      -1.080E+01    -4.712E+00    -5.302E-01     0.000E+00
     27   20      -9.767E+00    -4.583E+00    -5.852E-01     0.000E+00
     27   23      -1.279E+01    -1.136E+01    -2.100E+00     0.000E+00
     27   26      -1.211E+01    -8.696E+00    -3.894E+00     0.000E+00
     29    2      -1.447E+01    -1.967E+01     7.521E+00     0.000E+00
     29    4      -1.337E+01    -1.722E+01     5.769E+00     0.000E+00
     29    6      -1.243E+01    -1.474E+01     4.059E+00     0.000E+00
     29    8      -1.154E+01    -1.233E+01     2.634E+00     0.000E+00
     29   11      -1.470E+01    -1.883E+01     5.626E+00     0.000E+00
     29   13      -1.370E+01    -1.649E+01     4.038E+00     0.000E+00
     29   14      -1.073E+01    -9.488E+00     1.178E+00     0.000E+00
     29   16      -1.284E+01    -1.423E+01     2.620E+00     0.000E+00
     29   19      -9.884E+00    -6.335E+00     3.325E-01     0.000E+00
     29   20      -1.210E+01    -1.180E+01     1.412E+00     0.000E+00
     29   23      -1.542E+01    -1.872E+01     2.819E+00     0.000E+00
     29   26      -1.476E+01    -1.483E+01    -4.100E-01     0.000E+00
     29   27      -1.130E+01    -1.010E+01     2.009E+00     0.000E+00
     30    2      -1.314E+01    -1.987E+01     1.168E+01     0.000E+00
     30    4      -1.267E+01    -1.839E+01     1.092E+01     0.000E+00
     30    6      -1.255E+01    -1.583E+01     9.227E+00     0.000E+00
     30    8      -1.247E+01    -1.278E+01     3.854E+00     0.000E+00
     30   11      -1.168E+01    -1.167E+01     2.923E+00     0.000E+00
     30   13      -1.105E+01    -1.134E+01     3.592E+00     0.000E+00
     30   14      -1.292E+01    -8.508E+00     2.311E-01     0.000E+00
     30   16      -1.064E+01    -1.015E+01     3.544E+00     0.000E+00
     30   19      -1.284E+01    -1.106E+01     8.813E-01     0.000E+00
     30   20      -1.084E+01    -5.726E+00    -3.913E-01     0.000E+00
     30   23      -1.056E+01    -4.872E+00     1.813E-01     0.000E+00
     30   26      -9.716E+00    -2.812E+00    -6.870E-01     0.000E+00
     30   27      -1.074E+01    -1.033E+01     2.843E+00     0.000E+00
     30   29      -1.375E+01    -1.090E+01    -3.677E+00     0.000E+00
     34    2      -1.409E+01    -1.983E+01     7.463E+00     0.000E+00
     34    4      -1.330E+01    -1.822E+01     6.626E+00     0.000E+00
     34    6      -1.265E+01    -1.653E+01     5.847E+00     0.000E+00
     34    8      -1.200E+01    -1.492E+01     5.236E+00     0.000E+00
     34   11      -1.341E+01    -1.471E+01     4.402E+00     0.000E+00
     34   13      -1.241E+01    -1.231E+01     2.771E+00     0.000E+00
     34   14      -1.136E+01    -1.298E+01     4.560E+00     0.000E+00
     34   16      -1.151E+01    -1.011E+01     1.460E+00     0.000E+00
     34   19      -1.090E+01    -9.703E+00     2.834E+00     0.000E+00
     34   20      -1.069E+01    -7.785E+00     3.456E-01     0.000E+00
     34   23      -1.333E+01    -1.472E+01     1.778E+00     0.000E+00
     34   26      -1.247E+01    -1.202E+01     8.641E-02     0.000E+00
     34   27      -9.819E+00    -5.422E+00    -1.619E-02     0.000E+00
     34   29      -1.083E+01    -3.266E+00    -1.483E+00     0.000E+00
     34   30      -1.174E+01    -9.427E+00    -1.368E+00     0.000E+00
     35    2      -1.354E+01    -2.166E+01     1.230E+01     0.000E+00
     35    4      -1.284E+01    -2.109E+01     1.262E+01     0.000E+00
     35    6      -1.239E+01    -1.925E+01     1.147E+01     0.000E+00
     35    8      -1.226E+01    -1.589E+01     8.665E+00     0.000E+00
     35   11      -1.226E+01    -1.316E+01     3.288E+00     0.000E+00
     35   13      -1.161E+01    -1.223E+01     3.306E+00     0.000E+00
     35   14      -1.222E+01    -1.192E+01     3.097E+00     0.000E+00
     35   16      -1.098E+01    -1.144E+01     3.503E+00     0.000E+00
     35   19      -1.279E+01    -6.949E+00    -4.629E-01     0.000E+00
     35   20      -1.062E+01    -9.165E+00     2.111E+00     0.000E+00
     35   23      -1.144E+01    -7.086E+00     1.311E-02     0.000E+00
     35   26      -1.057E+01    -5.064E+00    -8.843E-01     0.000E+00
     35   27      -1.060E+01    -5.361E+00    -1.259E-01     0.000E+00
     35   29      -1.291E+01    -8.655E+00    -2.009E+00     0.000E+00
     35   30      -9.752E+00    -3.209E+00    -1.325E+00     0.000E+00
     35   34      -1.093E+01    -6.273E+00    -3.492E+00     0.000E+00
     38    2      -1.567E+01    -1.018E+01     4.128E+00     0.000E+00
     38    4      -1.485E+01    -1.394E+01     6.094E+00     0.000E+00
     38    6      -1.458E+01    -1.513E+01     5.697E+00     0.000E+00
     38    8      -1.450E+01    -1.529E+01     3.652E+00     0.000E+00
     38   11      -1.284E+01    -1.229E+01     3.301E+00     0.000E+00
     38   13      -1.283E+01    -1.051E+01    -5.143E-02     0.000E+00
     38   14      -1.421E+01    -1.533E+01     2.226E+00     0.000E+00
     38   16      -1.296E+01    -1.015E+01     3.152E-01     0.000E+00
     38   19      -1.374E+01    -1.724E+01     2.473E+00     0.000E+00
     38   20      -1.309E+01    -9.062E+00    -2.012E+00     0.000E+00
     38   23      -1.139E+01    -6.198E+00    -2.010E+00     0.000E+00
     38   26      -1.146E+01    -4.258E+00    -3.974E+00     0.000E+00
     38   27      -1.279E+01    -1.167E+01    -8.902E-01     0.000E+00
     38   29      -1.465E+01    -1.404E+01    -2.572E+00     0.000E+00
     38   30      -1.146E+01    -5.150E+00    -3.407E+00     0.000E+00
     38   34      -1.252E+01    -1.211E+01    -4.000E+00     0.000E+00
     38   35      -1.175E+01    -5.667E+00    -5.552E+00     0.000E+00
     41    2      -1.582E+01    -2.241E+01     8.807E+00     0.000E+00
     41    4      -1.461E+01    -2.014E+01     7.099E+00     0.000E+00
     41    6      -1.359E+01    -1.770E+01     5.328E+00     0.000E+00
     41    8      -1.265E+01    -1.524E+01     3.700E+00     0.000E+00
     41   11      -1.546E+01    -2.238E+01     7.501E+00     0.000E+00
     41   13      -1.448E+01    -1.932E+01     5.157E+00     0.000E+00
     41   14      -1.180E+01    -1.247E+01     1.997E+00     0.000E+00
     41   16      -1.361E+01    -1.646E+01     3.148E+00     0.000E+00
     41   19      -1.100E+01    -9.381E+00     4.348E-01     0.000E+00
     41   20      -1.279E+01    -1.366E+01     1.464E+00     0.000E+00
     41   23      -1.566E+01    -1.898E+01     4.543E+00     0.000E+00
     41   26      -1.460E+01    -1.634E+01     2.677E+00     0.000E+00
     41   27      -1.194E+01    -1.091E+01     1.725E-01     0.000E+00
     41   29      -1.012E+01    -5.843E+00    -7.469E-01     0.000E+00
     41   30      -1.370E+01    -1.370E+01     7.999E-01     0.000E+00
     41   34      -1.104E+01    -8.314E+00    -2.668E-01     0.000E+00
     41   35      -1.290E+01    -1.106E+01    -9.247E-01     0.000E+00
     41   38      -1.571E+01    -1.546E+01    -4.701E+00     0.000E+00
     42    2      -1.556E+01    -1.433E+01     8.594E+00     0.000E+00
     42    4      -1.528E+01    -1.235E+01     7.100E+00     0.000E+00
     42    6      -1.418E+01    -1.743E+01     1.001E+01     0.000E+00
     42    8      -1.395E+01    -1.663E+01     7.258E+00     0.000E+00
     42   11      -1.264E+01    -1.710E+01     8.597E+00     0.000E+00
     42   13      -1.249E+01    -1.427E+01     6.057E+00     0.000E+00
     42   14      -1.329E+01    -1.822E+01     7.844E+00     0.000E+00
     42   16      -1.243E+01    -1.217E+01     3.197E+00     0.000E+00
     42   19      -1.334E+01    -1.551E+01     2.383E+00     0.000E+00
     42   20      -1.264E+01    -1.004E+01     1.626E+00     0.000E+00
     42   23      -1.140E+01    -9.753E+00     2.503E+00     0.000E+00
     42   26      -1.095E+01    -8.724E+00     2.116E+00     0.000E+00
     42   27      -1.221E+01    -1.164E+01     1.057E+00     0.000E+00
     42   29      -1.400E+01    -1.347E+01    -3.699E-01     0.000E+00
     42   30      -1.118E+01    -4.879E+00    -1.816E+00     0.000E+00
     42   34      -1.194E+01    -1.169E+01    -1.216E+00     0.000E+00
     42   35      -1.111E+01    -7.228E+00    -2.115E-01     0.000E+00
     42   38      -9.588E+00    -2.726E+00     3.260E-01     0.000E+00
     42   41      -1.422E+01    -1.342E+01    -4.844E+00     0.000E+00
     43    2      -1.453E+01    -2.122E+01     9.522E+00     0.000E+00
     43    4      -1.379E+01    -2.095E+01     1.031E+01     0.000E+00
     43    6      -1.312E+01    -1.985E+01     9.990E+00     0.000E+00
     43    8      -1.260E+01    -1.804E+01     8.923E+00     0.000E+00
     43   11      -1.338E+01    -1.261E+01     1.131E-01     0.000E+00
     43   13      -1.269E+01    -1.145E+01    -2.509E-02     0.000E+00
     43   14      -1.230E+01    -1.467E+01     6.202E+00     0.000E+00
     43   16      -1.204E+01    -1.050E+01     5.630E-02     0.000E+00
     43   19      -1.207E+01    -9.348E+00    -1.985E-01     0.000E+00
     43   20      -1.133E+01    -9.673E+00     4.152E-01     0.000E+00
     43   23      -1.276E+01    -7.901E+00    -1.625E+00     0.000E+00
     43   26      -1.179E+01    -6.014E+00    -2.574E+00     0.000E+00
     43   27      -1.089E+01    -6.520E+00    -1.606E+00     0.000E+00
     43   29      -1.237E+01    -4.618E+00    -3.186E+00     0.000E+00
     43   30      -1.095E+01    -4.097E+00    -3.401E+00     0.000E+00
     43   34      -1.040E+01    -2.511E+00    -3.706E+00     0.000E+00
     43   35      -1.011E+01    -1.971E+00    -4.007E+00     0.000E+00
     43   38      -1.229E+01    -7.664E+00    -6.765E+00     0.000E+00
     43   41      -1.219E+01    -7.636E+00    -2.157E+00     0.000E+00
     43   42      -1.164E+01    -5.793E+00    -7.075E+00     0.000E+00
     45    2      -1.489E+01    -2.274E+01     8.862E+00     0.000E+00
     45    4      -1.405E+01    -2.090E+01     7.720E+00     0.000E+00
     45    6      -1.339E+01    -1.894E+01     6.648E+00     0.000E+00
     45    8      -1.274E+01    -1.708E+01     5.780E+00     0.000E+00
     45   11      -1.396E+01    -1.982E+01     7.646E+00     0.000E+00
     45   13      -1.310E+01    -1.670E+01     5.370E+00     0.000E+00
     45   14      -1.204E+01    -1.541E+01     5.301E+00     0.000E+00
     45   16      -1.230E+01    -1.382E+01     3.361E+00     0.000E+00
     45   19      -1.139E+01    -1.305E+01     4.430E+00     0.000E+00
     45   20      -1.154E+01    -1.102E+01     1.565E+00     0.000E+00
     45   23      -1.406E+01    -1.698E+01     5.434E+00     0.000E+00
     45   26      -1.311E+01    -1.426E+01     3.647E+00     0.000E+00
     45   27      -1.078E+01    -8.154E+00     8.382E-02     0.000E+00
     45   29      -1.082E+01    -9.287E+00     2.295E+00     0.000E+00
     45   30      -1.231E+01    -1.157E+01     2.016E+00     0.000E+00
     45   34      -9.851E+00    -5.560E+00    -2.931E-01     0.000E+00
     45   35      -1.157E+01    -8.940E+00     7.572E-01     0.000E+00
     45   38      -1.393E+01    -1.518E+01     3.244E-01     0.000E+00
     45   41      -1.032E+01    -3.407E+00    -9.362E-01     0.000E+00
     45   42      -1.327E+01    -1.233E+01    -1.615E+00     0.000E+00
     45   43      -1.092E+01    -6.686E+00     7.525E-01     0.000E+00
     46    2      -1.593E+01    -1.500E+01     7.426E+00     0.000E+00
     46    4      -1.532E+01    -1.417E+01     7.000E+00     0.000E+00
     46    6      -1.483E+01    -1.271E+01     5.958E+00     0.000E+00
     46    8      -1.344E+01    -1.697E+01     6.512E+00     0.000E+00
     46   11      -1.331E+01    -1.626E+01     5.663E+00     0.000E+00
     46   13      -1.273E+01    -1.489E+01     4.605E+00     0.000E+00
     46   14      -1.345E+01    -1.279E+01     9.523E-01     0.000E+00
     46   16      -1.243E+01    -1.259E+01     2.999E+00     0.000E+00
     46   19      -1.324E+01    -1.235E+01     1.212E+00     0.000E+00
     46   20      -1.227E+01    -9.637E+00    -4.756E-01     0.000E+00
     46   23      -1.219E+01    -7.838E+00    -1.666E+00     0.000E+00
     46   26      -1.158E+01    -7.564E+00    -9.352E-01     0.000E+00
     46   27      -1.219E+01    -7.933E+00    -1.178E+00     0.000E+00
     46   29      -1.362E+01    -1.023E+01    -2.050E+00     0.000E+00
     46   30      -1.114E+01    -6.319E+00    -1.336E+00     0.000E+00
     46   34      -1.171E+01    -8.065E+00    -3.064E+00     0.000E+00
     46   35      -1.105E+01    -3.342E+00    -3.375E+00     0.000E+00
     46   38      -1.060E+01    -2.455E+00    -3.323E+00     0.000E+00
     46   41      -1.344E+01    -1.306E+01    -1.117E+00     0.000E+00
     46   42      -9.950E+00    -2.274E-01    -4.349E+00     0.000E+00
     46   43      -1.055E+01    -5.773E+00    -3.100E+00     0.000E+00
     46   45      -1.235E+01    -9.530E+00    -3.571E+00     0.000E+00
     52    2      -1.618E+01    -1.977E+01     1.305E+01     0.000E+00
     52    4      -1.566E+01    -1.803E+01     1.187E+01     0.000E+00
     52    6      -1.485E+01    -1.754E+01     1.139E+01     0.000E+00
     52    8      -1.403E+01    -1.677E+01     1.100E+01     0.000E+00
     52   11      -1.344E+01    -2.065E+01     1.020E+01     0.000E+00
     52   13      -1.271E+01    -2.017E+01     1.037E+01     0.000E+00
     52   14      -1.244E+01    -1.946E+01     8.978E+00     0.000E+00
     52   16      -1.213E+01    -1.844E+01     9.144E+00     0.000E+00
     52   19      -1.243E+01    -1.414E+01     4.206E+00     0.000E+00
     52   20      -1.149E+01    -1.655E+01     8.102E+00     0.000E+00
     52   23      -1.223E+01    -1.215E+01     2.866E+00     0.000E+00
     52   26      -1.158E+01    -1.178E+01     3.482E+00     0.000E+00
     52   27      -1.117E+01    -1.176E+01     3.311E+00     0.000E+00
     52   29      -1.297E+01    -9.922E+00     1.035E+00     0.000E+00
     52   30      -1.096E+01    -1.085E+01     3.468E+00     0.000E+00
     52   34      -1.111E+01    -7.596E+00    -2.567E-02     0.000E+00
     52   35      -1.055E+01    -7.797E+00     9.588E-01     0.000E+00
     52   38      -1.097E+01    -6.913E+00    -3.229E-02     0.000E+00
     52   41      -1.288E+01    -1.247E+01     2.742E+00     0.000E+00
     52   42      -1.033E+01    -4.758E+00    -9.816E-01     0.000E+00
     52   43      -9.934E+00    -5.063E+00    -3.770E-01     0.000E+00
     52   45      -1.172E+01    -9.556E+00     1.430E+00     0.000E+00
     52   46      -9.661E+00    -2.941E+00    -1.360E+00     0.000E+00
