 # vu Ju VIN PGR0 AGR BGR
 47
 0 2 4.0E+00 4.6035E+00 3.979e-01 35.672
 0 3 4.0E+00 4.4780E+00 1.351e-01 29.390
 0 4 6.0E+00 3.6561E+00 9.280e-02 32.474
 0 5 8.0E+00 1.9228E+00 7.975e-02 25.212
 0 6 8.0E+00 1.0446E+00 7.289e-02 95.103
 0 7 1.0E+01 1.3786E+00 5.981e-02 66.204
 0 8 1.2E+01 1.9307E+00 4.537e-02 37.132
 1 0 1.6E+01 3.3245E-02 3.938e-03 31.801
 1 1 1.4E+01 1.7942E-02 1.578e-02 172.070
 1 2 1.6E+01 7.4831E-02 2.368e-02 93.918
 1 3 1.4E+01 4.4838E-02 2.770e-02 190.000
 0 9 1.2E+01 7.0217E-01 4.447e-02 125.050
 1 4 1.4E+01 4.9837E-02 2.786e-02 210.280
 1 5 1.4E+01 3.6738E-02 2.596e-02 114.800
 0 10 1.2E+01 3.6656E-01 4.325e-02 212.330
 1 6 1.6E+01 2.5796E-01 2.426e-02 122.120
 0 11 1.4E+01 8.5937E-01 3.214e-02 147.870
 1 7 1.4E+01 1.2915E-01 2.462e-02 245.510
 1 8 1.4E+01 3.0501E-01 2.312e-02 248.700
 2 0 2.0E+01 1.5041E-02 8.762e-04 39.547
 2 1 1.8E+01 1.7497E-02 3.953e-03 195.790
 0 12 1.6E+01 1.1408E+00 2.484e-02 96.667
 2 2 1.8E+01 4.2033E-02 7.325e-03 182.420
 2 3 1.8E+01 1.1725E-01 9.320e-03 164.950
 1 9 1.6E+01 7.5741E-01 1.893e-02 141.200
 2 4 1.8E+01 3.1547E-02 1.386e-02 289.700
 0 13 1.6E+01 7.2871E-01 2.489e-02 182.530
 2 5 1.8E+01 1.9639E-01 1.215e-02 195.540
 1 10 1.6E+01 4.0760E-01 1.918e-02 222.460
 2 6 2.0E+01 1.5954E-01 1.302e-02 158.950
 0 14 1.8E+01 6.3303E-01 1.957e-02 152.200
 1 11 1.6E+01 7.7932E-01 1.685e-02 232.330
 2 7 1.8E+01 1.6150E-01 1.277e-02 245.520
 2 8 1.8E+01 2.6508E-01 1.331e-02 256.850
 3 0 2.6E+01 9.1217E-03 9.714e-04 89.304
 3 1 2.2E+01 3.1333E-02 1.625e-03 83.237
 1 12 1.8E+01 4.6929E-01 1.498e-02 210.830
 3 2 2.0E+01 2.2591E-01 3.754e-03 107.730
 0 15 1.8E+01 6.1669E-01 1.852e-02 219.320
 3 3 2.2E+01 1.6975E-01 4.715e-03 79.595
 2 9 1.8E+01 5.9706E-01 1.161e-02 226.560
 3 4 2.0E+01 1.2337E-01 6.694e-03 253.060
 1 13 1.8E+01 2.7841E-01 1.420e-02 285.210
 3 5 2.2E+01 1.0459E-01 7.761e-03 185.790
 0 16 2.0E+01 5.0815E-01 1.384e-02 184.350
 2 10 2.0E+01 3.4211E-01 1.177e-02 202.240
 3 6 2.0E+01 1.9850E-01 7.984e-03 235.390
