!---------------------------------------------------------------------
!-- reaction coefficients for He-H2 (reference ?)                   --
!-- items are : number of lines and then LevU, LevL, Q1, Q2, Q3, Q4 --
!--------------------------------------------------------------------- 
   627
      3    1      -9.956E+00    -1.191E+00    -1.173E+00     0.000E+00
      5    1      -1.052E+01    -3.061E+00    -1.437E+00     0.000E+00
      5    3      -9.731E+00    -1.763E+00    -1.748E+00     0.000E+00
      7    1      -1.103E+01    -5.106E+00    -1.689E+00     0.000E+00
      7    3      -1.028E+01    -3.762E+00    -2.210E+00     0.000E+00
      7    5      -9.766E+00    -2.164E+00    -2.498E+00     0.000E+00
      9    1      -1.144E+01    -8.251E+00    -4.399E-01     0.000E+00
      9    3      -1.069E+01    -6.740E+00    -1.233E+00     0.000E+00
      9    5      -1.023E+01    -5.070E+00    -1.866E+00     0.000E+00
      9    7      -9.728E+00    -3.317E+00    -1.980E+00     0.000E+00
     10    1      -1.189E+01    -6.827E+00    -8.490E-01     0.000E+00
     10    3      -1.139E+01    -7.797E+00     3.883E-01     0.000E+00
     10    5      -1.127E+01    -6.436E+00    -2.082E+00     0.000E+00
     10    7      -1.088E+01    -8.720E+00    -7.023E-01     0.000E+00
     10    9      -1.041E+01    -1.428E+01     4.915E+00     0.000E+00
     12    1      -1.210E+01    -6.998E+00    -1.974E+00     0.000E+00
     12    3      -1.142E+01    -6.616E+00    -1.632E+00     0.000E+00
     12    5      -1.128E+01    -6.272E+00    -1.182E+00     0.000E+00
     12    7      -1.091E+01    -8.431E+00     8.849E-01     0.000E+00
     12    9      -1.038E+01    -1.388E+01     6.662E+00     0.000E+00
     12   10      -1.003E+01    -5.513E-01    -2.037E+00     0.000E+00
     15    1      -1.210E+01    -8.145E+00    -1.276E+00     0.000E+00
     15    3      -1.139E+01    -7.648E+00    -1.400E+00     0.000E+00
     15    5      -1.115E+01    -6.868E+00    -1.250E+00     0.000E+00
     15    7      -1.114E+01    -5.431E+00    -1.457E+00     0.000E+00
     15    9      -1.100E+01    -7.789E+00     2.436E+00     0.000E+00
     15   10      -1.052E+01    -2.801E+00    -1.517E+00     0.000E+00
     15   12      -9.701E+00    -1.754E+00    -1.619E+00     0.000E+00
     17    1      -1.186E+01    -1.162E+01     1.133E+00     0.000E+00
     17    3      -1.109E+01    -1.003E+01     1.937E-01     0.000E+00
     17    5      -1.064E+01    -8.183E+00    -7.631E-01     0.000E+00
     17    7      -1.020E+01    -6.453E+00    -1.271E+00     0.000E+00
     17    9      -9.716E+00    -4.335E+00    -1.486E+00     0.000E+00
     17   10      -1.203E+01    -1.470E+01     4.097E+00     0.000E+00
     17   12      -1.139E+01    -1.325E+01     3.561E+00     0.000E+00
     17   15      -1.109E+01    -1.183E+01     4.274E+00     0.000E+00
     18    1      -1.222E+01    -9.057E+00    -1.624E+00     0.000E+00
     18    3      -1.150E+01    -8.661E+00    -1.749E+00     0.000E+00
     18    5      -1.128E+01    -7.394E+00    -2.240E+00     0.000E+00
     18    7      -1.114E+01    -5.747E+00    -2.685E+00     0.000E+00
     18    9      -1.107E+01    -3.821E+00    -2.975E+00     0.000E+00
     18   10      -1.110E+01    -4.281E+00    -2.438E+00     0.000E+00
     18   12      -1.031E+01    -3.093E+00    -2.884E+00     0.000E+00
     18   15      -9.838E+00    -1.396E+00    -3.339E+00     0.000E+00
     18   17      -1.129E+01    -5.549E+00     1.399E+00     0.000E+00
     21    1      -1.231E+01    -1.146E+01    -1.573E-01     0.000E+00
     21    3      -1.159E+01    -1.100E+01    -3.038E-01     0.000E+00
     21    5      -1.130E+01    -9.819E+00    -8.322E-01     0.000E+00
     21    7      -1.108E+01    -8.187E+00    -1.455E+00     0.000E+00
     21    9      -1.091E+01    -6.326E+00    -1.764E+00     0.000E+00
     21   10      -1.145E+01    -7.591E+00    -7.383E-01     0.000E+00
     21   12      -1.068E+01    -6.275E+00    -1.382E+00     0.000E+00
     21   15      -1.025E+01    -4.554E+00    -2.089E+00     0.000E+00
     21   17      -1.078E+01    -3.819E+00    -2.050E+00     0.000E+00
     21   18      -9.736E+00    -2.984E+00    -2.103E+00     0.000E+00
     22    1      -1.291E+01    -1.260E+01     3.019E+00     0.000E+00
     22    3      -1.244E+01    -1.124E+01     1.496E+00     0.000E+00
     22    5      -1.194E+01    -1.251E+01     1.923E+00     0.000E+00
     22    7      -1.201E+01    -1.076E+01    -3.437E-01     0.000E+00
     22    9      -1.177E+01    -1.156E+01    -6.880E-01     0.000E+00
     22   10      -1.166E+01    -6.313E+00    -8.812E-01     0.000E+00
     22   12      -1.110E+01    -7.284E+00     2.803E-01     0.000E+00
     22   15      -1.099E+01    -5.890E+00    -2.159E+00     0.000E+00
     22   17      -1.119E+01    -1.698E+01     5.039E+00     0.000E+00
     22   18      -1.064E+01    -7.846E+00    -1.305E+00     0.000E+00
     22   21      -1.018E+01    -1.321E+01     4.043E+00     0.000E+00
     24    1      -1.241E+01    -1.433E+01     1.740E+00     0.000E+00
     24    3      -1.164E+01    -1.257E+01     5.739E-01     0.000E+00
     24    5      -1.115E+01    -1.077E+01    -4.531E-01     0.000E+00
     24    7      -1.071E+01    -8.882E+00    -1.352E+00     0.000E+00
     24    9      -1.032E+01    -6.724E+00    -2.095E+00     0.000E+00
     24   10      -1.217E+01    -1.775E+01     6.181E+00     0.000E+00
     24   12      -1.147E+01    -1.614E+01     5.334E+00     0.000E+00
     24   15      -1.119E+01    -1.389E+01     4.258E+00     0.000E+00
     24   17      -9.824E+00    -4.420E+00    -2.178E+00     0.000E+00
     24   18      -1.101E+01    -1.138E+01     3.595E+00     0.000E+00
     24   21      -1.101E+01    -7.850E+00     4.393E+00     0.000E+00
     24   22      -1.200E+01    -2.250E+01     8.219E+00     0.000E+00
     25    1      -1.327E+01    -9.714E+00    -1.871E+00     0.000E+00
     25    3      -1.240E+01    -1.054E+01    -5.057E-01     0.000E+00
     25    5      -1.227E+01    -9.678E+00    -1.143E+00     0.000E+00
     25    7      -1.215E+01    -9.695E+00    -8.121E-01     0.000E+00
     25    9      -1.192E+01    -1.061E+01     8.212E-02     0.000E+00
     25   10      -1.205E+01    -5.111E+00    -3.732E+00     0.000E+00
     25   12      -1.137E+01    -4.642E+00    -3.775E+00     0.000E+00
     25   15      -1.116E+01    -4.534E+00    -3.209E+00     0.000E+00
     25   17      -1.142E+01    -1.485E+01     3.752E+00     0.000E+00
     25   18      -1.083E+01    -6.397E+00    -1.499E+00     0.000E+00
     25   21      -1.044E+01    -1.076E+01     2.611E+00     0.000E+00
     25   22      -1.029E+01     1.436E+00    -4.889E+00     0.000E+00
     25   24      -1.056E+01    -2.180E+01     8.788E+00     0.000E+00
     28    1      -1.294E+01    -1.146E+01    -3.594E-01     0.000E+00
     28    3      -1.228E+01    -1.111E+01    -6.181E-01     0.000E+00
     28    5      -1.208E+01    -1.051E+01    -5.932E-01     0.000E+00
     28    7      -1.216E+01    -8.636E+00    -1.940E+00     0.000E+00
     28    9      -1.231E+01    -7.379E+00    -2.169E+00     0.000E+00
     28   10      -1.203E+01    -6.047E+00    -3.328E+00     0.000E+00
     28   12      -1.134E+01    -5.630E+00    -3.430E+00     0.000E+00
     28   15      -1.113E+01    -4.707E+00    -3.641E+00     0.000E+00
     28   17      -1.187E+01    -1.034E+01     1.402E+00     0.000E+00
     28   18      -1.104E+01    -3.686E+00    -3.548E+00     0.000E+00
     28   21      -1.093E+01    -5.815E+00    -1.110E-01     0.000E+00
     28   22      -1.072E+01    -1.068E+00    -3.906E+00     0.000E+00
     28   24      -1.084E+01    -1.790E+01     7.861E+00     0.000E+00
     28   25      -9.964E+00     2.451E-01    -4.344E+00     0.000E+00
     31    1      -1.251E+01    -1.362E+01     3.651E-01     0.000E+00
     31    3      -1.183E+01    -1.281E+01    -9.719E-02     0.000E+00
     31    5      -1.153E+01    -1.149E+01    -8.815E-01     0.000E+00
     31    7      -1.124E+01    -1.003E+01    -1.503E+00     0.000E+00
     31    9      -1.100E+01    -8.149E+00    -2.185E+00     0.000E+00
     31   10      -1.206E+01    -9.563E+00    -9.606E-01     0.000E+00
     31   12      -1.128E+01    -8.121E+00    -1.799E+00     0.000E+00
     31   15      -1.080E+01    -6.420E+00    -2.681E+00     0.000E+00
     31   17      -1.082E+01    -5.854E+00    -2.708E+00     0.000E+00
     31   18      -1.038E+01    -4.668E+00    -3.281E+00     0.000E+00
     31   21      -9.888E+00    -2.724E+00    -3.477E+00     0.000E+00
     31   22      -1.183E+01    -1.248E+01     1.115E+00     0.000E+00
     31   24      -1.072E+01    -2.398E+00    -3.390E+00     0.000E+00
     31   25      -1.117E+01    -1.118E+01     7.136E-01     0.000E+00
     31   28      -1.091E+01    -9.736E+00     1.278E+00     0.000E+00
     32    1      -1.267E+01    -1.412E+01     1.983E+00     0.000E+00
     32    3      -1.205E+01    -1.342E+01     1.458E+00     0.000E+00
     32    5      -1.193E+01    -1.215E+01     6.397E-01     0.000E+00
     32    7      -1.185E+01    -1.082E+01     1.929E-01     0.000E+00
     32    9      -1.190E+01    -8.717E+00    -1.080E+00     0.000E+00
     32   10      -1.196E+01    -8.296E+00    -1.593E+00     0.000E+00
     32   12      -1.125E+01    -7.933E+00    -1.636E+00     0.000E+00
     32   15      -1.099E+01    -7.033E+00    -1.758E+00     0.000E+00
     32   17      -1.194E+01    -7.320E+00    -1.011E+00     0.000E+00
     32   18      -1.083E+01    -5.698E+00    -1.960E+00     0.000E+00
     32   21      -1.068E+01    -4.195E+00    -1.841E+00     0.000E+00
     32   22      -1.094E+01    -4.849E+00    -1.228E+00     0.000E+00
     32   24      -1.135E+01    -1.169E+01     4.004E+00     0.000E+00
     32   25      -1.019E+01    -3.688E+00    -1.592E+00     0.000E+00
     32   28      -9.674E+00    -2.353E+00    -1.650E+00     0.000E+00
     32   31      -1.056E+01    -7.635E+00     4.242E+00     0.000E+00
     33    1      -1.278E+01    -1.873E+01     4.925E+00     0.000E+00
     33    3      -1.201E+01    -1.678E+01     3.483E+00     0.000E+00
     33    5      -1.156E+01    -1.460E+01     1.990E+00     0.000E+00
     33    7      -1.112E+01    -1.256E+01     7.694E-01     0.000E+00
     33    9      -1.074E+01    -1.032E+01    -3.646E-01     0.000E+00
     33   10      -1.248E+01    -2.184E+01     9.182E+00     0.000E+00
     33   12      -1.168E+01    -2.041E+01     8.373E+00     0.000E+00
     33   15      -1.126E+01    -1.853E+01     7.353E+00     0.000E+00
     33   17      -1.031E+01    -8.071E+00    -1.071E+00     0.000E+00
     33   18      -1.094E+01    -1.634E+01     6.317E+00     0.000E+00
     33   21      -1.070E+01    -1.357E+01     5.193E+00     0.000E+00
     33   22      -1.168E+01    -2.805E+01     1.403E+01     0.000E+00
     33   24      -9.812E+00    -5.375E+00    -1.424E+00     0.000E+00
     33   25      -1.100E+01    -2.694E+01     1.371E+01     0.000E+00
     33   28      -1.064E+01    -2.566E+01     1.402E+01     0.000E+00
     33   31      -1.058E+01    -9.399E+00     4.101E+00     0.000E+00
     33   32      -1.051E+01    -2.259E+01     1.344E+01     0.000E+00
     36    1      -1.239E+01    -1.720E+01     4.044E+00     0.000E+00
     36    3      -1.177E+01    -1.630E+01     3.444E+00     0.000E+00
     36    5      -1.158E+01    -1.492E+01     2.506E+00     0.000E+00
     36    7      -1.151E+01    -1.294E+01     9.802E-01     0.000E+00
     36    9      -1.144E+01    -1.101E+01    -1.249E-02     0.000E+00
     36   10      -1.199E+01    -1.036E+01    -9.634E-01     0.000E+00
     36   12      -1.131E+01    -9.726E+00    -1.273E+00     0.000E+00
     36   15      -1.103E+01    -8.610E+00    -1.740E+00     0.000E+00
     36   17      -1.147E+01    -8.519E+00    -1.477E+00     0.000E+00
     36   18      -1.080E+01    -7.279E+00    -2.069E+00     0.000E+00
     36   21      -1.059E+01    -5.769E+00    -2.081E+00     0.000E+00
     36   22      -1.134E+01    -7.210E+00    -9.864E-01     0.000E+00
     36   24      -1.182E+01    -5.865E+00    -1.833E+00     0.000E+00
     36   25      -1.063E+01    -5.794E+00    -1.693E+00     0.000E+00
     36   28      -1.019E+01    -4.299E+00    -2.153E+00     0.000E+00
     36   31      -1.043E+01    -3.638E+00    -2.009E+00     0.000E+00
     36   32      -9.709E+00    -2.792E+00    -2.078E+00     0.000E+00
     36   33      -1.071E+01    -1.289E+01     4.005E+00     0.000E+00
     37    1      -1.341E+01    -1.788E+01     9.367E+00     0.000E+00
     37    3      -1.302E+01    -1.616E+01     5.817E+00     0.000E+00
     37    5      -1.256E+01    -1.721E+01     6.999E+00     0.000E+00
     37    7      -1.217E+01    -1.845E+01     7.643E+00     0.000E+00
     37    9      -1.204E+01    -1.772E+01     5.336E+00     0.000E+00
     37   10      -1.323E+01    -9.434E+00     5.952E-02     0.000E+00
     37   12      -1.251E+01    -9.224E+00    -1.089E-01     0.000E+00
     37   15      -1.206E+01    -1.093E+01     1.318E+00     0.000E+00
     37   17      -1.075E+01    -2.341E+01     9.135E+00     0.000E+00
     37   18      -1.207E+01    -9.502E+00    -1.078E+00     0.000E+00
     37   21      -1.133E+01    -1.277E+01     1.009E+00     0.000E+00
     37   22      -1.164E+01    -5.846E+00    -1.429E+00     0.000E+00
     37   24      -1.018E+01    -2.485E+01     9.447E+00     0.000E+00
     37   25      -1.124E+01    -6.236E+00    -7.758E-01     0.000E+00
     37   28      -1.126E+01    -4.592E+00    -3.432E+00     0.000E+00
     37   31      -1.017E+01    -1.834E+01     5.964E+00     0.000E+00
     37   32      -1.104E+01    -5.827E+00    -2.887E+00     0.000E+00
     37   33      -1.008E+01    -2.914E+01     1.167E+01     0.000E+00
     37   36      -1.044E+01    -1.023E+01     6.036E-01     0.000E+00
     39    1      -1.304E+01    -1.619E+01     2.186E+00     0.000E+00
     39    3      -1.234E+01    -1.527E+01     1.558E+00     0.000E+00
     39    5      -1.199E+01    -1.401E+01     7.719E-01     0.000E+00
     39    7      -1.162E+01    -1.275E+01     8.916E-02     0.000E+00
     39    9      -1.130E+01    -1.105E+01    -7.172E-01     0.000E+00
     39   10      -1.301E+01    -1.153E+01    -7.992E-02     0.000E+00
     39   12      -1.219E+01    -1.011E+01    -9.624E-01     0.000E+00
     39   15      -1.162E+01    -8.682E+00    -1.722E+00     0.000E+00
     39   17      -1.100E+01    -8.853E+00    -1.554E+00     0.000E+00
     39   18      -1.114E+01    -7.090E+00    -2.392E+00     0.000E+00
     39   21      -1.066E+01    -5.422E+00    -2.811E+00     0.000E+00
     39   22      -1.162E+01    -1.830E+01     6.866E+00     0.000E+00
     39   24      -1.067E+01    -6.270E+00    -2.087E+00     0.000E+00
     39   25      -1.096E+01    -1.688E+01     6.241E+00     0.000E+00
     39   28      -1.068E+01    -1.485E+01     5.361E+00     0.000E+00
     39   31      -1.005E+01    -3.463E+00    -2.877E+00     0.000E+00
     39   32      -1.052E+01    -1.211E+01     4.280E+00     0.000E+00
     39   33      -1.026E+01    -2.564E+00    -2.549E+00     0.000E+00
     39   36      -1.050E+01    -7.792E+00     3.430E+00     0.000E+00
     39   37      -1.070E+01    -2.465E+01     1.008E+01     0.000E+00
     40    1      -1.354E+01    -1.697E+01     6.157E+00     0.000E+00
     40    3      -1.273E+01    -1.788E+01     8.168E+00     0.000E+00
     40    5      -1.252E+01    -1.707E+01     6.605E+00     0.000E+00
     40    7      -1.245E+01    -1.592E+01     5.010E+00     0.000E+00
     40    9      -1.209E+01    -1.688E+01     5.866E+00     0.000E+00
     40   10      -1.327E+01    -9.068E+00    -1.155E+00     0.000E+00
     40   12      -1.237E+01    -9.923E+00    -2.198E-01     0.000E+00
     40   15      -1.225E+01    -8.924E+00    -8.680E-01     0.000E+00
     40   17      -1.085E+01    -2.198E+01     1.001E+01     0.000E+00
     40   18      -1.210E+01    -9.207E+00     1.531E-01     0.000E+00
     40   21      -1.126E+01    -1.285E+01     3.382E+00     0.000E+00
     40   22      -1.201E+01    -6.030E+00    -1.975E+00     0.000E+00
     40   24      -1.021E+01    -2.375E+01     9.872E+00     0.000E+00
     40   25      -1.128E+01    -5.568E+00    -1.950E+00     0.000E+00
     40   28      -1.115E+01    -4.877E+00    -1.924E+00     0.000E+00
     40   31      -1.008E+01    -1.814E+01     7.209E+00     0.000E+00
     40   32      -1.085E+01    -6.790E+00    -1.685E-02     0.000E+00
     40   33      -1.005E+01    -2.779E+01     1.202E+01     0.000E+00
     40   36      -1.016E+01    -1.183E+01     4.848E+00     0.000E+00
     40   37      -1.010E+01     9.275E-02    -2.654E+00     0.000E+00
     40   39      -9.107E+00    -2.500E+01     1.180E+01     0.000E+00
     44    1      -1.325E+01    -1.982E+01     9.461E+00     0.000E+00
     44    3      -1.257E+01    -1.917E+01     8.666E+00     0.000E+00
     44    5      -1.225E+01    -1.895E+01     8.915E+00     0.000E+00
     44    7      -1.205E+01    -1.777E+01     6.924E+00     0.000E+00
     44    9      -1.176E+01    -1.667E+01     5.089E+00     0.000E+00
     44   10      -1.310E+01    -1.019E+01    -1.090E+00     0.000E+00
     44   12      -1.244E+01    -9.912E+00    -1.052E+00     0.000E+00
     44   15      -1.210E+01    -9.880E+00    -4.965E-01     0.000E+00
     44   17      -1.121E+01    -1.737E+01     5.958E+00     0.000E+00
     44   18      -1.193E+01    -8.767E+00    -1.154E+00     0.000E+00
     44   21      -1.152E+01    -9.296E+00     3.945E-01     0.000E+00
     44   22      -1.222E+01    -6.083E+00    -2.341E+00     0.000E+00
     44   24      -1.086E+01    -1.791E+01     6.295E+00     0.000E+00
     44   25      -1.149E+01    -5.651E+00    -2.487E+00     0.000E+00
     44   28      -1.112E+01    -5.199E+00    -2.290E+00     0.000E+00
     44   31      -1.065E+01    -1.292E+01     4.069E+00     0.000E+00
     44   32      -1.093E+01    -4.222E+00    -2.262E+00     0.000E+00
     44   33      -1.014E+01    -2.407E+01     1.060E+01     0.000E+00
     44   36      -1.066E+01    -6.861E+00     1.753E+00     0.000E+00
     44   37      -1.057E+01    -1.551E+00    -2.769E+00     0.000E+00
     44   39      -9.413E+00    -2.078E+01     1.034E+01     0.000E+00
     44   40      -9.813E+00    -5.686E-01    -2.823E+00     0.000E+00
     47    1      -1.308E+01    -2.258E+01     6.848E+00     0.000E+00
     47    3      -1.242E+01    -2.030E+01     5.188E+00     0.000E+00
     47    5      -1.202E+01    -1.793E+01     3.567E+00     0.000E+00
     47    7      -1.171E+01    -1.548E+01     1.991E+00     0.000E+00
     47    9      -1.138E+01    -1.304E+01     5.737E-01     0.000E+00
     47   10      -1.292E+01    -2.131E+01     6.343E+00     0.000E+00
     47   12      -1.228E+01    -1.896E+01     4.711E+00     0.000E+00
     47   15      -1.196E+01    -1.627E+01     2.896E+00     0.000E+00
     47   17      -1.105E+01    -1.048E+01    -6.870E-01     0.000E+00
     47   18      -1.166E+01    -1.366E+01     1.372E+00     0.000E+00
     47   21      -1.135E+01    -1.099E+01     1.125E-01     0.000E+00
     47   22      -1.271E+01    -2.194E+01     7.057E+00     0.000E+00
     47   24      -1.060E+01    -7.949E+00    -1.553E+00     0.000E+00
     47   25      -1.208E+01    -1.975E+01     5.605E+00     0.000E+00
     47   28      -1.179E+01    -1.712E+01     4.007E+00     0.000E+00
     47   31      -1.100E+01    -8.148E+00    -8.437E-01     0.000E+00
     47   32      -1.158E+01    -1.427E+01     2.601E+00     0.000E+00
     47   33      -9.973E+00    -5.154E+00    -1.954E+00     0.000E+00
     47   36      -1.132E+01    -1.161E+01     1.946E+00     0.000E+00
     47   37      -1.255E+01    -2.327E+01     6.605E+00     0.000E+00
     47   39      -1.065E+01    -5.217E+00    -1.053E+00     0.000E+00
     47   40      -1.185E+01    -2.206E+01     6.058E+00     0.000E+00
     47   44      -1.142E+01    -2.102E+01     6.532E+00     0.000E+00
     48    1      -1.275E+01    -1.868E+01     4.030E+00     0.000E+00
     48    3      -1.202E+01    -1.831E+01     4.058E+00     0.000E+00
     48    5      -1.173E+01    -1.732E+01     3.724E+00     0.000E+00
     48    7      -1.152E+01    -1.591E+01     3.020E+00     0.000E+00
     48    9      -1.135E+01    -1.400E+01     1.911E+00     0.000E+00
     48   10      -1.236E+01    -1.258E+01     2.404E-01     0.000E+00
     48   12      -1.169E+01    -1.186E+01    -1.443E-01     0.000E+00
     48   15      -1.142E+01    -1.063E+01    -8.179E-01     0.000E+00
     48   17      -1.118E+01    -1.167E+01     6.881E-01     0.000E+00
     48   18      -1.116E+01    -9.263E+00    -1.331E+00     0.000E+00
     48   21      -1.090E+01    -7.566E+00    -1.851E+00     0.000E+00
     48   22      -1.209E+01    -9.103E+00    -6.610E-01     0.000E+00
     48   24      -1.100E+01    -8.572E+00    -1.063E+00     0.000E+00
     48   25      -1.135E+01    -7.674E+00    -1.458E+00     0.000E+00
     48   28      -1.092E+01    -6.085E+00    -2.163E+00     0.000E+00
     48   31      -1.051E+01    -5.625E+00    -2.140E+00     0.000E+00
     48   32      -1.052E+01    -4.484E+00    -2.624E+00     0.000E+00
     48   33      -1.083E+01    -5.806E+00    -1.558E+00     0.000E+00
     48   36      -9.960E+00    -2.853E+00    -2.604E+00     0.000E+00
     48   37      -1.122E+01    -1.313E+01     2.120E+00     0.000E+00
     48   39      -9.898E+00    -3.248E+00    -2.088E+00     0.000E+00
     48   40      -1.053E+01    -1.239E+01     2.243E+00     0.000E+00
     48   44      -1.021E+01    -1.147E+01     3.228E+00     0.000E+00
     48   47      -1.092E+01    -9.152E+00     1.690E+00     0.000E+00
     49    1      -1.240E+01    -2.395E+01     1.281E+01     0.000E+00
     49    3      -1.170E+01    -2.334E+01     1.212E+01     0.000E+00
     49    5      -1.154E+01    -2.161E+01     1.036E+01     0.000E+00
     49    7      -1.139E+01    -2.010E+01     9.532E+00     0.000E+00
     49    9      -1.151E+01    -1.624E+01     4.539E+00     0.000E+00
     49   10      -1.242E+01    -1.432E+01     2.461E+00     0.000E+00
     49   12      -1.185E+01    -1.307E+01     1.269E+00     0.000E+00
     49   15      -1.170E+01    -1.142E+01    -1.568E-01     0.000E+00
     49   17      -1.158E+01    -1.311E+01     1.263E+00     0.000E+00
     49   18      -1.144E+01    -1.054E+01    -2.444E-01     0.000E+00
     49   21      -1.134E+01    -8.525E+00    -1.599E+00     0.000E+00
     49   22      -1.215E+01    -7.369E+00    -2.129E+00     0.000E+00
     49   24      -1.135E+01    -1.263E+01     1.340E+00     0.000E+00
     49   25      -1.141E+01    -7.044E+00    -2.212E+00     0.000E+00
     49   28      -1.108E+01    -6.336E+00    -2.252E+00     0.000E+00
     49   31      -1.116E+01    -7.822E+00    -8.840E-01     0.000E+00
     49   32      -1.079E+01    -5.432E+00    -2.113E+00     0.000E+00
     49   33      -1.055E+01    -1.741E+01     6.714E+00     0.000E+00
     49   36      -1.061E+01    -3.837E+00    -2.159E+00     0.000E+00
     49   37      -1.085E+01    -3.699E+00    -2.396E+00     0.000E+00
     49   39      -9.922E+00    -1.368E+01     5.273E+00     0.000E+00
     49   40      -1.013E+01    -2.856E+00    -2.416E+00     0.000E+00
     49   44      -9.684E+00    -1.736E+00    -2.222E+00     0.000E+00
     49   47      -1.074E+01    -1.900E+01     7.598E+00     0.000E+00
     49   48      -9.851E+00    -9.206E+00     5.389E+00     0.000E+00
     54    1      -1.220E+01    -2.731E+01     1.558E+01     0.000E+00
     54    3      -1.144E+01    -2.700E+01     1.533E+01     0.000E+00
     54    5      -1.126E+01    -2.521E+01     1.368E+01     0.000E+00
     54    7      -1.125E+01    -2.240E+01     1.098E+01     0.000E+00
     54    9      -1.116E+01    -2.011E+01     9.671E+00     0.000E+00
     54   10      -1.226E+01    -1.728E+01     4.723E+00     0.000E+00
     54   12      -1.169E+01    -1.600E+01     3.620E+00     0.000E+00
     54   15      -1.159E+01    -1.390E+01     1.857E+00     0.000E+00
     54   17      -1.149E+01    -1.392E+01     2.124E+00     0.000E+00
     54   18      -1.155E+01    -1.138E+01    -1.812E-01     0.000E+00
     54   21      -1.133E+01    -9.639E+00    -6.926E-01     0.000E+00
     54   22      -1.229E+01    -8.875E+00    -1.663E+00     0.000E+00
     54   24      -1.137E+01    -1.046E+01    -5.677E-01     0.000E+00
     54   25      -1.159E+01    -8.362E+00    -1.898E+00     0.000E+00
     54   28      -1.128E+01    -7.422E+00    -2.145E+00     0.000E+00
     54   31      -1.098E+01    -7.309E+00    -2.021E+00     0.000E+00
     54   32      -1.102E+01    -6.019E+00    -2.564E+00     0.000E+00
     54   33      -1.130E+01    -8.390E+00    -1.001E+00     0.000E+00
     54   36      -1.061E+01    -4.599E+00    -2.682E+00     0.000E+00
     54   37      -1.122E+01    -5.623E+00    -2.284E+00     0.000E+00
     54   39      -1.049E+01    -5.673E+00    -2.018E+00     0.000E+00
     54   40      -1.056E+01    -4.592E+00    -2.562E+00     0.000E+00
     54   44      -1.023E+01    -3.262E+00    -2.813E+00     0.000E+00
     54   47      -1.139E+01    -1.137E+01     1.980E+00     0.000E+00
     54   48      -9.914E+00    -3.244E+00    -2.195E+00     0.000E+00
     54   49      -9.770E+00    -2.102E+00    -2.487E+00     0.000E+00
      4    2      -9.704E+00    -1.801E+00    -1.090E+00     0.000E+00
      6    2      -1.029E+01    -3.583E+00    -1.644E+00     0.000E+00
      6    4      -9.727E+00    -2.066E+00    -1.984E+00     0.000E+00
      8    2      -1.073E+01    -6.109E+00    -1.350E+00     0.000E+00
      8    4      -1.026E+01    -4.347E+00    -2.119E+00     0.000E+00
      8    6      -9.738E+00    -2.808E+00    -2.188E+00     0.000E+00
     11    2      -1.151E+01    -7.210E+00    -7.875E-01     0.000E+00
     11    4      -1.135E+01    -6.859E+00    -5.433E-01     0.000E+00
     11    6      -1.098E+01    -7.969E+00    -1.759E-01     0.000E+00
     11    8      -1.056E+01    -1.162E+01     3.051E+00     0.000E+00
     13    2      -1.164E+01    -7.188E+00    -1.825E+00     0.000E+00
     13    4      -1.127E+01    -6.674E+00    -1.594E+00     0.000E+00
     13    6      -1.124E+01    -5.725E+00    -1.538E+00     0.000E+00
     13    8      -1.094E+01    -8.244E+00     1.666E+00     0.000E+00
     13   11      -9.793E+00    -1.067E+00    -1.980E+00     0.000E+00
     14    2      -1.118E+01    -9.152E+00    -1.919E-01     0.000E+00
     14    4      -1.065E+01    -7.445E+00    -1.085E+00     0.000E+00
     14    6      -1.022E+01    -5.678E+00    -1.710E+00     0.000E+00
     14    8      -9.729E+00    -3.769E+00    -1.836E+00     0.000E+00
     14   11      -1.119E+01    -1.532E+01     6.482E+00     0.000E+00
     14   13      -1.077E+01    -1.466E+01     8.100E+00     0.000E+00
     16    2      -1.169E+01    -8.252E+00    -1.698E+00     0.000E+00
     16    4      -1.132E+01    -7.485E+00    -1.911E+00     0.000E+00
     16    6      -1.115E+01    -6.231E+00    -2.098E+00     0.000E+00
     16    8      -1.115E+01    -4.338E+00    -2.570E+00     0.000E+00
     16   11      -1.032E+01    -2.906E+00    -2.386E+00     0.000E+00
     16   13      -9.790E+00    -1.402E+00    -2.755E+00     0.000E+00
     16   14      -1.119E+01    -6.343E+00     1.643E+00     0.000E+00
     19    2      -1.172E+01    -1.171E+01     2.022E-01     0.000E+00
     19    4      -1.119E+01    -9.883E+00    -8.949E-01     0.000E+00
     19    6      -1.075E+01    -8.008E+00    -1.834E+00     0.000E+00
     19    8      -1.032E+01    -6.110E+00    -2.479E+00     0.000E+00
     19   11      -1.179E+01    -1.457E+01     3.597E+00     0.000E+00
     19   13      -1.142E+01    -1.266E+01     2.768E+00     0.000E+00
     19   14      -9.870E+00    -3.634E+00    -2.972E+00     0.000E+00
     19   16      -1.127E+01    -1.008E+01     1.968E+00     0.000E+00
     20    2      -1.179E+01    -9.969E+00    -1.100E+00     0.000E+00
     20    4      -1.139E+01    -9.216E+00    -1.382E+00     0.000E+00
     20    6      -1.119E+01    -7.706E+00    -1.988E+00     0.000E+00
     20    8      -1.103E+01    -5.972E+00    -2.383E+00     0.000E+00
     20   11      -1.080E+01    -5.215E+00    -2.080E+00     0.000E+00
     20   13      -1.029E+01    -3.670E+00    -2.724E+00     0.000E+00
     20   14      -1.094E+01    -3.624E+00    -2.791E+00     0.000E+00
     20   16      -9.799E+00    -2.074E+00    -2.934E+00     0.000E+00
     20   19      -1.121E+01    -5.925E+00     2.134E+00     0.000E+00
     23    2      -1.256E+01    -1.166E+01     1.524E+00     0.000E+00
     23    4      -1.221E+01    -1.125E+01     1.097E+00     0.000E+00
     23    6      -1.194E+01    -1.190E+01     1.684E+00     0.000E+00
     23    8      -1.184E+01    -1.154E+01     9.924E-01     0.000E+00
     23   11      -1.130E+01    -6.459E+00    -1.131E+00     0.000E+00
     23   13      -1.108E+01    -6.250E+00    -8.124E-01     0.000E+00
     23   14      -1.141E+01    -1.459E+01     3.451E+00     0.000E+00
     23   16      -1.074E+01    -7.196E+00    -5.433E-01     0.000E+00
     23   19      -1.058E+01    -2.121E+01     9.368E+00     0.000E+00
     23   20      -1.033E+01    -1.078E+01     2.608E+00     0.000E+00
     26    2      -1.246E+01    -1.153E+01     3.967E-01     0.000E+00
     26    4      -1.206E+01    -1.165E+01     1.060E+00     0.000E+00
     26    6      -1.209E+01    -1.015E+01     2.422E-02     0.000E+00
     26    8      -1.213E+01    -9.469E+00     8.170E-02     0.000E+00
     26   11      -1.141E+01    -6.496E+00    -1.816E+00     0.000E+00
     26   13      -1.104E+01    -5.979E+00    -1.806E+00     0.000E+00
     26   14      -1.172E+01    -1.190E+01     2.867E+00     0.000E+00
     26   16      -1.094E+01    -5.391E+00    -1.420E+00     0.000E+00
     26   19      -1.087E+01    -1.789E+01     8.038E+00     0.000E+00
     26   20      -1.064E+01    -7.877E+00     1.714E+00     0.000E+00
     26   23      -9.776E+00    -1.124E+00    -1.687E+00     0.000E+00
     27    2      -1.193E+01    -1.232E+01     1.238E-01     0.000E+00
     27    4      -1.156E+01    -1.129E+01    -4.750E-01     0.000E+00
     27    6      -1.128E+01    -9.933E+00    -1.087E+00     0.000E+00
     27    8      -1.104E+01    -8.286E+00    -1.547E+00     0.000E+00
     27   11      -1.120E+01    -8.376E+00    -5.589E-01     0.000E+00
     27   13      -1.069E+01    -6.734E+00    -1.396E+00     0.000E+00
     27   14      -1.081E+01    -6.557E+00    -1.479E+00     0.000E+00
     27   16      -1.025E+01    -5.145E+00    -1.878E+00     0.000E+00
     27   19      -1.064E+01    -3.853E+00    -1.617E+00     0.000E+00
     27   20      -9.705E+00    -3.637E+00    -1.671E+00     0.000E+00
     27   23      -1.079E+01    -1.480E+01     6.083E+00     0.000E+00
     27   26      -1.035E+01    -1.444E+01     8.030E+00     0.000E+00
     29    2      -1.199E+01    -1.622E+01     3.350E+00     0.000E+00
     29    4      -1.149E+01    -1.407E+01     1.870E+00     0.000E+00
     29    6      -1.103E+01    -1.219E+01     7.900E-01     0.000E+00
     29    8      -1.063E+01    -1.011E+01    -2.101E-01     0.000E+00
     29   11      -1.167E+01    -1.935E+01     7.507E+00     0.000E+00
     29   13      -1.125E+01    -1.730E+01     6.347E+00     0.000E+00
     29   14      -1.022E+01    -7.907E+00    -9.160E-01     0.000E+00
     29   16      -1.095E+01    -1.512E+01     5.355E+00     0.000E+00
     29   19      -9.730E+00    -5.373E+00    -1.175E+00     0.000E+00
     29   20      -1.081E+01    -1.231E+01     4.409E+00     0.000E+00
     29   23      -1.192E+01    -2.250E+01     9.642E+00     0.000E+00
     29   26      -1.167E+01    -2.121E+01     1.040E+01     0.000E+00
     29   27      -1.083E+01    -8.531E+00     4.369E+00     0.000E+00
     30    2      -1.233E+01    -1.271E+01     9.334E-01     0.000E+00
     30    4      -1.211E+01    -1.157E+01    -5.500E-02     0.000E+00
     30    6      -1.190E+01    -1.116E+01     5.748E-01     0.000E+00
     30    8      -1.200E+01    -8.967E+00    -1.095E+00     0.000E+00
     30   11      -1.151E+01    -7.045E+00    -2.389E+00     0.000E+00
     30   13      -1.112E+01    -6.518E+00    -2.311E+00     0.000E+00
     30   14      -1.205E+01    -7.700E+00    -1.151E+00     0.000E+00
     30   16      -1.093E+01    -5.563E+00    -2.243E+00     0.000E+00
     30   19      -1.156E+01    -1.116E+01     3.107E+00     0.000E+00
     30   20      -1.080E+01    -4.363E+00    -2.073E+00     0.000E+00
     30   23      -1.027E+01    -3.072E+00    -1.750E+00     0.000E+00
     30   26      -9.718E+00    -1.776E+00    -1.899E+00     0.000E+00
     30   27      -1.064E+01    -7.299E+00     3.009E+00     0.000E+00
     30   29      -1.161E+01    -1.733E+01     8.978E+00     0.000E+00
     34    2      -1.215E+01    -1.527E+01     1.996E+00     0.000E+00
     34    4      -1.178E+01    -1.398E+01     1.138E+00     0.000E+00
     34    6      -1.149E+01    -1.252E+01     2.495E-01     0.000E+00
     34    8      -1.116E+01    -1.112E+01    -2.494E-01     0.000E+00
     34   11      -1.183E+01    -1.089E+01     3.331E-01     0.000E+00
     34   13      -1.125E+01    -9.317E+00    -5.713E-01     0.000E+00
     34   14      -1.089E+01    -9.215E+00    -8.197E-01     0.000E+00
     34   16      -1.077E+01    -7.711E+00    -1.296E+00     0.000E+00
     34   19      -1.066E+01    -6.975E+00    -1.022E+00     0.000E+00
     34   20      -1.029E+01    -6.181E+00    -1.574E+00     0.000E+00
     34   23      -1.108E+01    -1.617E+01     5.772E+00     0.000E+00
     34   26      -1.077E+01    -1.436E+01     5.105E+00     0.000E+00
     34   27      -9.772E+00    -4.222E+00    -1.602E+00     0.000E+00
     34   29      -1.053E+01    -3.426E+00    -1.355E+00     0.000E+00
     34   30      -1.062E+01    -1.193E+01     4.483E+00     0.000E+00
     35    2      -1.202E+01    -1.539E+01     2.733E+00     0.000E+00
     35    4      -1.176E+01    -1.417E+01     1.863E+00     0.000E+00
     35    6      -1.165E+01    -1.263E+01     8.048E-01     0.000E+00
     35    8      -1.158E+01    -1.096E+01     5.600E-02     0.000E+00
     35   11      -1.141E+01    -9.446E+00    -9.974E-01     0.000E+00
     35   13      -1.104E+01    -8.681E+00    -1.257E+00     0.000E+00
     35   14      -1.167E+01    -8.528E+00    -1.336E+00     0.000E+00
     35   16      -1.080E+01    -7.521E+00    -1.535E+00     0.000E+00
     35   19      -1.209E+01    -5.745E+00    -2.113E+00     0.000E+00
     35   20      -1.063E+01    -6.011E+00    -1.745E+00     0.000E+00
     35   23      -1.062E+01    -5.662E+00    -1.119E+00     0.000E+00
     35   26      -1.016E+01    -4.094E+00    -1.733E+00     0.000E+00
     35   27      -1.053E+01    -4.009E+00    -1.805E+00     0.000E+00
     35   29      -1.185E+01    -1.176E+01     4.879E+00     0.000E+00
     35   30      -9.670E+00    -2.688E+00    -1.716E+00     0.000E+00
     35   34      -1.042E+01    -8.317E+00     5.107E+00     0.000E+00
     38    2      -1.317E+01    -1.613E+01     5.871E+00     0.000E+00
     38    4      -1.261E+01    -1.668E+01     5.524E+00     0.000E+00
     38    6      -1.234E+01    -1.663E+01     5.103E+00     0.000E+00
     38    8      -1.179E+01    -1.855E+01     6.640E+00     0.000E+00
     38   11      -1.270E+01    -8.965E+00    -1.460E+00     0.000E+00
     38   13      -1.231E+01    -8.968E+00    -1.266E+00     0.000E+00
     38   14      -1.084E+01    -2.156E+01     8.095E+00     0.000E+00
     38   16      -1.203E+01    -1.004E+01     1.726E-01     0.000E+00
     38   19      -1.091E+01    -1.944E+01     4.584E+00     0.000E+00
     38   20      -1.120E+01    -1.267E+01     1.740E+00     0.000E+00
     38   23      -1.149E+01    -5.020E+00    -2.974E+00     0.000E+00
     38   26      -1.137E+01    -4.351E+00    -3.052E+00     0.000E+00
     38   27      -1.052E+01    -1.468E+01     2.297E+00     0.000E+00
     38   29      -1.067E+01    -2.328E+01     7.520E+00     0.000E+00
     38   30      -1.111E+01    -5.039E+00    -3.089E+00     0.000E+00
     38   34      -9.986E+00    -1.989E+01     6.616E+00     0.000E+00
     38   35      -1.053E+01    -8.337E+00    -5.938E-01     0.000E+00
     41    2      -1.281E+01    -1.883E+01     4.701E+00     0.000E+00
     41    4      -1.228E+01    -1.661E+01     3.051E+00     0.000E+00
     41    6      -1.183E+01    -1.449E+01     1.641E+00     0.000E+00
     41    8      -1.141E+01    -1.239E+01     4.047E-01     0.000E+00
     41   11      -1.245E+01    -2.322E+01     1.059E+01     0.000E+00
     41   13      -1.189E+01    -2.152E+01     9.563E+00     0.000E+00
     41   14      -1.100E+01    -1.024E+01    -5.979E-01     0.000E+00
     41   16      -1.146E+01    -1.968E+01     8.518E+00     0.000E+00
     41   19      -1.057E+01    -7.873E+00    -1.408E+00     0.000E+00
     41   20      -1.106E+01    -1.742E+01     7.212E+00     0.000E+00
     41   23      -1.180E+01    -2.296E+01     8.139E+00     0.000E+00
     41   26      -1.152E+01    -1.922E+01     5.163E+00     0.000E+00
     41   27      -1.063E+01    -1.447E+01     5.481E+00     0.000E+00
     41   29      -1.001E+01    -5.149E+00    -1.794E+00     0.000E+00
     41   30      -1.124E+01    -1.611E+01     3.286E+00     0.000E+00
     41   34      -1.022E+01    -1.041E+01     3.883E+00     0.000E+00
     41   35      -1.079E+01    -1.410E+01     3.283E+00     0.000E+00
     41   38      -1.164E+01    -2.129E+01     2.592E+00     0.000E+00
     42    2      -1.258E+01    -2.030E+01     1.024E+01     0.000E+00
     42    4      -1.203E+01    -2.085E+01     1.129E+01     0.000E+00
     42    6      -1.168E+01    -2.044E+01     9.985E+00     0.000E+00
     42    8      -1.132E+01    -1.976E+01     8.506E+00     0.000E+00
     42   11      -1.254E+01    -1.059E+01     2.717E-01     0.000E+00
     42   13      -1.192E+01    -1.170E+01     1.842E+00     0.000E+00
     42   14      -1.107E+01    -1.871E+01     7.003E+00     0.000E+00
     42   16      -1.175E+01    -1.034E+01     4.098E-01     0.000E+00
     42   19      -1.120E+01    -1.677E+01     4.858E+00     0.000E+00
     42   20      -1.117E+01    -1.166E+01     2.400E+00     0.000E+00
     42   23      -1.160E+01    -6.220E+00    -1.544E+00     0.000E+00
     42   26      -1.112E+01    -5.822E+00    -1.531E+00     0.000E+00
     42   27      -1.059E+01    -1.337E+01     3.944E+00     0.000E+00
     42   29      -1.100E+01    -1.939E+01     6.097E+00     0.000E+00
     42   30      -1.087E+01    -5.444E+00    -1.046E+00     0.000E+00
     42   34      -9.883E+00    -1.880E+01     8.448E+00     0.000E+00
     42   35      -1.041E+01    -8.393E+00     2.552E+00     0.000E+00
     42   38      -9.717E+00    -1.314E+00    -1.187E+00     0.000E+00
     42   41      -1.057E+01    -1.982E+01     3.300E+00     0.000E+00
     43    2      -1.224E+01    -1.659E+01     2.035E+00     0.000E+00
     43    4      -1.187E+01    -1.579E+01     1.787E+00     0.000E+00
     43    6      -1.167E+01    -1.438E+01     1.046E+00     0.000E+00
     43    8      -1.153E+01    -1.257E+01     1.974E-02     0.000E+00
     43   11      -1.182E+01    -1.060E+01    -1.558E+00     0.000E+00
     43   13      -1.145E+01    -9.652E+00    -2.033E+00     0.000E+00
     43   14      -1.147E+01    -1.019E+01    -1.275E+00     0.000E+00
     43   16      -1.118E+01    -8.311E+00    -2.640E+00     0.000E+00
     43   19      -1.149E+01    -7.226E+00    -2.890E+00     0.000E+00
     43   20      -1.096E+01    -6.526E+00    -3.307E+00     0.000E+00
     43   23      -1.150E+01    -6.171E+00    -3.015E+00     0.000E+00
     43   26      -1.101E+01    -4.674E+00    -3.704E+00     0.000E+00
     43   27      -1.069E+01    -4.500E+00    -3.823E+00     0.000E+00
     43   29      -1.170E+01    -4.271E+00    -3.596E+00     0.000E+00
     43   30      -1.060E+01    -3.081E+00    -4.251E+00     0.000E+00
     43   34      -1.031E+01    -1.853E+00    -4.244E+00     0.000E+00
     43   35      -1.009E+01    -1.336E+00    -4.500E+00     0.000E+00
     43   38      -1.057E+01    -1.244E+01     2.092E+00     0.000E+00
     43   41      -1.089E+01    -7.147E+00    -2.716E+00     0.000E+00
     43   42      -1.013E+01    -1.196E+01     3.323E+00     0.000E+00
     45    2      -1.267E+01    -1.740E+01     2.699E+00     0.000E+00
     45    4      -1.232E+01    -1.591E+01     1.641E+00     0.000E+00
     45    6      -1.204E+01    -1.440E+01     6.745E-01     0.000E+00
     45    8      -1.176E+01    -1.274E+01    -2.661E-01     0.000E+00
     45   11      -1.224E+01    -1.382E+01     9.704E-01     0.000E+00
     45   13      -1.189E+01    -1.140E+01    -6.419E-01     0.000E+00
     45   14      -1.151E+01    -1.061E+01    -1.410E+00     0.000E+00
     45   16      -1.158E+01    -9.177E+00    -1.946E+00     0.000E+00
     45   19      -1.120E+01    -8.311E+00    -2.297E+00     0.000E+00
     45   20      -1.118E+01    -7.270E+00    -2.793E+00     0.000E+00
     45   23      -1.184E+01    -1.337E+01     1.156E+00     0.000E+00
     45   26      -1.152E+01    -1.081E+01    -4.111E-01     0.000E+00
     45   27      -1.069E+01    -5.482E+00    -3.166E+00     0.000E+00
     45   29      -1.072E+01    -6.084E+00    -2.333E+00     0.000E+00
     45   30      -1.123E+01    -8.375E+00    -1.569E+00     0.000E+00
     45   34      -1.004E+01    -3.379E+00    -3.187E+00     0.000E+00
     45   35      -1.087E+01    -6.229E+00    -1.926E+00     0.000E+00
     45   38      -1.144E+01    -1.530E+01     1.823E+00     0.000E+00
     45   41      -1.010E+01    -2.770E+00    -2.089E+00     0.000E+00
     45   42      -1.102E+01    -1.431E+01     2.295E+00     0.000E+00
     45   43      -1.044E+01    -4.572E+00    -4.139E-01     0.000E+00
     46    2      -1.219E+01    -2.070E+01     8.611E+00     0.000E+00
     46    4      -1.192E+01    -1.924E+01     7.017E+00     0.000E+00
     46    6      -1.174E+01    -1.797E+01     6.330E+00     0.000E+00
     46    8      -1.182E+01    -1.454E+01     1.885E+00     0.000E+00
     46   11      -1.222E+01    -1.104E+01    -1.546E+00     0.000E+00
     46   13      -1.191E+01    -1.008E+01    -2.218E+00     0.000E+00
     46   14      -1.190E+01    -1.182E+01    -8.138E-01     0.000E+00
     46   16      -1.162E+01    -9.414E+00    -2.241E+00     0.000E+00
     46   19      -1.195E+01    -1.052E+01    -1.317E+00     0.000E+00
     46   20      -1.141E+01    -8.178E+00    -2.765E+00     0.000E+00
     46   23      -1.168E+01    -6.008E+00    -3.489E+00     0.000E+00
     46   26      -1.126E+01    -5.358E+00    -3.664E+00     0.000E+00
     46   27      -1.129E+01    -7.416E+00    -2.341E+00     0.000E+00
     46   29      -1.130E+01    -1.477E+01     3.129E+00     0.000E+00
     46   30      -1.096E+01    -4.563E+00    -3.679E+00     0.000E+00
     46   34      -1.045E+01    -1.151E+01     2.267E+00     0.000E+00
     46   35      -1.079E+01    -3.202E+00    -3.841E+00     0.000E+00
     46   38      -1.043E+01    -8.885E-01    -4.687E+00     0.000E+00
     46   41      -1.089E+01    -1.491E+01     1.255E+00     0.000E+00
     46   42      -9.952E+00     4.431E-01    -4.968E+00     0.000E+00
     46   43      -1.009E+01    -7.029E+00     1.210E+00     0.000E+00
     46   45      -1.054E+01    -1.144E+01     9.525E-01     0.000E+00
     52    2      -1.157E+01    -2.622E+01     1.472E+01     0.000E+00
     52    4      -1.128E+01    -2.470E+01     1.324E+01     0.000E+00
     52    6      -1.125E+01    -2.205E+01     1.067E+01     0.000E+00
     52    8      -1.114E+01    -1.996E+01     9.396E+00     0.000E+00
     52   11      -1.185E+01    -1.517E+01     2.952E+00     0.000E+00
     52   13      -1.161E+01    -1.349E+01     1.477E+00     0.000E+00
     52   14      -1.150E+01    -1.429E+01     2.657E+00     0.000E+00
     52   16      -1.149E+01    -1.133E+01    -2.519E-01     0.000E+00
     52   19      -1.164E+01    -1.058E+01    -4.175E-01     0.000E+00
     52   20      -1.124E+01    -9.966E+00    -3.657E-01     0.000E+00
     52   23      -1.163E+01    -8.379E+00    -1.416E+00     0.000E+00
     52   26      -1.124E+01    -7.531E+00    -1.761E+00     0.000E+00
     52   27      -1.097E+01    -7.796E+00    -1.556E+00     0.000E+00
     52   29      -1.177E+01    -8.714E+00    -6.993E-01     0.000E+00
     52   30      -1.095E+01    -6.315E+00    -2.079E+00     0.000E+00
     52   34      -1.070E+01    -5.953E+00    -1.804E+00     0.000E+00
     52   35      -1.053E+01    -5.092E+00    -2.158E+00     0.000E+00
     52   38      -1.055E+01    -4.545E+00    -2.024E+00     0.000E+00
     52   41      -1.110E+01    -1.127E+01     1.670E+00     0.000E+00
     52   42      -1.015E+01    -3.366E+00    -2.195E+00     0.000E+00
     52   43      -9.909E+00    -3.777E+00    -1.837E+00     0.000E+00
     52   45      -1.073E+01    -7.518E+00     4.448E-01     0.000E+00
     52   46      -9.691E+00    -2.262E+00    -1.903E+00     0.000E+00
