   1   2  0.552E+01
   1   3  0.149E+01
   1   4  0.675E+00
   1   5  0.284E+00
   1   6  0.360E+01
   1   7  0.151E+01
   1   8  0.497E+00
   1   9  0.137E+00
   1  10  0.110E+02
   1  11  0.560E+00
   1  12  0.191E+00
   1  13  0.610E-01
   1  14  0.948E+00
   1  15  0.502E+00
   1  16  0.328E-01
   1  17  0.308E+00
   1  18  0.992E-01
   1  19  0.799E-02
   1  20  0.631E+00
   1  21  0.311E+00
   1  22  0.951E-01
   1  23  0.165E-01
   1  24  0.402E+00
   1  25  0.215E+00
   1  26  0.113E+00
   1  27  0.382E-01
   1  28  0.344E+00
   1  29  0.215E+00
   1  30  0.798E-01
   1  31  0.198E-01
   1  32  0.276E+00
   1  33  0.154E+00
   1  34  0.731E-01
   1  35  0.369E-01
   2   3  0.544E+01
   2   4  0.120E+01
   2   5  0.419E+00
   2   6  0.163E+01
   2   7  0.148E+01
   2   8  0.103E+01
   2   9  0.446E+00
   2  10  0.248E+01
   2  11  0.654E+01
   2  12  0.355E+00
   2  13  0.123E+00
   2  14  0.681E+00
   2  15  0.228E+00
   2  16  0.287E+00
   2  17  0.178E+00
   2  18  0.991E-01
   2  19  0.564E-01
   2  20  0.279E+00
   2  21  0.228E+00
   2  22  0.242E+00
   2  23  0.990E-01
   2  24  0.213E+00
   2  25  0.226E+00
   2  26  0.103E+00
   2  27  0.939E-01
   2  28  0.155E+00
   2  29  0.218E+00
   2  30  0.145E+00
   2  31  0.775E-01
   2  32  0.172E+00
   2  33  0.137E+00
   2  34  0.105E+00
   2  35  0.282E-01
   3   4  0.432E+01
   3   5  0.726E+00
   3   6  0.637E+00
   3   7  0.111E+01
   3   8  0.958E+00
   3   9  0.737E+00
   3  10  0.503E+00
   3  11  0.285E+01
   3  12  0.358E+01
   3  13  0.196E+00
   3  14  0.385E+00
   3  15  0.268E+00
   3  16  0.245E+00
   3  17  0.892E-01
   3  18  0.963E-01
   3  19  0.650E-01
   3  20  0.794E-01
   3  21  0.210E+00
   3  22  0.155E+00
   3  23  0.194E+00
   3  24  0.121E+00
   3  25  0.122E+00
   3  26  0.163E+00
   3  27  0.809E-01
   3  28  0.708E-01
   3  29  0.142E+00
   3  30  0.151E+00
   3  31  0.118E+00
   3  32  0.103E+00
   3  33  0.121E+00
   3  34  0.644E-01
   3  35  0.483E-01
   4   5  0.264E+01
   4   6  0.211E+00
   4   7  0.608E+00
   4   8  0.765E+00
   4   9  0.714E+00
   4  10  0.147E+00
   4  11  0.626E+00
   4  12  0.244E+01
   4  13  0.153E+01
   4  14  0.171E+00
   4  15  0.297E+00
   4  16  0.132E+00
   4  17  0.369E-01
   4  18  0.786E-01
   4  19  0.514E-01
   4  20  0.119E-01
   4  21  0.103E+00
   4  22  0.135E+00
   4  23  0.176E+00
   4  24  0.548E-01
   4  25  0.822E-01
   4  26  0.109E+00
   4  27  0.800E-01
   4  28  0.226E-01
   4  29  0.736E-01
   4  30  0.111E+00
   4  31  0.118E+00
   4  32  0.607E-01
   4  33  0.710E-01
   4  34  0.558E-01
   4  35  0.380E-01
   5   6  0.580E-01
   5   7  0.223E+00
   5   8  0.447E+00
   5   9  0.424E+00
   5  10  0.543E-01
   5  11  0.118E+00
   5  12  0.554E+00
   5  13  0.165E+01
   5  14  0.533E-01
   5  15  0.197E+00
   5  16  0.477E-01
   5  17  0.114E-01
   5  18  0.442E-01
   5  19  0.276E-01
   5  20  0.808E-03
   5  21  0.185E-01
   5  22  0.986E-01
   5  23  0.947E-01
   5  24  0.168E-01
   5  25  0.531E-01
   5  26  0.368E-01
   5  27  0.565E-01
   5  28  0.413E-02
   5  29  0.290E-01
   5  30  0.558E-01
   5  31  0.739E-01
   5  32  0.296E-01
   5  33  0.256E-01
   5  34  0.407E-01
   5  35  0.169E-01
   6   7  0.837E+01
   6   8  0.223E+01
   6   9  0.701E+00
   6  10  0.211E+01
   6  11  0.725E+00
   6  12  0.148E+00
   6  13  0.212E-01
   6  14  0.123E+01
   6  15  0.411E+00
   6  16  0.140E+00
   6  17  0.582E+00
   6  18  0.114E+00
   6  19  0.284E-01
   6  20  0.113E+01
   6  21  0.425E+00
   6  22  0.948E-01
   6  23  0.142E-01
   6  24  0.121E+01
   6  25  0.381E+00
   6  26  0.102E+00
   6  27  0.189E-01
   6  28  0.824E+00
   6  29  0.379E+00
   6  30  0.112E+00
   6  31  0.218E-01
   6  32  0.509E+00
   6  33  0.262E+00
   6  34  0.987E-01
   6  35  0.312E-01
   7   8  0.739E+01
   7   9  0.207E+01
   7  10  0.891E+00
   7  11  0.851E+00
   7  12  0.556E+00
   7  13  0.147E+00
   7  14  0.688E+00
   7  15  0.554E+00
   7  16  0.199E+00
   7  17  0.271E+00
   7  18  0.251E+00
   7  19  0.607E-01
   7  20  0.308E+00
   7  21  0.566E+00
   7  22  0.449E+00
   7  23  0.110E+00
   7  24  0.366E+00
   7  25  0.653E+00
   7  26  0.325E+00
   7  27  0.109E+00
   7  28  0.291E+00
   7  29  0.447E+00
   7  30  0.325E+00
   7  31  0.124E+00
   7  32  0.263E+00
   7  33  0.273E+00
   7  34  0.158E+00
   7  35  0.682E-01
   8   9  0.563E+01
   8  10  0.293E+00
   8  11  0.686E+00
   8  12  0.500E+00
   8  13  0.367E+00
   8  14  0.378E+00
   8  15  0.449E+00
   8  16  0.260E+00
   8  17  0.117E+00
   8  18  0.201E+00
   8  19  0.118E+00
   8  20  0.261E-01
   8  21  0.339E+00
   8  22  0.357E+00
   8  23  0.377E+00
   8  24  0.965E-01
   8  25  0.314E+00
   8  26  0.450E+00
   8  27  0.257E+00
   8  28  0.731E-01
   8  29  0.267E+00
   8  30  0.310E+00
   8  31  0.274E+00
   8  32  0.133E+00
   8  33  0.197E+00
   8  34  0.173E+00
   8  35  0.913E-01
   9  10  0.648E-01
   9  11  0.315E+00
   9  12  0.518E+00
   9  13  0.327E+00
   9  14  0.197E+00
   9  15  0.281E+00
   9  16  0.248E+00
   9  17  0.477E-01
   9  18  0.112E+00
   9  19  0.129E+00
   9  20  0.421E-02
   9  21  0.270E-01
   9  22  0.265E+00
   9  23  0.444E+00
   9  24  0.185E-01
   9  25  0.107E+00
   9  26  0.256E+00
   9  27  0.372E+00
   9  28  0.109E-01
   9  29  0.805E-01
   9  30  0.221E+00
   9  31  0.301E+00
   9  32  0.588E-01
   9  33  0.118E+00
   9  34  0.133E+00
   9  35  0.907E-01
  10  11  0.223E+01
  10  12  0.818E+00
  10  13  0.369E+00
  10  14  0.101E+01
  10  15  0.469E+00
  10  16  0.763E-01
  10  17  0.335E+00
  10  18  0.139E+00
  10  19  0.326E-01
  10  20  0.595E+00
  10  21  0.311E+00
  10  22  0.139E+00
  10  23  0.376E-01
  10  24  0.444E+00
  10  25  0.235E+00
  10  26  0.117E+00
  10  27  0.547E-01
  10  28  0.528E+00
  10  29  0.284E+00
  10  30  0.130E+00
  10  31  0.501E-01
  10  32  0.410E+00
  10  33  0.267E+00
  10  34  0.154E+00
  10  35  0.652E-01
  11  12  0.175E+01
  11  13  0.378E+00
  11  14  0.587E+00
  11  15  0.290E+00
  11  16  0.288E+00
  11  17  0.184E+00
  11  18  0.118E+00
  11  19  0.775E-01
  11  20  0.209E+00
  11  21  0.250E+00
  11  22  0.203E+00
  11  23  0.156E+00
  11  24  0.201E+00
  11  25  0.201E+00
  11  26  0.151E+00
  11  27  0.900E-01
  11  28  0.202E+00
  11  29  0.252E+00
  11  30  0.194E+00
  11  31  0.127E+00
  11  32  0.230E+00
  11  33  0.274E+00
  11  34  0.144E+00
  11  35  0.687E-01
  12  13  0.101E+01
  12  14  0.256E+00
  12  15  0.318E+00
  12  16  0.203E+00
  12  17  0.843E-01
  12  18  0.103E+00
  12  19  0.659E-01
  12  20  0.523E-01
  12  21  0.126E+00
  12  22  0.188E+00
  12  23  0.178E+00
  12  24  0.838E-01
  12  25  0.124E+00
  12  26  0.123E+00
  12  27  0.988E-01
  12  28  0.666E-01
  12  29  0.132E+00
  12  30  0.171E+00
  12  31  0.152E+00
  12  32  0.137E+00
  12  33  0.144E+00
  12  34  0.146E+00
  12  35  0.598E-01
  13  14  0.769E-01
  13  15  0.226E+00
  13  16  0.860E-01
  13  17  0.290E-01
  13  18  0.624E-01
  13  19  0.350E-01
  13  20  0.101E-02
  13  21  0.567E-01
  13  22  0.908E-01
  13  23  0.123E+00
  13  24  0.301E-01
  13  25  0.524E-01
  13  26  0.690E-01
  13  27  0.628E-01
  13  28  0.143E-01
  13  29  0.541E-01
  13  30  0.854E-01
  13  31  0.106E+00
  13  32  0.650E-01
  13  33  0.687E-01
  13  34  0.598E-01
  13  35  0.531E-01
  14  15  0.128E+01
  14  16  0.484E+00
  14  17  0.362E+01
  14  18  0.256E+00
  14  19  0.821E-01
  14  20  0.844E-01
  14  21  0.474E-01
  14  22  0.255E-01
  14  23  0.137E-01
  14  24  0.506E+00
  14  25  0.261E+00
  14  26  0.125E+00
  14  27  0.556E-01
  14  28  0.162E+00
  14  29  0.114E+00
  14  30  0.688E-01
  14  31  0.357E-01
  14  32  0.737E+00
  14  33  0.484E+00
  14  34  0.246E+00
  14  35  0.877E-01
  15  16  0.629E+00 
  15  17  0.256E+00
  15  18  0.225E+01
  15  19  0.139E+00
  15  20  0.184E-01
  15  21  0.374E-01
  15  22  0.346E-01
  15  23  0.240E-01
  15  24  0.122E+00
  15  25  0.230E+00
  15  26  0.183E+00
  15  27  0.104E+00
  15  28  0.745E-01
  15  29  0.602E-01
  15  30  0.620E-01
  15  31  0.616E-01
  15  32  0.381E+00
  15  33  0.291E+00
  15  34  0.254E+00
  15  35  0.158E+00
  16  17  0.819E-01
  16  18  0.139E+00
  16  19  0.110E+01
  16  20  0.547E-02
  16  21  0.972E-02
  16  22  0.175E-01
  16  23  0.237E-01
  16  24  0.354E-01
  16  25  0.640E-01
  16  26  0.105E+00
  16  27  0.112E+00
  16  28  0.160E-01
  16  29  0.406E-01
  16  30  0.414E-01
  16  31  0.318E-01
  16  32  0.960E-01
  16  33  0.200E+00
  16  34  0.153E+00
  16  35  0.751E-01
  17  18  0.249E+01
  17  19  0.205E+00
  17  20  0.416E+00
  17  21  0.202E+00
  17  22  0.998E-01
  17  23  0.453E-01
  17  24  0.778E+00
  17  25  0.556E+00
  17  26  0.407E+00
  17  27  0.271E+00
  17  28  0.435E+00
  17  29  0.299E+00
  17  30  0.177E+00
  17  31  0.853E-01
  17  32  0.774E+00
  17  33  0.595E+00
  17  34  0.409E+00
  17  35  0.148E+00
  18  19  0.205E+01
  18  20  0.661E-01
  18  21  0.174E+00
  18  22  0.167E+00
  18  23  0.106E+00
  18  24  0.411E+00
  18  25  0.469E+00
  18  26  0.317E+00
  18  27  0.156E+00
  18  28  0.183E+00
  18  29  0.164E+00
  18  30  0.169E+00
  18  31  0.170E+00
  18  32  0.503E+00
  18  33  0.402E+00
  18  34  0.291E+00
  18  35  0.154E+00
  19  20  0.147E-01
  19  21  0.355E-01
  19  22  0.791E-01
  19  23  0.124E+00
  19  24  0.232E+00
  19  25  0.150E+00
  19  26  0.144E+00
  19  27  0.137E+00
  19  28  0.309E-01
  19  29  0.102E+00
  19  30  0.112E+00
  19  31  0.921E-01
  19  32  0.173E+00
  19  33  0.213E+00
  19  34  0.162E+00
  19  35  0.856E-01
  20  21  0.689E+01
  20  22  0.366E+00
  20  23  0.402E-01
  20  24  0.147E+01
  20  25  0.460E+00
  20  26  0.851E-01
  20  27  0.944E-02
  20  28  0.246E+01
  20  29  0.837E+00
  20  30  0.271E+00
  20  31  0.270E-01
  20  32  0.369E+00
  20  33  0.362E+00
  20  34  0.780E-01
  20  35  0.117E-01
  21  22  0.119E+02
  21  23  0.466E+00
  21  24  0.584E+00
  21  25  0.747E+00
  21  26  0.411E+00
  21  27  0.915E-01
  21  28  0.836E+00
  21  29  0.185E+01
  21  30  0.123E+01
  21  31  0.304E+00
  21  32  0.334E+00
  21  33  0.484E+00
  21  34  0.260E+00
  21  35  0.709E-01
  22  23  0.123E+02
  22  24  0.174E+00
  22  25  0.542E+00
  22  26  0.507E+00
  22  27  0.338E+00
  22  28  0.230E+00
  22  29  0.119E+01
  22  30  0.156E+01
  22  31  0.106E+01
  22  32  0.174E+00
  22  33  0.418E+00
  22  34  0.318E+00
  22  35  0.181E+00
  23  24  0.326E-01
  23  25  0.203E+00
  23  26  0.475E+00
  23  27  0.551E+00
  23  28  0.384E-01
  23  29  0.406E+00
  23  30  0.122E+01
  23  31  0.183E+01
  23  32  0.658E-01
  23  33  0.251E+00
  23  34  0.354E+00
  23  35  0.242E+00
  24  25  0.627E+01
  24  26  0.258E+00
  24  27  0.510E-01
  24  28  0.126E+01
  24  29  0.605E+00
  24  30  0.189E+00
  24  31  0.381E-01
  24  32  0.156E+01
  24  33  0.934E+00
  24  34  0.278E+00
  24  35  0.528E-01
  25  26  0.789E+01
  25  27  0.287E+00
  25  28  0.394E+00
  25  29  0.779E+00
  25  30  0.537E+00
  25  31  0.208E+00
  25  32  0.894E+00
  25  33  0.100E+01
  25  34  0.602E+00
  25  35  0.245E+00
  26  27  0.593E+01
  26  28  0.106E+00
  26  29  0.456E+00
  26  30  0.536E+00
  26  31  0.458E+00
  26  32  0.420E+00
  26  33  0.754E+00
  26  34  0.659E+00
  26  35  0.380E+00
  27  28  0.201E-01
  27  29  0.139E+00
  27  30  0.360E+00
  27  31  0.517E+00
  27  32  0.126E+00
  27  33  0.442E+00
  27  34  0.551E+00
  27  35  0.365E+00
  28  29  0.614E+01
  28  30  0.258E+00
  28  31  0.347E-01
  28  32  0.164E+01
  28  33  0.629E+00
  28  34  0.178E+00
  28  35  0.414E-01
  29  30  0.106E+02
  29  31  0.307E+00
  29  32  0.779E+00
  29  33  0.121E+01
  29  34  0.428E+00
  29  35  0.142E+00
  30  31  0.869E+01
  30  32  0.341E+00
  30  33  0.767E+00
  30  34  0.788E+00
  30  35  0.280E+00
  31  32  0.132E+00
  31  33  0.388E+00
  31  34  0.606E+00
  31  35  0.535E+00
  32  33  0.386E+01
  32  34  0.378E+00
  32  35  0.155E+00
  33  34  0.463E+01
  33  35  0.218E+00
  34  35  0.312E+01
