!-----------------------------------------------
!--     H2 energy levels in degree K          --
!--   in the order of increasing energy       --
!--                                           --
!-- num  V    J   weight   Evj(K)             --
!-----------------------------------------------
  1      0    0     1        0.000
  2      0    1     9      170.502
  3      0    2     5      509.850
  4      0    3    21     1015.153
  5      0    4     9     1681.678
  6      0    5    33     2503.870
  7      0    6    13     3474.434
  8      0    7    45     4586.377
  9      0    8    17     5829.758
 10      1    0     1     5987.124
 11      1    1     9     6149.208
 12      1    2     5     6471.607
 13      1    3    21     6951.587
 14      0    9    57     7196.995
 15      1    4     9     7584.601
 16      1    5    33     8365.297
 17      0   10    21     8677.322
 18      1    6    13     9286.624
 19      0   11    69    10261.792
 20      1    7    45    10341.518
 21      1    8    17    11521.835
 22      2    0     1    11635.733
 23      2    1     9    11789.515
 24      0   12    25    11940.306
 25      2    2     5    12095.238
 26      2    3    21    12550.500
 27      1    9    57    12817.518
 28      2    4     9    13150.723
 29      0   13    81    13703.177
 30      2    5    33    13890.700
 31      1   10    21    14221.112
 32      2    6    13    14764.143
 33      0   14    29    15540.247
 34      1   11    69    15722.289
 35      2    7    45    15763.382
 36      2    8    17    16880.549
 37      3    0     1    16952.836
 38      3    1     9    17098.373
 39      1   12    25    17311.221
 40      3    2     5    17387.795
 41      0   15    93    17443.910
 42      3    3    21    17818.695
 43      2    9    57    18107.412
 44      3    4     9    18386.518
 45      1   13    81    18979.717
 46      3    5    33    19086.494
 47      0   16    33    19403.453
 48      2   10    21    19434.906
 49      3    6    13    19912.254
 50      1   14    29    20717.855
 51      2   11    69    20853.826
 52      3    7    45    20856.531
 53      0   17   105    21411.676
 54      3    8    17    21911.713
 55      4    0     1    21942.777
 56      4    1     9    22080.041
 57      4    2     5    22353.262
 58      2   12    25    22355.348
 59      1   15    93    22517.115
 60      4    3    21    22759.832
 61      3    9    57    23069.986
 62      4    4     9    23295.639
 63      0   18    37    23459.896
 64      2   13    81    23930.797
 65      4    5    33    23955.805
 66      3   10    21    24322.619
 67      1   16    33    24368.402
 68      4    6    13    24734.037
 69      0   19   117    25539.627
 70      2   14    29    25570.533
 71      4    7    45    25623.813
 72      3   11    69    25659.885
 73      1   17   105    26263.691
 74      5    0     1    26606.766
 75      4    8    17    26617.039
 76      5    1     9    26735.959
 77      5    2     5    26992.889
 78      3   12    25    27074.184
 79      2   15    93    27266.252
 80      5    3    21    27375.230
 81      0   20    41    27644.508
 82      4    9    57    27706.766
 83      5    4     9    27878.793
 84      1   18    37    28194.861
 85      5    5    33    28498.986
 86      3   13    81    28556.613
 87      4   10    21    28883.758
 88      2   16    33    29009.398
 89      5    6    13    29229.539
 90      0   21   129    29766.611
 91      5    7    45    30064.307
 92      3   14    29    30097.846
 93      4   11    69    30139.904
 94      1   19   117    30154.623
 95      2   17   105    30792.355
 96      6    0     1    30943.201
 97      5    8    17    30995.520
 98      6    1     9    31064.123
 99      6    2     5    31304.639
100      4   12    25    31466.506
101      6    3    21    31662.332
102      3   15    93    31690.260
103      0   22    45    31900.314
104      5    9    57    32015.752
105      6    4     9    32133.217
106      1   20    41    32134.541
107      2   18    37    32606.393
108      6    5    33    32712.721
109      4   13    81    32855.164
110      5   10    21    33116.461
111      3   16    33    33324.887
112      6    6    13    33394.957
113      0   23   141    34037.586
114      1   21   129    34129.527
115      6    7    45    34173.625
116      5   11    69    34289.781
117      4   14    29    34296.805
118      2   19   117    34445.047
119      7    0     1    34946.219
120      3   17   105    34994.133
121      6    8    17    35041.168
122      7    1     9    35058.781
123      7    2     5    35282.359
124      5   12    25    35527.305
125      7    3    21    35614.730
126      4   15    93    35784.195
127      6    9    57    35990.469
128      7    4     9    36051.891
129      1   22    45    36131.387
130      0   24    49    36174.594
131      2   20    41    36299.789
132      7    5    33    36589.641
133      3   18    37    36689.840
134      5   13    81    36820.027
135      6   10    21    37013.016
136      7    6    13    37221.918
137      4   16    33    37308.078
138      7    7    45    37942.629
139      6   11    69    38101.133
140      1   23   141    38134.469
141      5   14    29    38159.793
142      2   21   129    38164.746
143      0   25   153    38304.844
144      3   19   117    38405.027
145      8    0     1    38605.531
146      8    1     9    38709.152
147      7    8    17    38744.379
148      4   17   105    38861.109
149      8    2     5    38915.137
150      8    3    21    39221.090
151      6   12    25    39246.109
152      5   15    93    39538.586
153      7    9    57    39619.730
154      8    4     9    39623.188
155      2   22    45    40032.648
156      8    5    33    40117.109
157      3   20    41    40131.270
158      1   24    49    40133.152
159      0   26    53    40421.898
160      4   18    37    40434.516
161      6   13    81    40439.551
162      7   10    21    40560.828
163      8    6    13    40696.930
164      5   16    33    40947.719
165      8    7    45    41356.547
166      7   11    69    41559.379
167      6   14    29    41672.746
168      3   21   129    41862.758
169      2   23   141    41897.305
170      9    0     1    41904.672
171      9    1     9    41998.988
172      4   19   117    42021.488
173      8    8    17    42088.828
174      1   25   153    42120.223
175      9    2     5    42186.219
176      5   17   105    42379.039
177      9    3    21    42464.160
178      0   27   165    42523.281
179      7   12    25    42607.152
180      9    4     9    42828.875
181      8    9    57    42885.941
182      6   15    93    42937.391
183      9    5    33    43276.066
184      3   22    45    43591.270
185      4   20    41    43613.586
186      7   13    81    43694.766
187      8   10    21    43740.203
188      2   24    49    43752.191
189      9    6    13    43799.785
190      5   18    37    43823.902
191      1   26    53    44091.063
192      6   16    33    44224.586
193      9    7    45    44393.922
194      0   28    57    44602.438
195      8   11    69    44642.695
196      7   14    29    44814.273
197     10    0     1    44820.293
198     10    1     9    44904.406
199      9    8    17    45050.965
200     10    2     5    45071.078
201      4   21   129    45203.754
202      5   19   117    45274.934
203      3   23   141    45310.113
204     10    3    21    45318.832
205      6   17   105    45526.270
206      8   12    25    45585.129
207      2   25   153    45590.184
208     10    4     9    45642.844
209      9    9    57    45763.332
210      7   15    93    45955.801
211     10    5    33    46039.023
212      1   27   165    46039.270
213     10    6    13    46501.262
214      9   10    21    46522.500
215      8   13    81    46558.371
216      0   29   177    46651.246
217      5   20    41    46722.871
218      4   22    45    46783.262
219      6   18    37    46832.426
220      3   24    49    47011.863
221     10    7    45    47023.129
222      7   16    33    47110.781
223     11    0     1    47319.051
224      9   11    69    47319.797
225     11    1     9    47391.961
226      2   26    53    47405.453
227     11    2     5    47536.273
228      8   14    29    47552.188
229     10    8    17    47597.180
230     11    3    21    47749.867
231      1   28    57    47952.945
232     11    4     9    48028.355
233      6   19   117    48134.426
234      9   12    25    48145.086
235      5   21   129    48159.504
236     10    9    57    48214.391
237      7   17   105    48268.770
238      4   23   141    48345.066
239     11    5    33    48367.199
240      8   15    93    48556.676
241      3   25   153    48690.359
242     11    6    13    48759.910
243     10   10    21    48866.586
244      9   13    81    48988.832
245      2   27   165    49192.242
246     11    7    45    49199.504
247     12    0     1    49355.098
248     12    1     9    49415.141
249      7   18    37    49419.375
250      6   20    41    49421.691
251     12    2     5    49533.586
252     10   11    69    49542.867
253      8   16    33    49561.629
254      5   22    45    49574.621
255     11    8    17    49677.516
256     12    3    21    49707.934
257      9   14    29    49839.281
258      1   29   177    49846.375
259      4   24    49    49879.855
260     12    4     9    49933.695
261     11    9    57    50184.500
262     12    5    33    50205.566
263     10   12    25    50232.484
264      3   26    53    50335.230
265     12    6    13    50516.559
266      7   19   117    50550.988
267      8   17   105    50554.293
268      9   15    93    50684.164
269      6   21   129    50684.266
270     11   10    21    50709.660
271     12    7    45    50857.828
272     13    0     1    50864.664
273     13    1     9    50909.195
274     10   13    81    50922.578
275      2   28    57    50937.527
276      5   23   141    50958.477
277     13    2     5    50996.547
278     13    3    21    51123.570
279     12    8    17    51219.555
280     11   11    69    51239.895
281     13    4     9    51284.961
282      4   25   153    51377.781
283     13    5    33    51474.129
284      9   16    33    51508.043
285      8   18    37    51519.969
286     12    9    57    51588.758
287     10   14    29    51597.535
288      7   20    41    51649.160
289     13    6    13    51681.449
290     11   12    25    51759.258
291     14    0     1    51759.645
292     14    1     9    51784.309
293     14    2     5    51831.215
294     13    7    45    51894.137
295     14    3    21    51895.676
296      6   22    45    51906.203
297      3   27   165    51939.012
298     12   10    21    51948.453
299     14    4     9    51967.906
300     10   15    93    52236.188
301      9   17   105    52291.715
302      5   24    49    52296.707
303      8   19   117    52439.984
304      2   29   177    52644.313
305      7   21   129    52696.355
306      4   26    53    52824.656
307      9   18    37    53002.297
308      6   23   141    53072.582
309      8   20    41    53282.969
310      3   28    57    53491.012
311      5   25   153    53575.293
312      7   22    45    53662.430
313      6   24    49    54154.066
314      4   27   165    54207.992
315      5   26    53    54764.906
316      3   29   177    54972.961
317      4   28    57    55490.238
318      4   29   177    56641.590
